================================================================================
 데이터 분할 현황
================================================================================
   Client  Num Samples  Class 0  Class 1  Class 2  Class 3  Class 4  Class 5  Class 6  Class 7  Class 8  Class 9
0       0         3646       38      954      675      142      340      355      264      416       43      419
1       1         3328      446       30      222      898      309      490       35      511      347       40
2       2         5833     1242       32      481      543      649      199       56      188     2324      119
3       3         6525      166     1805       31       57      494     1048      622     1562       89      651
4       4         8192      755      377      773      195     2162      885     2437      277      274       57
5       5         3207      107      237      894      186       42      327      340      379      356      339
6       6         9228       83      224     1242     1751       43      188      987     1405     1129     2176
7       7         2009       30      259      248      137       73      513       30      165      332      222
8       8         5471     1959      884      397      523      130      814      128       30       67      539
9       9         2561      174      198       37      568      758      181      101       67       39      438

================================================================================
 라운드별 글로벌 모델 정확도
================================================================================
Round	Accuracy
1	0.1131
2	0.3766
3	0.5555
4	0.6333
5	0.6774
6	0.6831
7	0.7175
8	0.7283
9	0.7418
10	0.7547
11	0.7552
12	0.7557
13	0.7595
14	0.7633
15	0.7674
16	0.7636
17	0.7603
18	0.7672
19	0.7748
20	0.7656
21	0.7714
22	0.7729
23	0.7685
24	0.7668
25	0.7688
26	0.7652
27	0.7696
28	0.7682
29	0.7647
30	0.7649


================================================================================
 라운드별 오염된 클래스([np.int64(0), np.int64(2), np.int64(3), np.int64(4), np.int64(6), np.int64(7), np.int64(8), np.int64(9)])에 대한 글로벌 모델 정확도
================================================================================
Round	Poisoned_Class_Accuracy
1	0.141125
2	0.34875
3	0.505
4	0.589875
5	0.640625
6	0.64225
7	0.67875
8	0.691875
9	0.716625
10	0.735125
11	0.729
12	0.725625
13	0.7375
14	0.739375
15	0.7495
16	0.732125
17	0.725
18	0.735625
19	0.750625
20	0.7375
21	0.750875
22	0.7485
23	0.74425
24	0.740875
25	0.745875
26	0.739875
27	0.7535
28	0.744125
29	0.74225
30	0.74275


================================================================================
 라운드별 모델 합성 가중치
================================================================================
          client_0_weight  client_1_weight  client_2_weight  client_3_weight  client_4_weight  client_5_weight  client_6_weight  client_7_weight  client_8_weight  client_9_weight
Round 1          0.110857         0.094101         0.094777         0.129058         0.109482         0.093267         0.127645         0.074684         0.098588         0.067541
Round 2          0.102057         0.090789         0.083075         0.116697         0.118308         0.114301         0.120546         0.086941         0.087171         0.080115
Round 3          0.117223         0.097456         0.072944         0.106261         0.126699         0.119516         0.106605         0.083339         0.092049         0.077907
Round 4          0.108591         0.101274         0.097844         0.121551         0.103316         0.115527         0.103058         0.096057         0.089988         0.062796
Round 5          0.109177         0.107837         0.079859         0.118891         0.110265         0.109147         0.110109         0.086389         0.091700         0.076627
Round 6          0.113314         0.098109         0.106441         0.095265         0.109908         0.110109         0.101970         0.097123         0.086224         0.081539
Round 7          0.091924         0.106471         0.108407         0.111486         0.109778         0.106109         0.100602         0.089662         0.083632         0.091928
Round 8          0.103013         0.113510         0.099144         0.107891         0.101050         0.116844         0.108108         0.093451         0.073337         0.083651
Round 9          0.110422         0.100395         0.105415         0.112907         0.107459         0.111999         0.094509         0.094857         0.084242         0.077795
Round 10         0.111296         0.091218         0.110454         0.112838         0.106289         0.105962         0.101562         0.090976         0.086888         0.082517
Round 11         0.107500         0.106840         0.107919         0.109248         0.114144         0.111252         0.098482         0.089363         0.083120         0.072130
Round 12         0.110753         0.107100         0.106633         0.115434         0.099464         0.113599         0.101278         0.081374         0.085271         0.079094
Round 13         0.118937         0.100478         0.100622         0.105541         0.109558         0.106229         0.096239         0.084935         0.085292         0.092170
Round 14         0.112264         0.105083         0.102480         0.111527         0.102439         0.117512         0.109193         0.087064         0.075403         0.077036
Round 15         0.119139         0.100884         0.106194         0.109820         0.112320         0.116538         0.093302         0.082673         0.079416         0.079713
Round 16         0.119285         0.108705         0.104427         0.107366         0.107672         0.115786         0.097813         0.083109         0.081363         0.074475
Round 17         0.119268         0.108609         0.096594         0.112618         0.105312         0.109773         0.102062         0.087161         0.076982         0.081622
Round 18         0.117533         0.105907         0.106118         0.114371         0.098744         0.111228         0.101881         0.084526         0.080203         0.079488
Round 19         0.120790         0.098031         0.103667         0.106805         0.105617         0.120036         0.097341         0.084841         0.080633         0.082238
Round 20         0.120046         0.112419         0.096584         0.116449         0.103941         0.113074         0.096968         0.084569         0.075885         0.080066
Round 21         0.116307         0.104234         0.109053         0.109561         0.104607         0.115923         0.102248         0.082058         0.075984         0.080023
Round 22         0.117586         0.103896         0.105034         0.113077         0.099779         0.118000         0.096583         0.087682         0.076260         0.082104
Round 23         0.118758         0.110322         0.098001         0.107344         0.108630         0.117793         0.099723         0.087392         0.077303         0.074734
Round 24         0.121629         0.114882         0.101659         0.113777         0.108684         0.117792         0.092737         0.082812         0.067567         0.078460
Round 25         0.116331         0.115141         0.097816         0.109770         0.105208         0.118228         0.105894         0.082165         0.071018         0.078431
Round 26         0.114555         0.112664         0.107354         0.110679         0.105324         0.109465         0.103138         0.080578         0.074354         0.081887
Round 27         0.115822         0.105142         0.104343         0.110720         0.109152         0.115384         0.100567         0.085559         0.076400         0.076911
Round 28         0.119420         0.112657         0.111640         0.113167         0.107046         0.095478         0.103954         0.083558         0.077543         0.075535
Round 29         0.116001         0.113629         0.099399         0.112310         0.111414         0.114402         0.106410         0.082360         0.075602         0.068473
Round 30         0.115126         0.104752         0.106366         0.110344         0.110604         0.113579         0.104111         0.082199         0.075742         0.077179

================================================================================
 라운드별 시간 측정 결과 (초)
================================================================================
          cli 0 train  cli 1 train  cli 2 train  cli 3 train  cli 4 train  cli 5 train  cli 6 train  cli 7 train  cli 8 train  cli 9 train  agg time  cli eval time  global eval time  total time
Round 1      5.485026     8.275658     8.782290    13.157105    18.323061     4.686802    21.732763     3.680937    13.451679     7.343468  0.416179      41.145685          2.664222   48.456025
Round 2      9.436317     8.798824    14.920456    15.703120    19.973604     7.716233    11.503454     5.700834    13.608500     6.234168  0.360426      42.638948          2.652579   48.493673
Round 3      9.919274     9.095868    14.349480    17.006320    16.338149     8.119773    22.844678     5.609022    13.856371     6.392670  0.364392      39.305546          4.630180   48.250896
Round 4      9.935284     9.054475    14.668941    16.470349    14.800708     8.976452    23.577679     5.934225     8.906325     6.314395  0.370066      38.060938          4.299484   46.927122
Round 5      9.699698     5.712487    12.217794    16.052844    19.590628     8.633697    20.571242     4.822964     8.325511     5.041066  0.351192      39.768888          4.617941   48.654835
Round 6      9.472722     6.847447     9.650214    16.007794    18.565714     8.637607    17.984041     5.662932    13.673416     6.732597  0.353713      41.936002          3.067679   49.407679
Round 7      7.338668     4.997275    15.496612    16.749900    21.294038     8.772012    23.101119     4.258621    11.065020     7.222033  0.377243      42.342402          4.280334   50.094194
Round 8      5.766121     7.228771    15.510341    17.090819    21.275055     5.246714    20.387689     6.058987    14.473171     6.521423  0.339111      39.638311          4.665194   48.875116
Round 9      9.898683     6.665987    15.595197    13.416332    13.944744     5.584109    24.128851     4.100691    11.914368     7.630486  0.353705      39.663564          4.584474   48.588367
Round 10     9.875573     8.817809    12.309626    14.153590    14.312087     8.480158    22.467817     4.904555     9.834866     6.024191  0.381181      36.286076          4.417739   45.373999
Round 11     9.620048     5.448933    15.482109    16.085308    21.526680     5.670639    16.162081     5.641383    14.928834     4.512591  0.353948      42.001173          2.967823   49.692958
Round 12     9.982015     8.143231    15.756181    16.779888    13.267308     9.110783    24.323473     5.376791    11.601782     6.853504  0.351620      43.991212          3.021638   50.210653
Round 13     9.661015     9.002420    15.715419    15.758458    21.043105     7.139045    24.059416     5.127066    15.164638     5.226828  0.370152      40.516898          4.296242   49.617847
Round 14     9.637802     8.470847    16.312563    10.960583    22.067634     8.344852    17.419491     5.762836    14.068199     7.094648  0.351719      40.026019          4.496156   48.997202
Round 15     9.951533     6.422296    12.484911    15.735729    21.214393     5.316132    18.782822     6.141060    11.978685     6.987042  0.347606      40.608518          4.964800   50.020625
Round 16     6.899492     7.638184    15.357100    14.354558    14.859315     9.104825    23.701698     3.459781    13.448930     7.421875  0.371723      41.474507          4.263978   50.140517
Round 17     9.730437     5.581821    15.620566    17.171305    13.217323     9.389667    24.098929     5.765626    13.081491     7.300179  0.353282      24.097013          2.355352   29.386894
Round 18     5.222320     3.563905     8.670862     9.512283    10.201240     4.105303    10.395334     3.110543     7.041318     3.352139  0.334266      23.959400          2.337967   29.423455
Round 19     4.748564     4.526545     7.522393     8.305420    11.813728     2.487543    12.707138     3.046995     7.489085     3.396693  0.338515      23.961303          2.361311   29.453909
Round 20     4.840266     4.696059     7.804583     9.125974    11.033676     4.521228    12.714384     2.620307     7.232701     3.014051  0.341369      24.055936          2.427174   29.362921
Round 21     4.391539     4.221349     8.859242     8.555831    10.452291     3.929727    10.626126     2.651608     7.594293     3.141140  0.352107      23.828001          2.346815   29.047654
Round 22     4.718357     4.512781     7.669754     8.795474     9.459184     4.132729    12.038169     2.801071     6.999604     3.141853  0.338166      23.923810          2.390837   29.175400
Round 23     4.778893     4.570281     5.275404     8.614718    10.879546     3.936044    13.632815     2.659883     6.473782     3.806338  0.337980      24.021598          2.385246   29.508605
Round 24     5.422902     4.509917     8.052450     8.926794    11.184580     4.424746    11.831016     2.553570     7.500520     3.389060  0.372959      24.017967          2.440704   29.664295
Round 25     5.427623     4.244072     8.137442     8.911814    10.451837     4.727031    13.114333     2.736670     7.121803     3.308112  0.337756      24.108915          2.381317   29.584259
Round 26     4.139473     4.760445     7.938722     9.402850    10.620865     4.425447    12.292636     2.472942     7.645552     3.782891  0.336141      23.882022          2.375595   29.116791
Round 27     4.978105     4.468457     8.011581     7.909854     9.765290     4.697334    12.227115     2.431675     7.396522     3.516754  0.339593      23.710036          2.459499   29.147671
Round 28     4.412601     4.628720     7.363392     8.125678    10.496356     4.782264    12.528476     2.608100     6.632124     3.569303  0.341369      24.094194          2.416444   29.413824
Round 29     4.851924     4.616234     7.689777     8.594551    10.614663     4.473849    12.246109     3.100602     6.819647     3.379425  0.337576      23.748256          2.364714   29.217594
Round 30     4.684607     4.463572     8.066060     7.474123     8.687109     4.494108    11.783504     2.353203     7.195146     3.695699  0.342492      23.879104          2.337890   29.066913

총 시뮬레이션 시간: 1192.37초

================================================================================
 시뮬레이션 파라미터
================================================================================
NUM_CLIENTS: 10
NUM_ROUNDS: 30
LOCAL_EPOCHS: 2
DIRICHLET_ALPHA: 0.5
MIN_SAMPLES_PER_CLASS: 30
RANDOM_SEED: 42
NUM_COMMITTEE_MEMBERS: 3
EWMA_BETA: 0.9
NUM_NOISE_ATTACKERS: 0
NUM_DATAF_ATTACKERS: 3
DATAF_POISON_LEVEL: 3
COMMITTEE_EVAL_SKIPPED: False
