================================================================================
 데이터 분할 현황
================================================================================
   Client  Num Samples  Class 0  Class 1  Class 2  Class 3  Class 4  Class 5  Class 6  Class 7  Class 8  Class 9
0       0         3847      107      886      649      195      364      377      299      428      111      431
1       1         3575      454      100      263      839      337      491      104      509      370      108
2       2         5709     1131      102      484      537      627      244      122      235     2051      176
3       3         6301      216     1611      101      123      495      967      604     1405      150      629
4       4         7718      717      395      732      240     1916      828     2149      310      308      123
5       5         3473      165      276      835      233      110      353      364      397      378      362
6       6         8597      145      265     1131     1565      111      234      914     1270     1035     1927
7       7         2454      100      295      286      191      136      511      100      215      357      263
8       8         5403     1743      827      413      519      185      767      183      100      132      534
9       9         2923      222      243      106      558      719      228      161      131      108      447

================================================================================
 라운드별 글로벌 모델 정확도
================================================================================
       Overall_Accuracy  Poisoned_Acc([1,5,8])
Round                                         
1                0.1537                 0.0000
2                0.3524                 0.0617
3                0.5187                 0.1873
4                0.6191                 0.4630
5                0.6436                 0.4667
6                0.6923                 0.6023
7                0.7096                 0.5910
8                0.7174                 0.6203
9                0.7139                 0.6487
10               0.7411                 0.6660
11               0.7467                 0.6913
12               0.7353                 0.6540
13               0.7428                 0.6680
14               0.7394                 0.6417
15               0.7523                 0.6710
16               0.7544                 0.6877
17               0.7475                 0.6720
18               0.7524                 0.6780
19               0.7481                 0.6707
20               0.7558                 0.7070
21               0.7489                 0.6650
22               0.7505                 0.6693
23               0.7544                 0.6833
24               0.7545                 0.6767
25               0.7557                 0.6893
26               0.7372                 0.6123
27               0.7523                 0.6710
28               0.7431                 0.6493
29               0.7466                 0.6557
30               0.7464                 0.6573
31               0.7540                 0.6860
32               0.7513                 0.6613
33               0.7436                 0.6437
34               0.7479                 0.6600
35               0.7404                 0.6387
36               0.7330                 0.6177
37               0.7597                 0.7143
38               0.7385                 0.6347
39               0.7413                 0.6567
40               0.7467                 0.6570
41               0.7420                 0.6490
42               0.7328                 0.6210
43               0.7414                 0.6517
44               0.7413                 0.6527
45               0.7409                 0.6437
46               0.7239                 0.5893
47               0.7519                 0.6823
48               0.7179                 0.5643
49               0.7605                 0.7033
50               0.7245                 0.5833

================================================================================
 라운드별 모델 합성 가중치
================================================================================
          client_0_weight  client_1_weight  client_2_weight  client_3_weight  client_4_weight  client_5_weight  client_6_weight  client_7_weight  client_8_weight  client_9_weight
Round 1          0.095418         0.101755         0.111471         0.146133         0.140411         0.120634         0.085287         0.047826         0.083325         0.067739
Round 2          0.111099         0.114242         0.110482         0.134500         0.149187         0.104411         0.092612         0.035783         0.077852         0.069831
Round 3          0.125296         0.121656         0.100035         0.128881         0.141955         0.108461         0.090589         0.038932         0.079238         0.064959
Round 4          0.123526         0.118100         0.114345         0.126194         0.136031         0.095305         0.089874         0.050675         0.079152         0.066799
Round 5          0.123400         0.119241         0.108902         0.124585         0.128420         0.110203         0.085759         0.059003         0.075039         0.065447
Round 6          0.126371         0.125266         0.104670         0.119031         0.129440         0.114617         0.082252         0.058597         0.071039         0.068716
Round 7          0.130874         0.124394         0.111939         0.110053         0.123189         0.120535         0.075026         0.062363         0.068825         0.072801
Round 8          0.127328         0.122883         0.116681         0.115595         0.119036         0.121289         0.075387         0.060874         0.068103         0.072823
Round 9          0.129373         0.123671         0.114290         0.117316         0.117891         0.124185         0.072634         0.062974         0.070245         0.067421
Round 10         0.130424         0.121476         0.117754         0.118221         0.116587         0.122334         0.072597         0.062475         0.070860         0.067271
Round 11         0.125346         0.122950         0.120969         0.121269         0.115592         0.123852         0.070325         0.062062         0.068558         0.069078
Round 12         0.126145         0.125366         0.119630         0.122460         0.115321         0.124442         0.069076         0.060981         0.067866         0.068713
Round 13         0.125859         0.124780         0.118235         0.119153         0.116793         0.128148         0.067532         0.062906         0.066828         0.069767
Round 14         0.124422         0.122814         0.115758         0.120044         0.115353         0.131229         0.069497         0.061955         0.066664         0.072265
Round 15         0.128527         0.128764         0.111358         0.119081         0.114622         0.133223         0.069508         0.061130         0.065022         0.068766
Round 16         0.131695         0.128644         0.111967         0.120266         0.113497         0.133930         0.070170         0.060728         0.061662         0.067441
Round 17         0.132973         0.127345         0.114613         0.121878         0.109043         0.134480         0.069731         0.059340         0.063763         0.066834
Round 18         0.132841         0.128917         0.113052         0.122244         0.111863         0.132098         0.069633         0.059762         0.062535         0.067055
Round 19         0.133060         0.130910         0.113847         0.122120         0.113208         0.132100         0.068020         0.059441         0.061726         0.065570
Round 20         0.133676         0.124881         0.117329         0.123393         0.114498         0.133831         0.068333         0.060388         0.059978         0.063692
Round 21         0.132036         0.129239         0.120615         0.123552         0.117801         0.132869         0.067053         0.053686         0.058859         0.064289
Round 22         0.132477         0.130030         0.117566         0.123800         0.118133         0.132312         0.066192         0.056449         0.057336         0.065705
Round 23         0.132379         0.131804         0.120436         0.122549         0.120801         0.131063         0.062880         0.056419         0.057720         0.063948
Round 24         0.130972         0.132951         0.120857         0.121291         0.117359         0.131990         0.064694         0.057778         0.058330         0.063779
Round 25         0.131080         0.133485         0.121603         0.121820         0.113389         0.132045         0.065163         0.059579         0.057766         0.064070
Round 26         0.131153         0.134056         0.120807         0.122400         0.106232         0.132998         0.064347         0.060148         0.059680         0.068178
Round 27         0.131306         0.133080         0.121515         0.121069         0.111868         0.132292         0.061190         0.058654         0.059223         0.069802
Round 28         0.132389         0.133979         0.109810         0.123084         0.115681         0.133043         0.060665         0.060854         0.058983         0.071512
Round 29         0.133073         0.133158         0.115642         0.116756         0.119723         0.132783         0.059258         0.061724         0.058695         0.069189
Round 30         0.132981         0.132344         0.117807         0.118847         0.120474         0.131673         0.058145         0.059905         0.057186         0.070637
Round 31         0.131357         0.132702         0.118611         0.120552         0.117122         0.131949         0.058058         0.060247         0.057347         0.072054
Round 32         0.130558         0.132031         0.120505         0.117526         0.119077         0.128780         0.059844         0.061234         0.058912         0.071533
Round 33         0.129320         0.131397         0.121910         0.118711         0.120699         0.128881         0.058559         0.061414         0.058471         0.070639
Round 34         0.128403         0.130168         0.122020         0.118272         0.120461         0.127565         0.060313         0.061845         0.060453         0.070499
Round 35         0.127604         0.128554         0.121903         0.118568         0.120246         0.126698         0.061915         0.062904         0.060477         0.071131
Round 36         0.127202         0.127790         0.121437         0.119591         0.121572         0.126470         0.063291         0.061787         0.058997         0.071864
Round 37         0.128252         0.129292         0.122110         0.120957         0.122280         0.127819         0.061629         0.062812         0.059319         0.065530
Round 38         0.128382         0.129843         0.122828         0.121571         0.121964         0.128232         0.059549         0.063045         0.056831         0.067754
Round 39         0.125908         0.129907         0.122361         0.121796         0.119789         0.128802         0.058276         0.063789         0.059483         0.069887
Round 40         0.126034         0.129157         0.122264         0.121838         0.112979         0.129154         0.061018         0.064233         0.062322         0.071000
Round 41         0.125565         0.128462         0.121351         0.120372         0.115121         0.128037         0.061931         0.063786         0.063567         0.071809
Round 42         0.122141         0.129411         0.123011         0.120325         0.118522         0.128823         0.059360         0.063170         0.064049         0.071188
Round 43         0.123966         0.129204         0.121118         0.121027         0.119791         0.128604         0.057421         0.062436         0.063960         0.072472
Round 44         0.124079         0.129457         0.121534         0.121187         0.121161         0.128681         0.060588         0.062300         0.057953         0.073059
Round 45         0.124303         0.128379         0.121380         0.121087         0.121194         0.127419         0.060857         0.062754         0.060739         0.071887
Round 46         0.126216         0.129463         0.123171         0.122204         0.122480         0.128423         0.060440         0.059945         0.055040         0.072618
Round 47         0.125808         0.128190         0.120763         0.121251         0.121849         0.127071         0.062166         0.061089         0.058896         0.072917
Round 48         0.125695         0.129494         0.120736         0.121851         0.121321         0.128455         0.059342         0.061613         0.060656         0.070838
Round 49         0.125237         0.128108         0.120069         0.121408         0.120342         0.126261         0.061765         0.062615         0.062488         0.071706
Round 50         0.125792         0.128548         0.115600         0.121571         0.120824         0.126772         0.063327         0.062810         0.062834         0.071923

================================================================================
 라운드별 시간 측정 결과 (초)
================================================================================
          cli 0 train  cli 1 train  cli 2 train  cli 3 train  cli 4 train  cli 5 train  cli 6 train  cli 7 train  cli 8 train  cli 9 train  agg time  cli eval time  global eval time  total time
Round 1      7.133230     8.703440    13.456321    14.159209    17.319071     8.310966    19.785355     6.157393    12.707485     3.993237  0.432678      37.680882          4.078002   44.848479
Round 2      9.349724     8.782279    14.142171    10.794670    18.755032     7.974715    19.280281     4.826579     8.592481     4.816751  0.360117      37.384742          4.315481   44.767739
Round 3      9.229944     8.807661    10.743010    13.580461    13.438325     8.663189    18.994622     6.020360    13.133717     7.222420  0.359475      37.393326          4.189040   44.677879
Round 4      6.044299     6.804362     8.677674    13.520660    17.302402     9.258017    16.102155     4.509970    12.673107     7.528551  0.376831      38.445104          4.355806   45.700598
Round 5      9.195723     8.334059    14.074076    13.480225    14.056729     8.930298    20.856823     6.549009    13.345311     4.611397  0.358056      38.897365          2.618806   44.358181
Round 6      9.822631     9.246644    14.468120    13.923955    19.151290     8.918758    20.696095     6.258895    11.311501     7.315804  0.364620      40.802684          3.506889   46.995381
Round 7      9.643539     7.094883    14.531417    15.756573    19.061204     6.478459    19.510864     5.896363    13.420268     7.327673  0.374147      37.987053          4.200410   45.188270
Round 8      8.641652     8.568255    14.122262    14.968398    14.231221     9.298326    15.415232     6.288144    10.940044     7.650165  0.363522      39.872528          4.000247   46.960095
Round 9     10.125849     6.599152    13.770254    15.518410    13.658025     9.214467    16.342744     6.539814    13.332200     7.176452  0.365917      38.690932          4.454889   46.159511
Round 10     9.204687     9.237967     9.595996    11.835454    16.934772     8.872429    20.356664     5.887691    13.586634     8.084901  0.359156      40.348090          4.021436   47.324185
Round 11     9.480503     6.879168    12.369945    15.396563    14.768626     6.841464    21.202800     6.507669    13.384456     7.549536  0.351093      39.482257          4.179867   46.761050
Round 12     9.345641     9.171286    13.946282    15.716742    13.005001     6.749642    18.036819     6.252351     8.229317     6.833283  0.381002      40.769313          2.829620   46.862480
Round 13     9.670655     8.434225    13.383333     9.423552    19.544932     8.849960    21.011991     5.903162    13.393838     8.099592  0.353271      41.788897          2.609373   47.030579
Round 14     9.370031     9.218469    13.348480    15.725144    19.138557     8.760308    21.400226     4.824938    12.849284     7.104037  0.363655      39.589253          4.115886   46.528933
Round 15     6.026762     9.686983    14.089159    10.707175    16.642152     6.806914    21.066612     6.883512    13.533299     7.147310  0.355304      37.620211          4.118129   44.633257
Round 16     8.031346     6.597022    14.657729     9.535578    19.390902     8.204583    18.294736     4.047776    12.380787     7.533788  0.359485      38.993426          4.064857   46.163791
Round 17     9.909983     9.090424    13.568238    12.057305    13.896304     7.452571    16.885530     6.294031    10.535580     7.423616  0.398518      38.244025          4.222753   45.679774
Round 18     8.530551     9.050268    14.590526    15.195648    14.111391     8.754091    20.653070     6.519684    13.394287     4.693279  0.349115      41.838309          2.744652   47.126126
Round 19     9.918063     7.068322    14.387796    13.966257    17.585625     8.934016    21.214946     6.880965    13.850662     6.250889  0.391922      38.129240          4.274868   45.504715
Round 20    10.198768     8.720288     8.836142    16.271289    18.249618     9.095917    16.079139     6.171857    12.957460     7.755831  0.394170      38.770568          4.413486   46.166753
Round 21     6.095999     9.059333    14.359806    15.179094    18.064494     8.207382    17.722769     4.709901    13.548515     7.155993  0.404311      39.317491          4.622990   46.944886
Round 22     6.745039     5.600580    11.711676    15.834669    18.182483     5.723491    21.080364     6.284395    14.244502     6.758862  0.391497      39.565437          4.232434   46.757220
Round 23     9.358314     8.481064    11.261545    10.609741    19.478022     9.198529    16.373544     6.638170    13.538587     7.216740  0.362794      39.860107          3.536841   46.361970
Round 24     9.649636     8.825267    14.229696    16.462047    19.734914     8.643468    19.918333     6.095454    10.381751     4.754690  0.348008      42.450177          2.735570   47.828475
Round 25     9.545084     8.299997    14.470258    14.907558    14.820958     9.161516    20.668614     6.462687    13.191191     7.564906  0.355392      39.534614          3.667142   46.093579
Round 26     8.724128     9.320699     9.714342    15.824595    19.384803     8.755385    19.500019     6.115339     9.747071     5.297710  0.412472      38.536411          4.449955   46.231959
Round 27     7.073614     8.427514    11.925065    10.949506    18.277083     8.581289    21.059263     6.309777    13.371229     7.369338  0.407276      37.957574          4.428347   45.555520
Round 28    10.444080     9.002962     8.160378     8.061896    10.277140     5.387958    21.023067     3.529388    10.403411     6.719808  0.337861      23.968156          2.356381   28.630543
Round 29     4.687479     5.012344     6.936487     7.279117     9.455146     4.698034    11.444840     3.304954     5.143768     3.112661  0.335999      23.690472          2.340175   28.370663
Round 30     4.645784     4.190336     7.450053     7.065336    10.545385     4.551307    10.600547     2.869995     7.306802     2.320707  0.336825      23.733968          2.359920   28.438630
Round 31     5.145954     4.206565     6.568556     7.539251     9.441061     4.783342    11.347962     2.281195     6.783110     3.406497  0.339093      23.657832          2.345363   28.327667
Round 32     5.551699     4.305287     7.723927     8.811371     6.275195     4.470402    11.249989     3.405919     7.085203     3.639599  0.371461      23.957259          2.366401   28.672395
Round 33     4.831773     5.047701     6.842369     8.719523     9.342191     4.164989    10.046944     3.142617     6.623133     3.165650  0.337987      23.720499          2.351437   28.442992
Round 34     4.874990     4.589785     7.221978     8.480169    10.709832     4.188416    11.004369     3.348332     6.817455     3.365072  0.341264      24.033427          2.413556   28.824234
Round 35     4.674972     4.297390     7.336310     7.916286     9.087871     4.302523     9.845430     2.849936     7.173499     3.719365  0.340444      23.682948          2.382351   28.391811
Round 36     4.460702     5.119794     7.010094     6.695297     7.478816     4.417327    11.669938     3.201339     6.067943     3.610913  0.337241      23.803316          2.402009   28.623400
Round 37     5.582795     4.305644     5.908704     8.172286     8.941446     4.139563    11.370629     3.385440     7.173087     3.494703  0.339153      23.880795          2.368071   28.560138
Round 38     4.991757     4.668519     6.570373     7.579173     8.788285     4.378753     7.723879     3.313209     6.848813     4.128199  0.356107      23.781103          2.399778   28.532568
Round 39     5.608450     4.990904     6.997705     8.551261     8.456213     4.512099     9.756811     2.878141     6.266904     3.876534  0.339253      23.769875          2.342303   28.433002
Round 40     5.718105     4.093997     7.382663     8.323750     9.413819     4.453414    10.244870     2.656857     6.582813     3.998264  0.341195      23.780150          2.354406   28.455078
Round 41     4.850898     3.838468     6.785213     7.655523     9.429206     4.258066    11.405777     2.890072     5.449094     3.428061  0.336303      23.460844          2.342582   28.106497
Round 42     4.892241     4.198371     7.448717     8.058741    10.460528     5.053012    11.058902     3.252283     7.193162     3.825587  0.337789      23.738278          2.390746   28.446986
Round 43     4.820697     4.029958     7.126225     6.777931     9.532455     4.864102    11.588323     2.841383     6.911471     3.970181  0.346204      23.873846          2.354929   28.548305
Round 44     5.708674     4.176290     7.000759     8.347289    10.331151     3.841169    10.684951     3.140767     6.702583     3.889639  0.347202      24.006481          2.367098   28.696185
Round 45     5.103924     4.626881     6.768996     7.494090     8.896612     4.296760    10.361044     3.347079     6.852147     3.571527  0.341140      23.653053          2.351755   28.337526
Round 46     4.891965     4.472768     7.034379     8.023676     9.567154     4.171297    10.206055     2.970306     6.663437     3.773301  0.341595      23.906268          2.484470   28.761829
Round 47     3.996171     3.835642     7.770552     7.846259    10.164707     4.831204    10.116028     3.219955     7.205613     4.321532  0.347734      24.131905          2.355521   29.008153
Round 48     4.651311     4.377319     7.457634     7.680190     8.751233     4.624494    11.809272     3.172224     6.796759     4.391898  0.339276      23.680545          2.420339   28.614429
Round 49     4.350477     4.491136     8.395453     7.798750    10.673263     4.540652     9.953112     2.585673     5.793451     3.726645  0.338130      24.121918          2.485838   29.065110
Round 50     5.693486     4.584985     7.525926     8.191399     8.371612     4.188510    10.926709     3.672527     7.040089     3.992295  0.366219      23.931952          2.374915   28.733899

총 시뮬레이션 시간: 1902.23초

================================================================================
 시뮬레이션 파라미터
================================================================================
NUM_CLIENTS: 10
NUM_ROUNDS: 50
LOCAL_EPOCHS: 2
DIRICHLET_ALPHA: 0.5
MIN_SAMPLES_PER_CLASS: 100
RANDOM_SEED: 42
NUM_COMMITTEE_MEMBERS: 3
EWMA_BETA: 0.3
CONTRIBUTION_SCALING_FACTOR: 1.5
NUM_NOISE_ATTACKERS: 0
NUM_DATAF_ATTACKERS: 4
DATAF_POISON_LEVEL: 3
COMMITTEE_EVAL_SKIPPED: False
