================================================================================
 데이터 분할 현황
================================================================================
   Client  Num Samples  Class 0  Class 1  Class 2  Class 3  Class 4  Class 5  Class 6  Class 7  Class 8  Class 9
0       0         3702       58      935      667      157      347      361      274      419       62      422
1       1         3398      448       50      234      881      317      490       55      511      353       59
2       2         5798     1210       52      482      541      642      212       75      202     2246      136
3       3         6461      180     1750       51       76      494     1025      617     1516      107      645
4       4         8058      744      382      762      208     2092      869     2355      286      284       76
5       5         3282      124      248      877      200       61      334      347      384      362      345
6       6         9048      101      236     1210     1697       63      201      966     1367     1102     2105
7       7         2138       50      269      259      153       91      513       50      180      339      234
8       8         5453     1898      868      402      522      146      800      143       50       86      538
9       9         2662      187      210       56      565      747      195      118       85       59      440

================================================================================
 라운드별 글로벌 모델 정확도
================================================================================
Round	Accuracy
1	0.1059
2	0.3492
3	0.5872
4	0.6641
5	0.7018
6	0.7237
7	0.7353
8	0.7408
9	0.7519
10	0.7548
11	0.7612
12	0.7606
13	0.757


================================================================================
 라운드별 모델 합성 가중치
================================================================================
          client_0_weight  client_1_weight  client_2_weight  client_3_weight  client_4_weight  client_5_weight  client_6_weight  client_7_weight  client_8_weight  client_9_weight
Round 1          0.099115         0.082960         0.096075         0.118393         0.121332         0.099013         0.121936         0.087183         0.093501         0.080493
Round 2          0.111164         0.092708         0.086131         0.117800         0.120351         0.112487         0.099929         0.091743         0.092239         0.075449
Round 3          0.108459         0.103933         0.090131         0.109527         0.112510         0.104789         0.101344         0.101483         0.082411         0.085412
Round 4          0.107366         0.096984         0.097651         0.109234         0.110214         0.105380         0.099115         0.099225         0.080085         0.094745
Round 5          0.107285         0.093341         0.099387         0.107088         0.101381         0.105089         0.099617         0.099334         0.091299         0.096179
Round 6          0.103654         0.102441         0.094366         0.104006         0.104537         0.103343         0.101771         0.097299         0.094169         0.094414
Round 7          0.104833         0.102937         0.099155         0.103900         0.106293         0.103185         0.097799         0.095685         0.092821         0.093393
Round 8          0.105689         0.097820         0.096559         0.104552         0.103717         0.103153         0.099201         0.098118         0.095574         0.095617
Round 9          0.104516         0.099881         0.100881         0.103071         0.104548         0.103327         0.097617         0.097903         0.094240         0.094018
Round 10         0.105035         0.101661         0.101427         0.100796         0.102470         0.102599         0.098953         0.100452         0.093592         0.093015
Round 11         0.106616         0.100898         0.099381         0.102956         0.103760         0.103815         0.097918         0.103407         0.091075         0.090174
Round 12         0.104886         0.099914         0.100739         0.097650         0.101983         0.107023         0.097081         0.101797         0.093891         0.095037
Round 13         0.109258         0.099197         0.098222         0.100496         0.103527         0.101847         0.098226         0.101255         0.092452         0.095521

================================================================================
 라운드별 시간 측정 결과 (초)
================================================================================
          cli 0 train  cli 1 train  cli 2 train  cli 3 train  cli 4 train  cli 5 train  cli 6 train  cli 7 train  cli 8 train  cli 9 train  agg time  cli eval time  global eval time  total time
Round 1     16.121302    22.756694    35.951131    40.320591    40.562346    20.960356    46.597463    11.368028    33.833605    17.528599  0.419558      46.009481          4.521915   50.951205
Round 2     24.528539    19.433269    37.393692    42.301883    48.442308    18.116278    58.356210    10.354843    35.592864    17.098365  0.392688      41.509791          4.559267   46.462026
Round 3     18.385409    22.280477    34.271617    34.388947    40.146370    21.696616    58.137369    14.547676    35.159762    17.254447  0.363441      46.284799          4.562368   51.210911
Round 4     20.498266    22.454107    37.848664    41.622411    49.949225    22.091713    51.687600    14.756323    33.248305    17.643586  0.358513      42.161590          4.806346   47.326713
Round 5     24.567130    22.233150    38.577516    38.631286    51.324084    22.052219    48.789076    14.338310    25.778973    17.699628  0.365171      45.995728          4.745824   51.107005
Round 6     24.528731    22.040573    32.057935    41.989266    46.718087    21.812356    57.573005    14.665203    25.919403    15.147404  0.360380      46.535227          4.315891   51.211739
Round 7     24.865760    22.074590    30.496870    34.365022    52.262833    21.507418    55.713858    14.038137    36.159917    17.630994  0.362431      43.064414          4.507047   47.934180
Round 8     24.761945    22.117320    35.556513    41.803087    44.579002    21.345459    58.230653    14.076031    29.837799    17.993902  0.351938      47.170766          4.739908   52.262888
Round 9     24.405480    18.380880    38.344659    37.577633    52.706846    22.239525    49.951587    11.551065    27.336543    17.674072  0.362706      42.527255          2.989532   45.879772
Round 10    24.788378    21.151262    38.560303    42.090675    52.488128    21.498318    40.867300    13.626580    34.443192    17.677332  0.385720      42.592950          4.476798   47.455824
Round 11    24.708325    22.554230    37.686816    42.480553    47.394893    19.176128    58.235440    11.542904    33.229765    17.944953  0.358132      46.877594          4.766954   52.002961
Round 12    23.986692    19.362894    32.568160    42.138745    44.470108    21.485601    57.831546    14.406139    27.763173    17.593373  0.411833      42.516881          4.748408   47.677401
Round 13    24.736520    17.042827    29.906979    41.537806    41.527810    21.625809    58.921416    14.393687    35.856940    15.259734  0.355659      46.839535          4.916690   52.112142

총 시뮬레이션 시간: 643.59초

================================================================================
 시뮬레이션 파라미터
================================================================================
NUM_CLIENTS: 10
NUM_ROUNDS: 100
LOCAL_EPOCHS: 5
DIRICHLET_ALPHA: 0.5
MIN_SAMPLES_PER_CLASS: 50
RANDOM_SEED: 42
NUM_COMMITTEE_MEMBERS: 3
EWMA_BETA: 0.9
NUM_NOISE_ATTACKERS: 0
NUM_DATAF_ATTACKERS: 3
COMMITTEE_EVAL_SKIPPED: False
