================================================================================
 데이터 분할 현황
================================================================================
   Client  Num Samples  Class 0  Class 1  Class 2  Class 3  Class 4  Class 5  Class 6  Class 7  Class 8  Class 9
0       0         3646       38      954      675      142      340      355      264      416       43      419
1       1         3328      446       30      222      898      309      490       35      511      347       40
2       2         5833     1242       32      481      543      649      199       56      188     2324      119
3       3         6525      166     1805       31       57      494     1048      622     1562       89      651
4       4         8192      755      377      773      195     2162      885     2437      277      274       57
5       5         3207      107      237      894      186       42      327      340      379      356      339
6       6         9228       83      224     1242     1751       43      188      987     1405     1129     2176
7       7         2009       30      259      248      137       73      513       30      165      332      222
8       8         5471     1959      884      397      523      130      814      128       30       67      539
9       9         2561      174      198       37      568      758      181      101       67       39      438

================================================================================
 라운드별 글로벌 모델 정확도
================================================================================
Round	Accuracy
1	0.1365
2	0.3882
3	0.5647
4	0.6023
5	0.661
6	0.6926
7	0.713
8	0.741
9	0.7434
10	0.7411
11	0.7543
12	0.7537
13	0.7659
14	0.7611
15	0.7514
16	0.7584
17	0.7586
18	0.7618
19	0.7632
20	0.7642
21	0.757
22	0.7666
23	0.77
24	0.7593
25	0.7525
26	0.7719
27	0.76
28	0.7555
29	0.7668
30	0.7654


================================================================================
 라운드별 모델 합성 가중치
================================================================================
          client_0_weight  client_1_weight  client_2_weight  client_3_weight  client_4_weight  client_5_weight  client_6_weight  client_7_weight  client_8_weight  client_9_weight
Round 1               0.1              0.1              0.1              0.1              0.1              0.1              0.1              0.1              0.1              0.1
Round 2               0.1              0.1              0.1              0.1              0.1              0.1              0.1              0.1              0.1              0.1
Round 3               0.1              0.1              0.1              0.1              0.1              0.1              0.1              0.1              0.1              0.1
Round 4               0.1              0.1              0.1              0.1              0.1              0.1              0.1              0.1              0.1              0.1
Round 5               0.1              0.1              0.1              0.1              0.1              0.1              0.1              0.1              0.1              0.1
Round 6               0.1              0.1              0.1              0.1              0.1              0.1              0.1              0.1              0.1              0.1
Round 7               0.1              0.1              0.1              0.1              0.1              0.1              0.1              0.1              0.1              0.1
Round 8               0.1              0.1              0.1              0.1              0.1              0.1              0.1              0.1              0.1              0.1
Round 9               0.1              0.1              0.1              0.1              0.1              0.1              0.1              0.1              0.1              0.1
Round 10              0.1              0.1              0.1              0.1              0.1              0.1              0.1              0.1              0.1              0.1
Round 11              0.1              0.1              0.1              0.1              0.1              0.1              0.1              0.1              0.1              0.1
Round 12              0.1              0.1              0.1              0.1              0.1              0.1              0.1              0.1              0.1              0.1
Round 13              0.1              0.1              0.1              0.1              0.1              0.1              0.1              0.1              0.1              0.1
Round 14              0.1              0.1              0.1              0.1              0.1              0.1              0.1              0.1              0.1              0.1
Round 15              0.1              0.1              0.1              0.1              0.1              0.1              0.1              0.1              0.1              0.1
Round 16              0.1              0.1              0.1              0.1              0.1              0.1              0.1              0.1              0.1              0.1
Round 17              0.1              0.1              0.1              0.1              0.1              0.1              0.1              0.1              0.1              0.1
Round 18              0.1              0.1              0.1              0.1              0.1              0.1              0.1              0.1              0.1              0.1
Round 19              0.1              0.1              0.1              0.1              0.1              0.1              0.1              0.1              0.1              0.1
Round 20              0.1              0.1              0.1              0.1              0.1              0.1              0.1              0.1              0.1              0.1
Round 21              0.1              0.1              0.1              0.1              0.1              0.1              0.1              0.1              0.1              0.1
Round 22              0.1              0.1              0.1              0.1              0.1              0.1              0.1              0.1              0.1              0.1
Round 23              0.1              0.1              0.1              0.1              0.1              0.1              0.1              0.1              0.1              0.1
Round 24              0.1              0.1              0.1              0.1              0.1              0.1              0.1              0.1              0.1              0.1
Round 25              0.1              0.1              0.1              0.1              0.1              0.1              0.1              0.1              0.1              0.1
Round 26              0.1              0.1              0.1              0.1              0.1              0.1              0.1              0.1              0.1              0.1
Round 27              0.1              0.1              0.1              0.1              0.1              0.1              0.1              0.1              0.1              0.1
Round 28              0.1              0.1              0.1              0.1              0.1              0.1              0.1              0.1              0.1              0.1
Round 29              0.1              0.1              0.1              0.1              0.1              0.1              0.1              0.1              0.1              0.1
Round 30              0.1              0.1              0.1              0.1              0.1              0.1              0.1              0.1              0.1              0.1

================================================================================
 라운드별 시간 측정 결과 (초)
================================================================================
          cli 0 train  cli 1 train  cli 2 train  cli 3 train  cli 4 train  cli 5 train  cli 6 train  cli 7 train  cli 8 train  cli 9 train  agg time  cli eval time  global eval time  total time
Round 1      5.993441     8.046748    13.357580    14.205059    18.055854     7.484066    20.944771     5.040143    12.928394     6.972859  0.352934              0          3.292552    3.645921
Round 2      5.846018     5.104493     9.346971     9.771699    11.811768     5.167192    14.430119     3.179671     7.400765     4.081493  0.291774              0          3.870297    4.162645
Round 3      8.870742     7.915919     8.103976    16.040480    20.162920     8.478945    22.525555     5.120204    12.982010     6.635604  0.270874              0          2.526512    2.797775
Round 4      5.862685     8.441811     9.490274     9.787609    12.932009     5.223027    16.506410     4.085101     8.982706     4.337422  0.246256              0          4.453333    4.699820
Round 5      6.788890     7.425406    12.392934    15.973738    20.560086     8.279872    15.965197     5.405817     8.345468     6.543755  0.276044              0          2.503442    2.779703
Round 6      5.871118     8.970906     9.108498    11.337381    13.233008     5.111959    15.188189     3.398368    12.885435     3.945438  0.239614              0          4.259475    4.499320
Round 7      3.824914     7.998182    14.947641    16.107659    20.676022     8.788901    15.783153     5.269283     9.519644     4.220120  0.236802              0          2.482023    2.719051
Round 8      7.738061     5.596792    11.109172    10.852500    13.144516     5.325061    19.929246     3.298138     8.705544     7.401769  0.287554              0          4.519808    4.807714
Round 9      6.152713     8.654719     9.561172    11.103146    19.488498     5.307240    23.380465     3.255604    10.049875     4.258796  0.286931              0          2.616844    2.904211
Round 10     5.728343     5.644180    15.727275     9.799335    13.034165     8.247419    23.925357     3.269960    14.102602     4.175003  0.272364              0          4.033939    4.306695
Round 11     9.842921     3.673842     9.931189    10.976258    13.382907     5.770626    22.256054     3.398151    12.678793     4.515507  0.261702              0          2.508357    2.770519
Round 12     9.587504     5.253070     9.740146    17.004828    21.457851     8.150451    16.273013     3.345438    11.017923     4.371304  0.292188              0          4.553690    4.846298
Round 13     9.486681     5.457710     9.280306    10.835107    13.364893     5.463811    15.260274     3.192258    12.194967     4.313678  0.255297              0          2.570003    2.825681
Round 14     9.976439     5.744190    15.062722    10.436601    17.208499     8.631679    22.774299     5.560555    12.687311     7.076377  0.261299              0          3.748217    4.009914
Round 15     6.213952     5.518330     9.456979    10.735831    13.753177     5.292555    14.774885     3.358482     8.874170     4.326776  0.292686              0          2.571814    2.864895
Round 16    10.032410     8.807405    14.197791    16.406324    20.567396     8.909068    23.151587     5.629611     7.915161     7.419746  0.311025              0          2.673814    2.985255
Round 17     6.128771     5.409642     9.505752    10.882072    13.976466     5.496316    15.245738     3.201972     9.189945     4.440000  0.237625              0          4.762069    5.000081
Round 18     9.043430     8.147324     9.177619    14.475319    21.840249     8.191055    24.163877     5.515424     9.789173     6.759949  0.289713              0          2.649262    2.939373
Round 19     8.134459     5.498268     9.410928    10.938281    13.326981     6.732360    15.373568     3.405817    10.727011     4.293082  0.232787              0          4.446029    4.679034
Round 20     4.461895     8.898225     9.550177    16.390201    17.164505     5.260242    22.835935     5.065588    14.792545     6.762725  0.262022              0          2.530870    2.793298
Round 21    10.079971     5.542380     9.772106    14.262450    18.607713     5.295053    15.213163     3.388875     9.158977     3.947546  0.281983              0          4.674208    4.956594
Round 22     6.037277     8.847258     9.510772    16.216362    20.668176     5.514074    14.975671     3.261446    13.999475     3.493670  0.319076              0          2.573542    2.893034
Round 23     9.872246     5.276699     9.203364    15.640507    21.162302     5.642404    15.562074     3.288686    13.443521     7.003077  0.257120              0          4.828132    5.085656
Round 24     6.012870     6.563971     9.837265    16.581730    12.144215     5.558904    16.292721     5.506328    13.332525     4.244341  0.263996              0          2.577083    2.841474
Round 25     6.263564     9.277740    11.321649    17.387891    21.819042     5.097106    16.389913     3.643150    12.240564     4.223743  0.276542              0          4.616095    4.893055
Round 26     9.735003     5.732373     9.829464    10.728086    17.379752     5.515202    15.223206     3.001617     9.196569     4.367461  0.252909              0          2.518009    2.771324
Round 27     9.551180     5.409062    16.136441    11.910961    18.714946     8.530944    23.844595     5.506086    11.149912     7.290923  0.248362              0          4.231917    4.480683
Round 28     6.081170     5.246354     9.745859    11.119154    13.700901     5.464619     9.942024     3.382444     9.395844     4.335709  0.254863              0          2.516955    2.772207
Round 29     6.815130     8.547886    13.593264    16.943533    21.299175     9.057118    23.696633     5.702689    14.801384     7.230453  0.254329              0          2.814374    3.069108
Round 30     6.012017     5.648196    10.016484     9.445883    13.110286     5.160982    15.621687     3.284164     9.152607     4.413499  0.271033              0          2.894601    3.166019

총 시뮬레이션 시간: 109.97초

================================================================================
 시뮬레이션 파라미터
================================================================================
NUM_CLIENTS: 10
NUM_ROUNDS: 30
LOCAL_EPOCHS: 2
DIRICHLET_ALPHA: 0.5
MIN_SAMPLES_PER_CLASS: 30
RANDOM_SEED: 42
NUM_COMMITTEE_MEMBERS: 3
EWMA_BETA: 0.9
NUM_NOISE_ATTACKERS: 0
NUM_DATAF_ATTACKERS: 3
DATAF_POISON_LEVEL: 3
COMMITTEE_EVAL_SKIPPED: True
