================================================================================
 데이터 분할 현황
================================================================================
   Client  Num Samples  Class 0  Class 1  Class 2  Class 3  Class 4  Class 5  Class 6  Class 7  Class 8  Class 9
0       0         3646       38      954      675      142      340      355      264      416       43      419
1       1         3328      446       30      222      898      309      490       35      511      347       40
2       2         5833     1242       32      481      543      649      199       56      188     2324      119
3       3         6525      166     1805       31       57      494     1048      622     1562       89      651
4       4         8192      755      377      773      195     2162      885     2437      277      274       57
5       5         3207      107      237      894      186       42      327      340      379      356      339
6       6         9228       83      224     1242     1751       43      188      987     1405     1129     2176
7       7         2009       30      259      248      137       73      513       30      165      332      222
8       8         5471     1959      884      397      523      130      814      128       30       67      539
9       9         2561      174      198       37      568      758      181      101       67       39      438

================================================================================
 라운드별 글로벌 모델 정확도
================================================================================
Round	Accuracy
1	0.1022
2	0.1628
3	0.2164
4	0.2563
5	0.2378
6	0.2802
7	0.2526
8	0.2923
9	0.3338
10	0.3148


================================================================================
 라운드별 모델 합성 가중치
================================================================================
          client_0_weight  client_1_weight  client_2_weight  client_3_weight  client_4_weight  client_5_weight  client_6_weight  client_7_weight  client_8_weight  client_9_weight
Round 1               0.1              0.1              0.1              0.1              0.1              0.1              0.1              0.1              0.1              0.1
Round 2               0.1              0.1              0.1              0.1              0.1              0.1              0.1              0.1              0.1              0.1
Round 3               0.1              0.1              0.1              0.1              0.1              0.1              0.1              0.1              0.1              0.1
Round 4               0.1              0.1              0.1              0.1              0.1              0.1              0.1              0.1              0.1              0.1
Round 5               0.1              0.1              0.1              0.1              0.1              0.1              0.1              0.1              0.1              0.1
Round 6               0.1              0.1              0.1              0.1              0.1              0.1              0.1              0.1              0.1              0.1
Round 7               0.1              0.1              0.1              0.1              0.1              0.1              0.1              0.1              0.1              0.1
Round 8               0.1              0.1              0.1              0.1              0.1              0.1              0.1              0.1              0.1              0.1
Round 9               0.1              0.1              0.1              0.1              0.1              0.1              0.1              0.1              0.1              0.1
Round 10              0.1              0.1              0.1              0.1              0.1              0.1              0.1              0.1              0.1              0.1

================================================================================
 라운드별 시간 측정 결과 (초)
================================================================================
          cli 0 train  cli 1 train  cli 2 train  cli 3 train  cli 4 train  cli 5 train  cli 6 train  cli 7 train  cli 8 train  cli 9 train  agg time  cli eval time  global eval time  total time
Round 1      4.075187     3.653434     8.569422     8.317816     6.949778     3.443176    11.606611     3.278732     5.877738          0.1  0.370360              0          2.888133    3.258948
Round 2      4.542787     3.513261     6.896448     7.041917     9.713541     4.539291    12.911266     2.603907     7.278865          0.1  0.232800              0          2.316632    2.549685
Round 3      4.445606     4.342757     7.684794     9.207835    10.809810     4.052905    11.534514     2.575644     6.084855          0.1  0.261193              0          2.379155    2.640736
Round 4      4.716768     4.317538     7.403575     8.621881     7.809015     3.947925    11.869012     2.596334     7.556597          0.1  0.267033              0          2.425750    2.693288
Round 5      4.633074     4.121940     7.836141     8.895112    11.907338     3.112175    12.444272     2.323773     7.232826          0.1  0.243869              0          2.310909    2.555165
Round 6      4.469087     4.420108     7.633086     7.407675    11.049110     3.976097    10.057870     2.718371     8.304412          0.1  0.248737              0          2.373022    2.622138
Round 7      4.140927     3.768485     8.350654     8.687654    10.051983     4.126620    12.059899     2.984272     7.220463          0.1  0.238823              0          2.324440    2.563656
Round 8      4.314689     3.870811     6.670316     9.054795     7.017856     4.378861    12.408729     3.179176     7.239202          0.1  0.227515              0          2.374184    2.601928
Round 9      4.837878     2.659494     7.875081     9.373614    10.128809     4.769879    11.918462     2.647180     7.536160          0.1  0.235424              0          2.326931    2.562752
Round 10     4.167243     4.297564     7.276881     7.984831    12.065723     4.259657    11.761913     2.782832     7.432079          0.1  0.254563              0          2.419979    2.674916

총 시뮬레이션 시간: 26.72초

================================================================================
 시뮬레이션 파라미터
================================================================================
NUM_CLIENTS: 10
NUM_ROUNDS: 10
LOCAL_EPOCHS: 2
DIRICHLET_ALPHA: 0.5
MIN_SAMPLES_PER_CLASS: 30
RANDOM_SEED: 42
NUM_COMMITTEE_MEMBERS: 3
EWMA_BETA: 0.9
NUM_TRUDYS: 1
COMMITTEE_EVAL_SKIPPED: True
