================================================================================
 데이터 분할 현황
================================================================================
   Client  Num Samples  Class 0  Class 1  Class 2  Class 3  Class 4  Class 5  Class 6  Class 7  Class 8  Class 9
0       0         3847      107      886      649      195      364      377      299      428      111      431
1       1         3575      454      100      263      839      337      491      104      509      370      108
2       2         5709     1131      102      484      537      627      244      122      235     2051      176
3       3         6301      216     1611      101      123      495      967      604     1405      150      629
4       4         7718      717      395      732      240     1916      828     2149      310      308      123
5       5         3473      165      276      835      233      110      353      364      397      378      362
6       6         8597      145      265     1131     1565      111      234      914     1270     1035     1927
7       7         2454      100      295      286      191      136      511      100      215      357      263
8       8         5403     1743      827      413      519      185      767      183      100      132      534
9       9         2923      222      243      106      558      719      228      161      131      108      447

================================================================================
 라운드별 글로벌 모델 정확도
================================================================================
       Overall_Accuracy  Poisoned_Acc([1,5,8])
Round                                         
1                0.1218                 0.0000
2                0.3579                 0.0007
3                0.4545                 0.0550
4                0.5391                 0.1960
5                0.6181                 0.3607
6                0.6264                 0.3517
7                0.6644                 0.4460
8                0.6883                 0.4907
9                0.6935                 0.5057
10               0.6963                 0.4997

================================================================================
 라운드별 모델 합성 가중치
================================================================================
          client_0_weight  client_1_weight  client_2_weight  client_3_weight  client_4_weight  client_5_weight  client_6_weight  client_7_weight  client_8_weight  client_9_weight
Round 1               0.1              0.1              0.1              0.1              0.1              0.1              0.1              0.1              0.1              0.1
Round 2               0.1              0.1              0.1              0.1              0.1              0.1              0.1              0.1              0.1              0.1
Round 3               0.1              0.1              0.1              0.1              0.1              0.1              0.1              0.1              0.1              0.1
Round 4               0.1              0.1              0.1              0.1              0.1              0.1              0.1              0.1              0.1              0.1
Round 5               0.1              0.1              0.1              0.1              0.1              0.1              0.1              0.1              0.1              0.1
Round 6               0.1              0.1              0.1              0.1              0.1              0.1              0.1              0.1              0.1              0.1
Round 7               0.1              0.1              0.1              0.1              0.1              0.1              0.1              0.1              0.1              0.1
Round 8               0.1              0.1              0.1              0.1              0.1              0.1              0.1              0.1              0.1              0.1
Round 9               0.1              0.1              0.1              0.1              0.1              0.1              0.1              0.1              0.1              0.1
Round 10              0.1              0.1              0.1              0.1              0.1              0.1              0.1              0.1              0.1              0.1

================================================================================
 라운드별 시간 측정 결과 (초)
================================================================================
          cli 0 train  cli 1 train  cli 2 train  cli 3 train  cli 4 train  cli 5 train  cli 6 train  cli 7 train  cli 8 train  cli 9 train  agg time  cli eval time  global eval time  total time
Round 1      4.518036     3.986286     6.591101     6.636457     8.853600     3.799516    14.979463     6.321301     5.973385     3.454780  0.351680              0          3.017458    6.231099
Round 2      4.811888     3.933962     7.861910     8.546725     9.408290     3.846462    11.236716     2.716219     5.998144     3.395416  0.295088              0          2.349820    4.746432
Round 3      4.664589     4.005630     7.554563     7.338664     9.584736     4.074645    11.060203     2.801953     6.284554     3.448638  0.317866              0          2.320339    4.749013
Round 4      4.005829     5.088749     7.582701     7.724697     9.464530     4.334092     8.380585     2.897013     8.195581     3.699695  0.346017              0          2.395197    4.871552
Round 5      5.382241     4.282956     7.043815     7.648305     8.083003     5.415113    11.423336     3.145144     5.709126     4.233011  0.290723              0          2.323827    4.727716
Round 6      5.056250     3.843046     7.537169     8.028373     9.686884     4.188350     8.337443     3.052820     6.229034     3.459621  0.289500              0          2.343450    4.775801
Round 7      4.721958     3.945560     7.681361     7.991661     9.792000     4.237866     9.194248     3.840790     5.939378     3.792284  0.287782              0          2.386127    4.898326
Round 8      5.382430     4.528891     6.884277     7.775722     9.826218     4.623487    11.532113     3.145720     6.690227     2.543062  0.294624              0          2.291793    4.704184
Round 9      5.736172     4.126756     6.971537     8.285340     9.782950     4.089065    11.178711     2.757228     6.473936     3.437045  0.313243              0          2.324238    4.896443
Round 10     5.400681     4.872756     7.096826     8.540914     8.837631     4.587330    11.595166     2.876890     7.254843     4.346191  0.290338              0          2.325655    4.717550

총 시뮬레이션 시간: 49.32초

================================================================================
 시뮬레이션 파라미터
================================================================================
NUM_CLIENTS: 10
NUM_ROUNDS: 10
LOCAL_EPOCHS: 2
DIRICHLET_ALPHA: 0.5
MIN_SAMPLES_PER_CLASS: 100
RANDOM_SEED: 42
NUM_COMMITTEE_MEMBERS: 3
EWMA_BETA: 0.3
CONTRIBUTION_SCALING_FACTOR: 1.5
NUM_NOISE_ATTACKERS: 0
NUM_DATAF_ATTACKERS: 4
DATAF_POISON_LEVEL: 3
COMMITTEE_EVAL_SKIPPED: True
