================================================================================
 데이터 분할 현황
================================================================================
   Client  Num Samples  Class 0  Class 1  Class 2  Class 3  Class 4  Class 5  Class 6  Class 7  Class 8  Class 9
0       0         3646       38      954      675      142      340      355      264      416       43      419
1       1         3328      446       30      222      898      309      490       35      511      347       40
2       2         5833     1242       32      481      543      649      199       56      188     2324      119
3       3         6525      166     1805       31       57      494     1048      622     1562       89      651
4       4         8192      755      377      773      195     2162      885     2437      277      274       57
5       5         3207      107      237      894      186       42      327      340      379      356      339
6       6         9228       83      224     1242     1751       43      188      987     1405     1129     2176
7       7         2009       30      259      248      137       73      513       30      165      332      222
8       8         5471     1959      884      397      523      130      814      128       30       67      539
9       9         2561      174      198       37      568      758      181      101       67       39      438

================================================================================
 라운드별 글로벌 모델 정확도
================================================================================
       Overall_Accuracy  Poisoned_Acc([1,5,8])
Round                                         
1                0.1269                 0.0000
2                0.3473                 0.0333
3                0.4986                 0.1937
4                0.5815                 0.3900
5                0.6148                 0.4327
6                0.6596                 0.4993
7                0.6965                 0.5930
8                0.6989                 0.5873
9                0.7071                 0.5863
10               0.7191                 0.6170
11               0.7221                 0.6187
12               0.7294                 0.6200
13               0.7325                 0.6320
14               0.7243                 0.6057
15               0.7379                 0.6223
16               0.7450                 0.6640
17               0.7435                 0.6510
18               0.7292                 0.5963
19               0.7364                 0.6183
20               0.7391                 0.6313
21               0.7481                 0.6683
22               0.7279                 0.5963
23               0.7428                 0.6557
24               0.7343                 0.6270
25               0.7346                 0.6083
26               0.7270                 0.6063
27               0.7530                 0.6890
28               0.7307                 0.6157
29               0.7472                 0.6593
30               0.7427                 0.6503
31               0.7436                 0.6543
32               0.7185                 0.5683
33               0.7532                 0.6873
34               0.7261                 0.6043
35               0.7354                 0.6320
36               0.7412                 0.6433
37               0.7349                 0.6243
38               0.7249                 0.5973
39               0.7421                 0.6550
40               0.7136                 0.5577
41               0.7484                 0.6727
42               0.7195                 0.5750
43               0.7477                 0.6587
44               0.7422                 0.6463
45               0.7399                 0.6467
46               0.7349                 0.6377
47               0.7453                 0.6500
48               0.7224                 0.5863
49               0.7533                 0.6800
50               0.7102                 0.5447
51               0.7478                 0.6697
52               0.7070                 0.5387
53               0.7617                 0.7177
54               0.7230                 0.5920
55               0.7393                 0.6417
56               0.7162                 0.5517
57               0.7455                 0.6687
58               0.7233                 0.5990
59               0.7498                 0.6820
60               0.6977                 0.5200
61               0.7650                 0.7477
62               0.6812                 0.4450
63               0.7647                 0.7330
64               0.6748                 0.4257
65               0.7572                 0.7200
66               0.7016                 0.5160
67               0.7507                 0.6917
68               0.7196                 0.5890
69               0.7427                 0.6767
70               0.7372                 0.6403
71               0.7349                 0.6453
72               0.7411                 0.6667
73               0.7332                 0.6377
74               0.7457                 0.6640
75               0.7319                 0.6300
76               0.7457                 0.6750
77               0.7303                 0.6147
78               0.7491                 0.6917
79               0.7141                 0.5620
80               0.7516                 0.6987
81               0.7337                 0.6290
82               0.7379                 0.6413
83               0.7389                 0.6430
84               0.7337                 0.6337
85               0.7332                 0.6387
86               0.7580                 0.7070
87               0.6931                 0.4860
88               0.7573                 0.7033
89               0.7150                 0.5643
90               0.7491                 0.6890
91               0.7142                 0.5823
92               0.7461                 0.6837
93               0.7177                 0.5770
94               0.7450                 0.6710
95               0.7167                 0.5807
96               0.7574                 0.7123
97               0.7175                 0.5790
98               0.7602                 0.7167
99               0.7034                 0.5350
100              0.7513                 0.6980

================================================================================
 라운드별 모델 합성 가중치
================================================================================
           client_0_weight  client_1_weight  client_2_weight  client_3_weight  client_4_weight  client_5_weight  client_6_weight  client_7_weight  client_8_weight  client_9_weight
Round 1                0.1              0.1              0.1              0.1              0.1              0.1              0.1              0.1              0.1              0.1
Round 2                0.1              0.1              0.1              0.1              0.1              0.1              0.1              0.1              0.1              0.1
Round 3                0.1              0.1              0.1              0.1              0.1              0.1              0.1              0.1              0.1              0.1
Round 4                0.1              0.1              0.1              0.1              0.1              0.1              0.1              0.1              0.1              0.1
Round 5                0.1              0.1              0.1              0.1              0.1              0.1              0.1              0.1              0.1              0.1
Round 6                0.1              0.1              0.1              0.1              0.1              0.1              0.1              0.1              0.1              0.1
Round 7                0.1              0.1              0.1              0.1              0.1              0.1              0.1              0.1              0.1              0.1
Round 8                0.1              0.1              0.1              0.1              0.1              0.1              0.1              0.1              0.1              0.1
Round 9                0.1              0.1              0.1              0.1              0.1              0.1              0.1              0.1              0.1              0.1
Round 10               0.1              0.1              0.1              0.1              0.1              0.1              0.1              0.1              0.1              0.1
Round 11               0.1              0.1              0.1              0.1              0.1              0.1              0.1              0.1              0.1              0.1
Round 12               0.1              0.1              0.1              0.1              0.1              0.1              0.1              0.1              0.1              0.1
Round 13               0.1              0.1              0.1              0.1              0.1              0.1              0.1              0.1              0.1              0.1
Round 14               0.1              0.1              0.1              0.1              0.1              0.1              0.1              0.1              0.1              0.1
Round 15               0.1              0.1              0.1              0.1              0.1              0.1              0.1              0.1              0.1              0.1
Round 16               0.1              0.1              0.1              0.1              0.1              0.1              0.1              0.1              0.1              0.1
Round 17               0.1              0.1              0.1              0.1              0.1              0.1              0.1              0.1              0.1              0.1
Round 18               0.1              0.1              0.1              0.1              0.1              0.1              0.1              0.1              0.1              0.1
Round 19               0.1              0.1              0.1              0.1              0.1              0.1              0.1              0.1              0.1              0.1
Round 20               0.1              0.1              0.1              0.1              0.1              0.1              0.1              0.1              0.1              0.1
Round 21               0.1              0.1              0.1              0.1              0.1              0.1              0.1              0.1              0.1              0.1
Round 22               0.1              0.1              0.1              0.1              0.1              0.1              0.1              0.1              0.1              0.1
Round 23               0.1              0.1              0.1              0.1              0.1              0.1              0.1              0.1              0.1              0.1
Round 24               0.1              0.1              0.1              0.1              0.1              0.1              0.1              0.1              0.1              0.1
Round 25               0.1              0.1              0.1              0.1              0.1              0.1              0.1              0.1              0.1              0.1
Round 26               0.1              0.1              0.1              0.1              0.1              0.1              0.1              0.1              0.1              0.1
Round 27               0.1              0.1              0.1              0.1              0.1              0.1              0.1              0.1              0.1              0.1
Round 28               0.1              0.1              0.1              0.1              0.1              0.1              0.1              0.1              0.1              0.1
Round 29               0.1              0.1              0.1              0.1              0.1              0.1              0.1              0.1              0.1              0.1
Round 30               0.1              0.1              0.1              0.1              0.1              0.1              0.1              0.1              0.1              0.1
Round 31               0.1              0.1              0.1              0.1              0.1              0.1              0.1              0.1              0.1              0.1
Round 32               0.1              0.1              0.1              0.1              0.1              0.1              0.1              0.1              0.1              0.1
Round 33               0.1              0.1              0.1              0.1              0.1              0.1              0.1              0.1              0.1              0.1
Round 34               0.1              0.1              0.1              0.1              0.1              0.1              0.1              0.1              0.1              0.1
Round 35               0.1              0.1              0.1              0.1              0.1              0.1              0.1              0.1              0.1              0.1
Round 36               0.1              0.1              0.1              0.1              0.1              0.1              0.1              0.1              0.1              0.1
Round 37               0.1              0.1              0.1              0.1              0.1              0.1              0.1              0.1              0.1              0.1
Round 38               0.1              0.1              0.1              0.1              0.1              0.1              0.1              0.1              0.1              0.1
Round 39               0.1              0.1              0.1              0.1              0.1              0.1              0.1              0.1              0.1              0.1
Round 40               0.1              0.1              0.1              0.1              0.1              0.1              0.1              0.1              0.1              0.1
Round 41               0.1              0.1              0.1              0.1              0.1              0.1              0.1              0.1              0.1              0.1
Round 42               0.1              0.1              0.1              0.1              0.1              0.1              0.1              0.1              0.1              0.1
Round 43               0.1              0.1              0.1              0.1              0.1              0.1              0.1              0.1              0.1              0.1
Round 44               0.1              0.1              0.1              0.1              0.1              0.1              0.1              0.1              0.1              0.1
Round 45               0.1              0.1              0.1              0.1              0.1              0.1              0.1              0.1              0.1              0.1
Round 46               0.1              0.1              0.1              0.1              0.1              0.1              0.1              0.1              0.1              0.1
Round 47               0.1              0.1              0.1              0.1              0.1              0.1              0.1              0.1              0.1              0.1
Round 48               0.1              0.1              0.1              0.1              0.1              0.1              0.1              0.1              0.1              0.1
Round 49               0.1              0.1              0.1              0.1              0.1              0.1              0.1              0.1              0.1              0.1
Round 50               0.1              0.1              0.1              0.1              0.1              0.1              0.1              0.1              0.1              0.1
Round 51               0.1              0.1              0.1              0.1              0.1              0.1              0.1              0.1              0.1              0.1
Round 52               0.1              0.1              0.1              0.1              0.1              0.1              0.1              0.1              0.1              0.1
Round 53               0.1              0.1              0.1              0.1              0.1              0.1              0.1              0.1              0.1              0.1
Round 54               0.1              0.1              0.1              0.1              0.1              0.1              0.1              0.1              0.1              0.1
Round 55               0.1              0.1              0.1              0.1              0.1              0.1              0.1              0.1              0.1              0.1
Round 56               0.1              0.1              0.1              0.1              0.1              0.1              0.1              0.1              0.1              0.1
Round 57               0.1              0.1              0.1              0.1              0.1              0.1              0.1              0.1              0.1              0.1
Round 58               0.1              0.1              0.1              0.1              0.1              0.1              0.1              0.1              0.1              0.1
Round 59               0.1              0.1              0.1              0.1              0.1              0.1              0.1              0.1              0.1              0.1
Round 60               0.1              0.1              0.1              0.1              0.1              0.1              0.1              0.1              0.1              0.1
Round 61               0.1              0.1              0.1              0.1              0.1              0.1              0.1              0.1              0.1              0.1
Round 62               0.1              0.1              0.1              0.1              0.1              0.1              0.1              0.1              0.1              0.1
Round 63               0.1              0.1              0.1              0.1              0.1              0.1              0.1              0.1              0.1              0.1
Round 64               0.1              0.1              0.1              0.1              0.1              0.1              0.1              0.1              0.1              0.1
Round 65               0.1              0.1              0.1              0.1              0.1              0.1              0.1              0.1              0.1              0.1
Round 66               0.1              0.1              0.1              0.1              0.1              0.1              0.1              0.1              0.1              0.1
Round 67               0.1              0.1              0.1              0.1              0.1              0.1              0.1              0.1              0.1              0.1
Round 68               0.1              0.1              0.1              0.1              0.1              0.1              0.1              0.1              0.1              0.1
Round 69               0.1              0.1              0.1              0.1              0.1              0.1              0.1              0.1              0.1              0.1
Round 70               0.1              0.1              0.1              0.1              0.1              0.1              0.1              0.1              0.1              0.1
Round 71               0.1              0.1              0.1              0.1              0.1              0.1              0.1              0.1              0.1              0.1
Round 72               0.1              0.1              0.1              0.1              0.1              0.1              0.1              0.1              0.1              0.1
Round 73               0.1              0.1              0.1              0.1              0.1              0.1              0.1              0.1              0.1              0.1
Round 74               0.1              0.1              0.1              0.1              0.1              0.1              0.1              0.1              0.1              0.1
Round 75               0.1              0.1              0.1              0.1              0.1              0.1              0.1              0.1              0.1              0.1
Round 76               0.1              0.1              0.1              0.1              0.1              0.1              0.1              0.1              0.1              0.1
Round 77               0.1              0.1              0.1              0.1              0.1              0.1              0.1              0.1              0.1              0.1
Round 78               0.1              0.1              0.1              0.1              0.1              0.1              0.1              0.1              0.1              0.1
Round 79               0.1              0.1              0.1              0.1              0.1              0.1              0.1              0.1              0.1              0.1
Round 80               0.1              0.1              0.1              0.1              0.1              0.1              0.1              0.1              0.1              0.1
Round 81               0.1              0.1              0.1              0.1              0.1              0.1              0.1              0.1              0.1              0.1
Round 82               0.1              0.1              0.1              0.1              0.1              0.1              0.1              0.1              0.1              0.1
Round 83               0.1              0.1              0.1              0.1              0.1              0.1              0.1              0.1              0.1              0.1
Round 84               0.1              0.1              0.1              0.1              0.1              0.1              0.1              0.1              0.1              0.1
Round 85               0.1              0.1              0.1              0.1              0.1              0.1              0.1              0.1              0.1              0.1
Round 86               0.1              0.1              0.1              0.1              0.1              0.1              0.1              0.1              0.1              0.1
Round 87               0.1              0.1              0.1              0.1              0.1              0.1              0.1              0.1              0.1              0.1
Round 88               0.1              0.1              0.1              0.1              0.1              0.1              0.1              0.1              0.1              0.1
Round 89               0.1              0.1              0.1              0.1              0.1              0.1              0.1              0.1              0.1              0.1
Round 90               0.1              0.1              0.1              0.1              0.1              0.1              0.1              0.1              0.1              0.1
Round 91               0.1              0.1              0.1              0.1              0.1              0.1              0.1              0.1              0.1              0.1
Round 92               0.1              0.1              0.1              0.1              0.1              0.1              0.1              0.1              0.1              0.1
Round 93               0.1              0.1              0.1              0.1              0.1              0.1              0.1              0.1              0.1              0.1
Round 94               0.1              0.1              0.1              0.1              0.1              0.1              0.1              0.1              0.1              0.1
Round 95               0.1              0.1              0.1              0.1              0.1              0.1              0.1              0.1              0.1              0.1
Round 96               0.1              0.1              0.1              0.1              0.1              0.1              0.1              0.1              0.1              0.1
Round 97               0.1              0.1              0.1              0.1              0.1              0.1              0.1              0.1              0.1              0.1
Round 98               0.1              0.1              0.1              0.1              0.1              0.1              0.1              0.1              0.1              0.1
Round 99               0.1              0.1              0.1              0.1              0.1              0.1              0.1              0.1              0.1              0.1
Round 100              0.1              0.1              0.1              0.1              0.1              0.1              0.1              0.1              0.1              0.1

================================================================================
 라운드별 시간 측정 결과 (초)
================================================================================
           cli 0 train  cli 1 train  cli 2 train  cli 3 train  cli 4 train  cli 5 train  cli 6 train  cli 7 train  cli 8 train  cli 9 train  agg time  cli eval time  global eval time  total time
Round 1       9.004429     7.394625    12.428086    11.380279    20.134909     8.514452    22.513964     5.018680    13.107126     6.407411  0.362335              0          2.900645    5.607397
Round 2       5.939802     5.525093     9.843768    10.349567    12.386547     5.386129    14.674619     3.387915     9.047802     4.259094  0.248181              0          4.450186    7.407527
Round 3       7.908855     9.148623    10.117898    11.948920    12.231666     8.368053    23.888662     5.168739    14.566119     6.467757  0.255167              0          2.517239    5.042787
Round 4       6.316970     8.712921    15.413634    11.482986    18.148798     9.532697    19.951072     3.400043     9.108742     4.299088  0.303027              0          4.599063    7.616569
Round 5      10.416878     5.354890     9.895208    11.001338    14.167537     5.656759    19.783651     3.433875     9.887244     4.431020  0.260218              0          2.618631    5.119187
Round 6      10.068272     9.259363    11.645949    13.859361    22.620248     8.530841    25.501308     5.738729    15.044095     7.553450  0.262260              0          3.206409    5.773742
Round 7       6.467467     5.482028    10.307536    10.999654    14.173731     5.435115    16.536829     3.531126     8.637884     4.542123  0.259639              0          2.532327    4.918566
Round 8      10.366613     9.087659    15.453360    18.313201    22.615515     8.575803    23.726930     3.734077    15.030702     7.401685  0.264608              0          2.482932    4.851039
Round 9       6.361220     5.228163    10.013645    11.427938    14.209965     5.657795    16.226366     3.405735     9.779750     5.179767  0.262737              0          4.646879    7.542679
Round 10     10.108965     8.931512    12.688384    18.184665     9.178082     9.807909    25.474910     6.042332    13.793325     6.637111  0.265555              0          2.619676    4.969191
Round 11      6.212515     8.986640    10.331715    11.229190    13.648852     5.778227    23.260326     6.071713     9.889636     7.953602  0.270782              0          4.775228    7.824290
Round 12      6.823437     6.090282    16.321218    11.109746    14.301291     9.210927    21.929792     3.528567    15.653106     7.173696  0.297006              0          2.543085    5.028118
Round 13     10.640024     5.733205     9.530530    15.926756    19.943675     9.343663    26.361309     3.713789     9.123708     4.476009  0.238725              0          4.330037    7.267942
Round 14      6.562186     6.079109    11.097616    10.683686    17.134973     7.188161    16.021487     4.807071     9.861399     4.672785  0.242782              0          2.578789    4.957621
Round 15     10.759932     5.611087    15.685722    18.370078    14.379050     5.492512    22.802073     6.199178    15.057056     7.937743  0.277923              0          4.896589    7.872479
Round 16      6.142992     6.069761    10.787305    12.042818    14.277323     3.588691    16.404551     3.855557     8.894562     4.821509  0.251822              0          2.593647    5.155476
Round 17     10.282335     7.898496    16.126132    18.278538    21.768914     9.164196    25.384593     5.552731    12.845276     6.879897  0.251998              0          2.845548    5.168533
Round 18      6.511123     5.505435     9.735049    10.974374    14.533532     6.121926    10.823820     3.666416     9.822254     4.611835  0.263147              0          4.535733    7.733932
Round 19      9.992830     4.606916    16.479828    18.448430    22.963548     9.071099    20.057025     5.730295    11.122963     8.049117  0.262936              0          2.543858    4.946394
Round 20      6.592010     5.803913    14.589052    10.707438    14.459104     6.959843    16.418094     3.890373    13.887444     4.101208  0.258379              0          4.387900    7.501011
Round 21      6.129233    10.191752    15.003815    18.028535    20.243337     4.093534    17.886904     5.855644    10.023033     4.752637  0.268617              0          2.506806    4.875893
Round 22     10.808533     5.998396     9.630822    15.199378    17.862623     9.659931    20.514732     3.847527     8.897883     4.453262  0.264802              0          4.804552    7.765793
Round 23      6.600906     6.003597    14.286117    11.622504    18.152617     5.773129    16.101355     3.776067     9.955556     3.333809  0.238509              0          2.524779    4.900756
Round 24     10.515849     6.741624    16.128311    18.396347    20.807902     9.027438    23.716744     3.510385    15.186198     4.222609  0.247600              0          4.078052    6.510046
Round 25      6.600000     6.074444    10.429995    11.403793    11.037053     5.522536    16.172509     3.645839     9.658715     4.477768  0.254699              0          2.608272    5.569617
Round 26     10.574700    10.106514    15.601052    17.446017    13.567679     8.014942    25.922796     5.662514    15.935190     7.602408  0.273435              0          2.503736    5.069565
Round 27      7.439837     5.977828    10.000368    11.674820    14.315254     5.693483    15.956384     3.633705     9.741841     6.032852  0.251206              0          4.709282    7.766527
Round 28     10.460516     9.421633    15.627045    17.540692    16.125537     9.425587    17.614905     5.856071    14.994676     7.537902  0.255045              0          2.520530    4.883366
Round 29      6.507506     5.964459    14.065126    11.318744    14.556660     5.787234    20.008213     3.286252     9.233834     4.487898  0.283581              0          5.020067    8.136922
Round 30     10.756404     9.697971    15.967567    13.642350    23.148355     6.001724    18.042154     5.638115     9.981500     7.167301  0.286430              0          2.544661    4.978559
Round 31      6.413839     5.667928    10.316048    17.433791    14.404660     5.935274    24.883412     6.064541     9.612270     4.624841  0.243942              0          4.607111    7.554936
Round 32      9.777363     6.983850    14.940085    15.392174    11.227133     7.050277    16.148525     3.867062    10.661386     6.997160  0.255462              0          2.641829    5.091830
Round 33      6.024106     5.897988    10.630834    18.183035    20.774627     9.856787    23.013418     3.573838     9.390868     4.612338  0.251060              0          4.501097    7.521907
Round 34      9.185840     7.249591    10.542042    11.285799    14.972234     5.599882    15.070606     5.664536    10.046157     4.821998  0.280189              0          2.632436    5.159198
Round 35      5.848981     6.896403    17.055218    18.541071    22.631712     9.135765    18.632124     3.325525    15.549616     7.735770  0.263428              0          3.050300    5.652854
Round 36      6.432369     6.078378    10.043779    11.809032    14.116232     5.763941    15.874234     3.974703     6.922981     4.450963  0.282724              0          4.909416    8.012219
Round 37     10.203191     9.601258    10.835402    17.991530    22.325771     9.602745    26.107575     5.928243     9.762181     7.443789  0.312059              0          2.549315    4.977352
Round 38      6.770204     7.106012    10.333899    11.520630    14.417597     6.136843    20.267615     3.609596     9.463822     4.230197  0.253768              0          4.909994    7.979867
Round 39     10.094633     5.985755    10.128176    16.889245    14.680970     9.564933    22.251861     2.520707     9.840153     4.843277  0.309395              0          2.653667    5.136186
Round 40     10.320245     6.081669    10.042307    11.481608    22.679355     6.747732    25.536741     5.268439     9.940681     7.740437  0.248127              0          4.821126    7.887405
Round 41      7.447590     6.080800    13.374949     8.130229    14.649205     8.099598    16.039076     4.428544    10.026781     5.520820  0.237211              0          2.711871    5.067661
Round 42      9.521440     5.915735    16.170408    18.096081    22.750584     9.614305    17.598484     6.061713    15.269199     4.293760  0.249855              0          4.981086    7.977365
Round 43      6.912746     6.268263    10.540074    11.626904    14.545507     5.894468    16.634468     3.467527     7.750912     5.144351  0.264144              0          2.592532    5.026431
Round 44     10.871868     7.105094    17.002108    18.393948    22.910124     9.199358    25.794305     5.929662    13.106352     6.964711  0.251088              0          3.322946    5.761091
Round 45      6.268494     4.846169    10.648368    11.118301    14.364746     5.840265    16.652495     3.653816     9.844258     4.763657  0.280381              0          3.062592    6.242447
Round 46      9.144855     9.090400     6.538800    18.612199    22.432230     8.825451    25.888245     6.356239    15.934296     6.761483  0.305197              0          2.587828    5.077833
Round 47      9.126942     8.752257    10.152800    11.810376    14.491074     5.405781    16.131451     3.883388    10.337552     4.742373  0.250721              0          4.723070    7.881608
Round 48     10.589130     8.796237    10.565003    18.105477    10.572392     5.888339    24.865173     3.599977    15.885908     7.320760  0.267385              0          2.566289    4.923519
Round 49      6.359560     9.486380    16.061159    18.547820    14.092609     7.510784    15.610637     3.104572    14.699188     4.661886  0.256982              0          4.803743    7.859021
Round 50      5.269513     5.947848    10.500763    11.572093    19.194473     8.974303    20.111425     5.921065     9.591541     4.728943  0.286191              0          2.527384    4.966932
Round 51      6.538813     8.985629    16.743602    14.934196    20.529784     8.772450    25.740953     6.167262     9.249156     8.048709  0.274613              0          4.659028    7.340565
Round 52      6.537959     6.036604    10.435384     7.634470    14.594900     5.609446    16.139232     3.679339     9.973029     4.667302  0.246938              0          2.657918    5.546119
Round 53     10.777506     8.488356    16.935654    18.246253    22.543030     8.905570    24.882014     5.827865    15.256286     3.131641  0.268302              0          2.615002    5.194306
Round 54      6.398587     5.994036    10.526022    11.711352    15.698201     5.464317    16.658857     3.621854     9.677907     4.229494  0.249220              0          5.117468    8.075345
Round 55     10.148895     6.017777    16.762444    17.916937    21.764528     6.381505    19.935410     6.224393     7.350652     7.032112  0.259760              0          2.684768    5.091219
Round 56      6.510043     6.026605    10.583130    11.493821    14.431358     8.837910    18.668212     3.280905    13.942608     7.436177  0.272100              0          5.007563    8.097317
Round 57      6.543410     7.572065    10.243858     9.809016    16.201430     9.565764    25.537265     3.839918    15.350247     4.736093  0.257641              0          2.656941    5.089130
Round 58     10.046392     5.882274    12.071939    18.319499    22.487756     5.693472    23.065259     6.264902     9.292525     7.760689  0.249312              0          4.651775    7.610829
Round 59      6.704348     6.249526    10.550374    11.845219    14.123682     8.375937    19.337585     3.699550     9.841112     4.646045  0.426236              0          2.744315    5.391298
Round 60     10.324940     9.636389    16.699396    17.324042    21.903573     8.977133    21.636475     5.427003    15.590034     4.204344  0.237139              0          4.397319    7.077836
Round 61      6.678361     5.943738    10.196823     8.347236    14.293133     5.851600    16.455189     3.328314     9.962974     4.725749  0.263205              0          2.765321    5.957290
Round 62     10.254421     9.486892    16.402674    17.485256    21.592873     9.612421    16.982960     6.410911    15.391422     7.362621  0.253476              0          2.694195    5.241358
Round 63      6.540729     8.372980    10.463817    13.043886    14.503340     7.497216    16.190267     3.691842     9.590453     4.655519  0.262820              0          4.782926    7.926660
Round 64     11.008052     9.254581    10.573106     8.625001    22.526560     9.029050    22.240363     4.424608     9.671906     7.210953  0.256193              0          2.687642    5.388239
Round 65      6.323702     8.919926    13.731843    17.681414    14.437243     5.874571    23.073316     3.599617     8.996361     4.600368  0.247063              0          4.746121    7.800188
Round 66     10.419019     5.769206    10.525389    11.770501    13.477228     6.006045    24.057186     3.729704    13.597046     4.623485  0.252508              0          2.656342    5.068166
Round 67      9.843968     5.976603    16.617527    16.284064    19.103197     8.785856    17.666077     6.480410    15.738725     7.477527  0.265700              0          4.499985    7.097618
Round 68      6.624599     6.375918    11.227726    10.906541    14.252590     5.825374    16.719459     3.774740     8.302707     4.905229  0.271407              0          2.638749    5.043226
Round 69      8.663475     9.413825    15.260024    18.320439    23.180463     7.876986    21.034339     5.978278    14.500356     7.688510  0.271255              0          2.638891    5.052538
Round 70      6.683342     5.977886    10.281616    11.387641    15.144612     5.665421    16.060964     3.652891     9.207239     4.463489  0.254590              0          4.539329    7.563303
Round 71      6.271125     5.550478    12.501962    17.148328    22.677706     9.411967    26.047621     3.544655    10.826968     3.060497  0.299695              0          2.630868    5.233796
Round 72     10.266113     5.818661    10.294105    17.029371    14.363762     6.816729    15.511357     3.146032     9.681127     6.724743  0.265961              0          4.796788    7.788025
Round 73     10.319016     9.598989     7.307131    18.295091    15.656133     9.453838    17.259965     6.374880     9.422159     4.801974  0.241494              0          2.628077    5.047903
Round 74      8.537670     5.503352    10.414330    19.171098    14.484947     8.960352    25.787884     5.785134    15.100825     4.711687  0.291930              0          4.931088    8.026686
Round 75      6.524396     6.095009    11.463166    11.767123    14.383628     5.773773    18.947238     3.930353     8.527192     6.158207  0.263998              0          2.651868    5.265498
Round 76      6.066657    10.264311    16.609607    16.809149    22.904502     5.367698    26.072926     6.088565    15.620775     7.334931  0.273344              0          3.491481    6.097906
Round 77      6.638108     4.608743    10.085392    11.724058    14.793606     6.099777    16.566298     3.373839    10.088943     4.619277  0.298856              0          2.617424    5.723661
Round 78     10.812408     9.633061    15.257226    18.231303    23.120365     9.694860    26.066469     2.642259    13.598110     7.087296  0.247852              0          2.610369    5.248168
Round 79      6.441290     6.040354    10.647084    11.703868    14.041911     5.506130    18.716180     3.617949     9.240811     8.083148  0.237443              0          4.569786    7.639581
Round 80     10.605599     8.898711    16.667603    18.317666    11.203462     6.474203    18.960644     5.823448    15.856192     7.599787  0.315737              0          2.730090    5.211518
Round 81     10.897067     5.451660    10.640136    11.611136    14.609844     9.721942    19.325027     3.657494    11.083948     4.720917  0.276158              0          4.902670    8.049261
Round 82      6.697631     5.822845    10.255723    11.734307    14.880456     9.744056    18.759401     4.540080    15.174398     3.690791  0.272096              0          2.702830    5.251838
Round 83     10.206802     8.279000    16.517218    18.992782    14.253650     9.466518    26.190795     5.549151     9.389286     4.676998  0.277044              0          4.735025    7.821177
Round 84      6.643473     6.135359     7.556910    11.531799    14.456746     6.046789    16.762340     4.312709     9.901924     5.217842  0.236835              0          2.628874    5.075712
Round 85     10.209850     9.471300    16.721952    18.661373    23.078259     7.083733    26.094644     3.479070    15.370407     5.085340  0.269167              0          3.231438    5.693640
Round 86      6.583796     6.110462    10.436450    11.413031    13.846991     5.864423    16.694171     3.681977    10.167062     4.418651  0.265960              0          2.734156    5.293007
Round 87     11.003105     9.288376    15.938930    18.561261    22.056061     9.085410    25.530215     3.367736    15.179620     7.658952  0.300414              0          2.614480    5.193752
Round 88      6.066553     5.941695    10.830611    11.479251    13.708704     5.829371    16.481124     3.465282     9.477355     4.482210  0.245151              0          4.662776    7.757350
Round 89      6.425312     9.883966    12.467439    13.298717    23.460051     4.011756    26.134587     4.628770    15.745543     8.070302  0.236882              0          2.682574    5.125342
Round 90      6.389359     5.957086    15.399320    12.043905    14.890718     5.847838    21.374199     3.752609     9.913385     4.743762  0.267217              0          5.036561    8.101554
Round 91     10.401022     6.214499    10.034540    18.415137    20.987391     6.918617    18.345052     4.612918    13.589301     4.697546  0.297089              0          2.755533    5.311440
Round 92      6.092465     8.714908    13.129631    16.509685    14.370145     5.814390    16.500772     6.384098     9.650599     4.679888  0.289612              0          4.715544    7.699555
Round 93      6.687544     6.272794    10.542932    12.225500    14.699658     7.528446    24.473060     4.367751    15.995871     4.667063  0.344625              0          2.809113    5.505378
Round 94     10.861898     9.444992    10.430513    11.382685    20.479829     5.688580    23.183165     6.386748     9.136650     7.717100  0.279385              0          4.540309    7.652660
Round 95      6.672762     8.630276    14.005844    13.322213    14.268433     5.880972    17.658015     3.723968     9.806198     4.737159  0.283343              0          2.734937    5.225893
Round 96      6.552321     9.378791    15.877696    13.564270    13.864176     9.337031    26.449578     6.088232    16.425821     7.831788  0.266847              0          4.157805    7.292167
Round 97      8.428540     5.861619    10.785388    13.647595    14.234880     5.802183    12.182944     3.705929     9.883314     4.708028  0.274964              0          2.696787    5.229202
Round 98     10.618793     9.862195    16.294605    17.666045    20.955807     9.886196    24.122169     5.708962    14.947624     6.981902  0.294688              0          3.057694    5.669916
Round 99      6.684887     6.219735    10.687070    11.163611    10.758776     5.784357    16.479602     3.465909     9.416315     4.403057  0.259005              0          4.108018    7.207229
Round 100    10.793853     9.316799    17.044294    17.999199    23.652426     7.186731    12.565582     5.821975    15.487232     7.499081  0.292224              0          2.835388    5.410848

총 시뮬레이션 시간: 622.02초

================================================================================
 시뮬레이션 파라미터
================================================================================
NUM_CLIENTS: 10
NUM_ROUNDS: 100
LOCAL_EPOCHS: 2
DIRICHLET_ALPHA: 0.5
MIN_SAMPLES_PER_CLASS: 30
RANDOM_SEED: 42
NUM_COMMITTEE_MEMBERS: 3
EWMA_BETA: 0.5
CONTRIBUTION_SCALING_FACTOR: 1.3
NUM_NOISE_ATTACKERS: 0
NUM_DATAF_ATTACKERS: 3
DATAF_POISON_LEVEL: 3
COMMITTEE_EVAL_SKIPPED: True
