================================================================================
 데이터 분할 현황
================================================================================
   Client  Num Samples  Class 0  Class 1  Class 2  Class 3  Class 4  Class 5  Class 6  Class 7  Class 8  Class 9
0       0         3847      107      886      649      195      364      377      299      428      111      431
1       1         3575      454      100      263      839      337      491      104      509      370      108
2       2         5709     1131      102      484      537      627      244      122      235     2051      176
3       3         6301      216     1611      101      123      495      967      604     1405      150      629
4       4         7718      717      395      732      240     1916      828     2149      310      308      123
5       5         3473      165      276      835      233      110      353      364      397      378      362
6       6         8597      145      265     1131     1565      111      234      914     1270     1035     1927
7       7         2454      100      295      286      191      136      511      100      215      357      263
8       8         5403     1743      827      413      519      185      767      183      100      132      534
9       9         2923      222      243      106      558      719      228      161      131      108      447

================================================================================
 라운드별 글로벌 모델 정확도
================================================================================
       Overall_Accuracy  Poisoned_Acc([1,5,8])
Round                                         
1                0.1049                 0.0000
2                0.2851                 0.0060
3                0.4769                 0.0833
4                0.5278                 0.1763
5                0.5968                 0.3447
6                0.6464                 0.4960
7                0.6788                 0.5420
8                0.6714                 0.5073
9                0.7073                 0.5680
10               0.7049                 0.5647
11               0.7201                 0.6057
12               0.7146                 0.5610
13               0.7309                 0.6300
14               0.7229                 0.5940
15               0.7333                 0.6110
16               0.7324                 0.6067
17               0.7321                 0.6033
18               0.7172                 0.5600
19               0.7371                 0.6193
20               0.7364                 0.6017
21               0.7300                 0.5837
22               0.7423                 0.6243
23               0.7399                 0.6263
24               0.7352                 0.6103
25               0.7355                 0.6030
26               0.7297                 0.5953
27               0.7296                 0.6057
28               0.7330                 0.6070
29               0.7225                 0.5660
30               0.7422                 0.6380
31               0.7221                 0.5667
32               0.7321                 0.6060
33               0.7177                 0.5630
34               0.7230                 0.5763
35               0.7353                 0.6200
36               0.7286                 0.5933
37               0.7324                 0.6090
38               0.7142                 0.5440
39               0.7275                 0.5960
40               0.6962                 0.4790
41               0.7297                 0.6077
42               0.7120                 0.5353
43               0.7261                 0.5887
44               0.7178                 0.5607
45               0.7108                 0.5320
46               0.7209                 0.5797
47               0.7120                 0.5473
48               0.7079                 0.5263
49               0.7118                 0.5460
50               0.7013                 0.5117

================================================================================
 라운드별 모델 합성 가중치
================================================================================
          client_0_weight  client_1_weight  client_2_weight  client_3_weight  client_4_weight  client_5_weight  client_6_weight  client_7_weight  client_8_weight  client_9_weight
Round 1          0.124285         0.117641         0.112255         0.143865         0.160937         0.075496         0.102979         0.023604         0.079269         0.059668
Round 2          0.143277         0.114232         0.104713         0.136669         0.143322         0.075492         0.103086         0.039281         0.074598         0.065330
Round 3          0.135960         0.114560         0.100743         0.148857         0.156416         0.074502         0.091393         0.026265         0.075074         0.076231
Round 4          0.139015         0.132487         0.105984         0.134692         0.137570         0.074643         0.085936         0.036579         0.073090         0.080005
Round 5          0.139727         0.129668         0.116381         0.134079         0.137519         0.068822         0.077739         0.044096         0.074979         0.076990
Round 6          0.140259         0.123793         0.121715         0.128997         0.132629         0.072384         0.076273         0.053071         0.070553         0.080326
Round 7          0.140353         0.127663         0.129180         0.115406         0.133655         0.070013         0.073288         0.062206         0.067996         0.080241
Round 8          0.137626         0.130196         0.123907         0.123301         0.133155         0.068794         0.076405         0.057234         0.069229         0.080153
Round 9          0.134389         0.128840         0.122393         0.126326         0.130250         0.070253         0.077618         0.060914         0.070196         0.078820
Round 10         0.131521         0.126770         0.126799         0.127630         0.129235         0.067971         0.077564         0.064247         0.072989         0.075273
Round 11         0.130221         0.123733         0.127328         0.129056         0.129944         0.069081         0.075855         0.065093         0.073756         0.075933
Round 12         0.130643         0.124267         0.123554         0.133135         0.128129         0.070292         0.074343         0.064883         0.072694         0.078060
Round 13         0.137426         0.125787         0.126851         0.131914         0.124810         0.070182         0.070270         0.063497         0.069637         0.079625
Round 14         0.137006         0.126827         0.126361         0.131836         0.124145         0.070066         0.070321         0.063800         0.070862         0.078776
Round 15         0.140963         0.126651         0.123412         0.131941         0.123361         0.070359         0.072242         0.063847         0.070795         0.076430
Round 16         0.143168         0.130012         0.120276         0.130367         0.122136         0.069922         0.071234         0.064354         0.072786         0.075745
Round 17         0.143934         0.133667         0.123288         0.134520         0.117641         0.066093         0.072766         0.059580         0.073571         0.074939
Round 18         0.145141         0.135545         0.127756         0.136179         0.112988         0.062459         0.074283         0.061494         0.067973         0.076181
Round 19         0.146231         0.139534         0.126478         0.136429         0.113800         0.061974         0.073453         0.060535         0.067339         0.074226
Round 20         0.146052         0.139681         0.128127         0.134404         0.115534         0.062987         0.070767         0.060692         0.067462         0.074295
Round 21         0.143959         0.138345         0.129675         0.133293         0.119458         0.063821         0.068686         0.060318         0.067748         0.074698
Round 22         0.144014         0.140696         0.125896         0.132910         0.122516         0.061393         0.068006         0.061966         0.065648         0.076955
Round 23         0.143044         0.140086         0.127318         0.133182         0.122300         0.061840         0.067500         0.061758         0.065121         0.077852
Round 24         0.143088         0.138550         0.128459         0.132649         0.126731         0.058549         0.068071         0.060639         0.065419         0.077844
Round 25         0.140805         0.138637         0.125942         0.132068         0.129052         0.062481         0.066607         0.063916         0.061506         0.078987
Round 26         0.140567         0.137401         0.129106         0.131212         0.127942         0.062588         0.067089         0.060903         0.063870         0.079321
Round 27         0.140917         0.140374         0.130077         0.132922         0.116775         0.064981         0.067074         0.063474         0.066321         0.077085
Round 28         0.141214         0.141428         0.130931         0.134502         0.123546         0.060838         0.065326         0.065739         0.060789         0.075687
Round 29         0.142094         0.142893         0.131275         0.133680         0.124371         0.061056         0.065568         0.062634         0.060334         0.076094
Round 30         0.140958         0.141333         0.130053         0.131378         0.127426         0.063614         0.065433         0.063840         0.058785         0.077180
Round 31         0.140231         0.140291         0.129068         0.131902         0.128689         0.064155         0.063187         0.064137         0.060334         0.078006
Round 32         0.140100         0.139750         0.129945         0.130764         0.128101         0.061747         0.065751         0.065081         0.062263         0.076497
Round 33         0.138767         0.138945         0.129341         0.128805         0.127466         0.063056         0.066367         0.066679         0.064067         0.076507
Round 34         0.136931         0.137666         0.129467         0.128686         0.126483         0.065596         0.067966         0.066556         0.064116         0.076533
Round 35         0.136802         0.137258         0.129775         0.128519         0.127822         0.066850         0.065927         0.066959         0.064970         0.075120
Round 36         0.138086         0.139063         0.127502         0.129194         0.128903         0.068019         0.061910         0.069161         0.061069         0.077093
Round 37         0.138275         0.140174         0.131035         0.130404         0.114636         0.070272         0.065777         0.067933         0.062960         0.078534
Round 38         0.138413         0.139747         0.132333         0.129329         0.113856         0.070393         0.063450         0.068150         0.065526         0.078802
Round 39         0.136550         0.137962         0.128218         0.129080         0.119272         0.068792         0.066489         0.068320         0.066300         0.079017
Round 40         0.135673         0.137286         0.127227         0.128871         0.122873         0.069250         0.067205         0.066716         0.066512         0.078387
Round 41         0.134529         0.136632         0.126753         0.128743         0.125311         0.070001         0.068594         0.063140         0.067634         0.078665
Round 42         0.133763         0.135655         0.127661         0.128167         0.125388         0.069008         0.068726         0.065305         0.068171         0.078158
Round 43         0.133108         0.135130         0.127429         0.126605         0.126133         0.069348         0.069412         0.065790         0.069043         0.078001
Round 44         0.133594         0.135634         0.129740         0.127036         0.127939         0.068680         0.062747         0.066483         0.069123         0.079025
Round 45         0.133529         0.134745         0.129249         0.127283         0.128945         0.068840         0.063181         0.066867         0.069314         0.078048
Round 46         0.133292         0.133918         0.129226         0.127279         0.127443         0.068303         0.066002         0.067587         0.068891         0.078058
Round 47         0.133144         0.133857         0.129468         0.127663         0.127281         0.068077         0.067088         0.067045         0.068060         0.078317
Round 48         0.133973         0.135197         0.130900         0.127852         0.129159         0.065091         0.064176         0.065221         0.069565         0.078866
Round 49         0.133648         0.135033         0.130505         0.124930         0.128742         0.066132         0.065832         0.066756         0.069538         0.078885
Round 50         0.132992         0.134864         0.130344         0.125964         0.129424         0.065013         0.067402         0.067624         0.067686         0.078686

================================================================================
 라운드별 시간 측정 결과 (초)
================================================================================
          cli 0 train  cli 1 train  cli 2 train  cli 3 train  cli 4 train  cli 5 train  cli 6 train  cli 7 train  cli 8 train  cli 9 train  agg time  cli eval time  global eval time  total time
Round 1      8.905265     6.131279    13.499385    13.734425    17.791445     6.591789    12.555236     5.546992    12.751654     6.445089  0.424978      35.721634          3.861501   42.645759
Round 2      7.133423     8.896826     9.615922    10.792909    15.830240     8.161736    19.115930     6.176294    12.843536     5.383504  0.382884      37.002319          4.044707   44.110004
Round 3      8.216317     5.716310    13.402446    15.665946    17.087226     8.463796    18.575370     6.540262     9.874939     6.819395  0.362391      38.202210          4.159149   45.327300
Round 4      9.004720     6.887568     9.606889    11.983320    18.429535     6.198840    14.324206     5.986656    13.385496     4.676243  0.357619      37.498958          3.848634   44.265819
Round 5      9.649398     8.680820    13.824121    15.345934    10.775696     9.056090    19.972008     5.628511    11.132243     7.581655  0.376777      40.734450          2.602464   46.260841
Round 6      9.251057     7.140181    13.748948    15.450841    19.062361     8.995460    20.038345     6.701664    11.821654     7.365860  0.373429      40.272994          4.067516   46.999924
Round 7      9.484622     8.693478    11.252935    15.745273    15.135497     8.530900    17.311521     6.383224    13.491156     7.236260  0.406380      39.488631          4.587528   46.909452
Round 8      9.883999     9.445671    12.135414    15.492727    19.540246     8.878456    21.105929     5.188002     9.222762     4.616913  0.364322      38.287196          4.479619   45.782161
Round 9      7.977904     8.808579    14.147395    12.906883    18.722845     8.054529    16.468156     6.470546    10.813805     7.705969  0.357859      39.095816          4.233954   46.347583
Round 10     9.679634     6.562871    14.266155    16.149076    13.032250     8.599177    19.321756     3.817192    11.721164     7.555695  0.390911      40.188093          4.288969   47.510077
Round 11    10.245963     8.764004    11.798167    15.588538    13.526677     7.847062    21.022621     6.732375     9.614423     7.802226  0.356482      39.633563          4.298568   47.090783
Round 12     9.672299     9.207060    10.310925    15.347575    13.347363     5.713695    19.513765     6.495761    13.571601     7.335715  0.394114      38.394161          4.085533   45.479760
Round 13     9.804054     6.555896    11.037642    14.933890    13.522330     8.618147    19.113077     6.665958    13.295077     7.600507  0.354048      40.872125          3.275368   47.124978
Round 14     9.925289     9.155131     5.591448    15.152341    19.182970     8.899662    20.601339     6.619815    12.476935     7.634366  0.362764      41.124500          3.191673   46.879133
Round 15     9.576474     9.158144    13.995264    14.584062    18.770112     6.460773    21.350147     6.822056    10.390659     7.687505  0.354259      38.552253          4.242868   45.891901
Round 16     6.927387     7.516972    14.396050    15.615542    14.938654     5.606227    21.103573     4.925409    13.534916     7.046490  0.379877      38.697169          4.385437   46.270580
Round 17    10.415072     5.725906    11.608561    11.878521    19.117145     8.743559    20.604680     3.979262    12.437704     4.357061  0.368886      38.757312          4.299504   46.117881
Round 18     9.565685     9.508972     9.843188    12.122500    15.642604     6.487173    19.148412     6.596145    13.151597     7.649686  0.354013      40.005838          4.239591   47.482265
Round 19     8.284069     5.944727    13.440443    13.828678    19.179660     8.511249    21.670435     6.257144    10.746885     7.093678  0.359929      37.820022          4.643860   45.522771
Round 20     9.250590     9.402657     9.404790    15.154395    18.161562     7.854539    21.454478     6.281344    13.804663     4.833462  0.367964      41.122808          3.387853   47.467786
Round 21     9.898340     8.782154    10.200790    15.510328    19.463634     9.098831    21.473301     6.302217     9.715585     7.539675  0.350783      41.681710          3.540231   47.685759
Round 22     9.783443     7.533989    14.210277    14.001819    18.888646     8.966264    20.943931     6.587256    12.729446     7.835486  0.363326      39.364906          4.468019   46.617817
Round 23     6.067466     6.679061    14.032102    10.697213    16.111120     9.253896    21.266757     6.870253    13.865312     5.819406  0.359308      40.240356          4.441800   47.805123
Round 24     9.817251     9.104293    11.176113    12.376095    13.464009     9.049908    18.273823     6.411763    13.177364     7.538982  0.417138      38.578265          4.291393   46.056878
Round 25     7.928484     7.269720    14.275642    13.568394    16.791572     8.986154    20.329118     6.288625     8.039503     5.277064  0.373697      38.283932          4.306104   45.574060
Round 26     8.843863     9.484910    10.887111    15.915672    19.419681     7.526030    14.736417     5.220486     8.380873     7.600909  0.352145      39.874452          4.107003   47.052205
Round 27     6.410398     9.118248     9.328682    12.472190    19.490647     8.398722    20.544717     5.047778    13.041342     7.493493  0.371727      41.574161          3.023610   47.128379
Round 28     5.236254     5.270941     7.705644     8.656226    10.354542     4.854763    11.281244     3.332651     7.443573     3.699517  0.343096      23.666343          2.431103   28.411016
Round 29     4.124211     4.712717     7.513482     7.748850    10.594838     3.933642    11.376041     3.556520     6.327825     3.719967  0.340533      23.871283          2.365216   28.901091
Round 30     5.224312     4.729377     6.020301     7.104119    10.673557     4.452197    10.582623     3.133057     7.483527     4.086577  0.340801      23.764684          2.355163   28.424543
Round 31     5.029688     4.732534     7.753410     7.621387     9.907537     4.548415    11.044279     2.761691     7.167653     4.399940  0.340550      24.079591          2.359642   28.745030
Round 32     5.025657     4.593128     7.533180     8.423520     8.484503     4.739261    10.755135     3.542794     6.634071     3.392938  0.345230      24.181753          2.391761   29.078750
Round 33     5.367929     4.255566     6.881251     9.116229     8.849354     4.162298    10.578000     3.218789     7.600121     3.649609  0.337411      24.137101          2.348544   28.870656
Round 34     4.514328     4.973845     6.889009     8.756009     9.453987     4.315689     9.794278     2.694884     6.488600     3.800073  0.343162      23.745942          2.428978   28.725990
Round 35     5.407563     4.039655     7.036138     8.840794    10.177411     4.543523     9.289591     3.123663     6.255990     3.622899  0.407701      23.599398          2.444185   28.452001
Round 36     4.899752     4.924603     7.376919     8.439022     9.816609     3.803812    10.692336     3.462028     7.329659     3.488981  0.385620      23.567145          2.344117   28.357028
Round 37     5.552991     3.858001     7.523702     7.516471    11.472179     3.965562    10.405884     2.969342     6.214005     3.689489  0.338545      23.889175          2.397851   28.637376
Round 38     3.365488     4.270537     7.833942     8.108759     9.573586     4.542260    11.733174     3.006072     6.957424     3.641459  0.338100      24.327814          2.447075   29.150283
Round 39     5.579197     5.043509     7.329921     8.022315     8.782469     4.351593     9.438317     2.855692     6.895283     3.827473  0.374496      23.676222          2.393739   28.530154
Round 40     5.515993     4.850824     7.221991     7.837146     9.499528     4.726021    10.947690     3.088473     6.322351     3.880662  0.335969      23.819045          2.363198   28.667909
Round 41     4.357438     3.709953     7.490906     7.977268     9.733575     4.902666    11.029753     3.149337     7.201862     3.661066  0.331272      23.817418          2.363865   28.480608
Round 42     5.532986     4.631831     7.499051     7.478345    10.211388     5.322135    11.388496     3.303893     7.135427     3.764584  0.339781      23.610011          2.363696   28.280336
Round 43     5.585880     4.510540     6.905676     7.737879    10.150270     5.015978    11.006987     3.318156     6.869591     3.569796  0.340806      23.670070          2.339973   28.305393
Round 44     4.971172     4.210834     6.699470     8.200160    10.890668     4.659616     9.212213     3.068595     6.207029     3.924205  0.336063      24.075576          2.372147   28.913786
Round 45     4.905607     4.043698     7.233639     8.953721     9.324058     4.581988    10.337211     3.180435     7.848915     3.901835  0.343267      23.869611          2.356196   28.745638
Round 46     4.904359     4.764287     7.303328     7.653682    10.127187     3.958820    10.204649     3.169264     6.773382     3.618699  0.338256      23.688948          2.412511   28.521679
Round 47     4.910777     4.762638     7.655569     8.031386     9.317844     3.782408    10.745207     2.910410     6.627031     4.129632  0.381827      23.671881          2.423525   28.513743
Round 48     4.554600     4.692675     7.521486     7.271813     8.811033     4.536248    11.675258     2.896737     6.582406     3.640555  0.340904      23.885209          2.355097   28.605606
Round 49     4.324990     4.994689     6.835913     8.185861    10.683637     4.588928    11.200843     3.209356     7.413520     3.517692  0.346155      23.820546          2.347395   28.529615
Round 50     5.018076     4.117821     7.759299     7.209104     9.929821     4.700834    10.851423     3.826213     6.832319     3.689884  0.360489      23.985364          2.419924   28.891066

총 시뮬레이션 시간: 1908.15초

================================================================================
 시뮬레이션 파라미터
================================================================================
NUM_CLIENTS: 10
NUM_ROUNDS: 50
LOCAL_EPOCHS: 2
DIRICHLET_ALPHA: 0.5
MIN_SAMPLES_PER_CLASS: 100
RANDOM_SEED: 42
NUM_COMMITTEE_MEMBERS: 3
EWMA_BETA: 0.3
CONTRIBUTION_SCALING_FACTOR: 1.5
NUM_NOISE_ATTACKERS: 0
NUM_DATAF_ATTACKERS: 5
DATAF_POISON_LEVEL: 3
COMMITTEE_EVAL_SKIPPED: False
