================================================================================
 데이터 분할 현황
================================================================================
   Client  Num Samples  Class 0  Class 1  Class 2  Class 3  Class 4  Class 5  Class 6  Class 7  Class 8  Class 9
0       0         3847      107      886      649      195      364      377      299      428      111      431
1       1         3575      454      100      263      839      337      491      104      509      370      108
2       2         5709     1131      102      484      537      627      244      122      235     2051      176
3       3         6301      216     1611      101      123      495      967      604     1405      150      629
4       4         7718      717      395      732      240     1916      828     2149      310      308      123
5       5         3473      165      276      835      233      110      353      364      397      378      362
6       6         8597      145      265     1131     1565      111      234      914     1270     1035     1927
7       7         2454      100      295      286      191      136      511      100      215      357      263
8       8         5403     1743      827      413      519      185      767      183      100      132      534
9       9         2923      222      243      106      558      719      228      161      131      108      447

================================================================================
 라운드별 글로벌 모델 정확도
================================================================================
       Overall_Accuracy
Round                  
1                0.1260
2                0.4003
3                0.6056
4                0.6600
5                0.6927
6                0.7262
7                0.7332
8                0.7471
9                0.7586
10               0.7712
11               0.7799
12               0.7703
13               0.7761
14               0.7825
15               0.7886
16               0.7864
17               0.7895
18               0.7878
19               0.7848
20               0.7872
21               0.7913
22               0.7891
23               0.7892
24               0.7891
25               0.7861
26               0.7879
27               0.7898
28               0.7880
29               0.7866
30               0.7888
31               0.7876
32               0.7873
33               0.7910
34               0.7894
35               0.7855
36               0.7871
37               0.7860
38               0.7882
39               0.7881
40               0.7869
41               0.7869
42               0.7854
43               0.7852
44               0.7867
45               0.7861
46               0.7848
47               0.7864
48               0.7857
49               0.7890
50               0.7864

================================================================================
 라운드별 모델 합성 가중치
================================================================================
          client_0_weight  client_1_weight  client_2_weight  client_3_weight  client_4_weight  client_5_weight  client_6_weight  client_7_weight  client_8_weight  client_9_weight
Round 1               0.1              0.1              0.1              0.1              0.1              0.1              0.1              0.1              0.1              0.1
Round 2               0.1              0.1              0.1              0.1              0.1              0.1              0.1              0.1              0.1              0.1
Round 3               0.1              0.1              0.1              0.1              0.1              0.1              0.1              0.1              0.1              0.1
Round 4               0.1              0.1              0.1              0.1              0.1              0.1              0.1              0.1              0.1              0.1
Round 5               0.1              0.1              0.1              0.1              0.1              0.1              0.1              0.1              0.1              0.1
Round 6               0.1              0.1              0.1              0.1              0.1              0.1              0.1              0.1              0.1              0.1
Round 7               0.1              0.1              0.1              0.1              0.1              0.1              0.1              0.1              0.1              0.1
Round 8               0.1              0.1              0.1              0.1              0.1              0.1              0.1              0.1              0.1              0.1
Round 9               0.1              0.1              0.1              0.1              0.1              0.1              0.1              0.1              0.1              0.1
Round 10              0.1              0.1              0.1              0.1              0.1              0.1              0.1              0.1              0.1              0.1
Round 11              0.1              0.1              0.1              0.1              0.1              0.1              0.1              0.1              0.1              0.1
Round 12              0.1              0.1              0.1              0.1              0.1              0.1              0.1              0.1              0.1              0.1
Round 13              0.1              0.1              0.1              0.1              0.1              0.1              0.1              0.1              0.1              0.1
Round 14              0.1              0.1              0.1              0.1              0.1              0.1              0.1              0.1              0.1              0.1
Round 15              0.1              0.1              0.1              0.1              0.1              0.1              0.1              0.1              0.1              0.1
Round 16              0.1              0.1              0.1              0.1              0.1              0.1              0.1              0.1              0.1              0.1
Round 17              0.1              0.1              0.1              0.1              0.1              0.1              0.1              0.1              0.1              0.1
Round 18              0.1              0.1              0.1              0.1              0.1              0.1              0.1              0.1              0.1              0.1
Round 19              0.1              0.1              0.1              0.1              0.1              0.1              0.1              0.1              0.1              0.1
Round 20              0.1              0.1              0.1              0.1              0.1              0.1              0.1              0.1              0.1              0.1
Round 21              0.1              0.1              0.1              0.1              0.1              0.1              0.1              0.1              0.1              0.1
Round 22              0.1              0.1              0.1              0.1              0.1              0.1              0.1              0.1              0.1              0.1
Round 23              0.1              0.1              0.1              0.1              0.1              0.1              0.1              0.1              0.1              0.1
Round 24              0.1              0.1              0.1              0.1              0.1              0.1              0.1              0.1              0.1              0.1
Round 25              0.1              0.1              0.1              0.1              0.1              0.1              0.1              0.1              0.1              0.1
Round 26              0.1              0.1              0.1              0.1              0.1              0.1              0.1              0.1              0.1              0.1
Round 27              0.1              0.1              0.1              0.1              0.1              0.1              0.1              0.1              0.1              0.1
Round 28              0.1              0.1              0.1              0.1              0.1              0.1              0.1              0.1              0.1              0.1
Round 29              0.1              0.1              0.1              0.1              0.1              0.1              0.1              0.1              0.1              0.1
Round 30              0.1              0.1              0.1              0.1              0.1              0.1              0.1              0.1              0.1              0.1
Round 31              0.1              0.1              0.1              0.1              0.1              0.1              0.1              0.1              0.1              0.1
Round 32              0.1              0.1              0.1              0.1              0.1              0.1              0.1              0.1              0.1              0.1
Round 33              0.1              0.1              0.1              0.1              0.1              0.1              0.1              0.1              0.1              0.1
Round 34              0.1              0.1              0.1              0.1              0.1              0.1              0.1              0.1              0.1              0.1
Round 35              0.1              0.1              0.1              0.1              0.1              0.1              0.1              0.1              0.1              0.1
Round 36              0.1              0.1              0.1              0.1              0.1              0.1              0.1              0.1              0.1              0.1
Round 37              0.1              0.1              0.1              0.1              0.1              0.1              0.1              0.1              0.1              0.1
Round 38              0.1              0.1              0.1              0.1              0.1              0.1              0.1              0.1              0.1              0.1
Round 39              0.1              0.1              0.1              0.1              0.1              0.1              0.1              0.1              0.1              0.1
Round 40              0.1              0.1              0.1              0.1              0.1              0.1              0.1              0.1              0.1              0.1
Round 41              0.1              0.1              0.1              0.1              0.1              0.1              0.1              0.1              0.1              0.1
Round 42              0.1              0.1              0.1              0.1              0.1              0.1              0.1              0.1              0.1              0.1
Round 43              0.1              0.1              0.1              0.1              0.1              0.1              0.1              0.1              0.1              0.1
Round 44              0.1              0.1              0.1              0.1              0.1              0.1              0.1              0.1              0.1              0.1
Round 45              0.1              0.1              0.1              0.1              0.1              0.1              0.1              0.1              0.1              0.1
Round 46              0.1              0.1              0.1              0.1              0.1              0.1              0.1              0.1              0.1              0.1
Round 47              0.1              0.1              0.1              0.1              0.1              0.1              0.1              0.1              0.1              0.1
Round 48              0.1              0.1              0.1              0.1              0.1              0.1              0.1              0.1              0.1              0.1
Round 49              0.1              0.1              0.1              0.1              0.1              0.1              0.1              0.1              0.1              0.1
Round 50              0.1              0.1              0.1              0.1              0.1              0.1              0.1              0.1              0.1              0.1

================================================================================
 라운드별 시간 측정 결과 (초)
================================================================================
          cli 0 train  cli 1 train  cli 2 train  cli 3 train  cli 4 train  cli 5 train  cli 6 train  cli 7 train  cli 8 train  cli 9 train  agg time  cli eval time  global eval time  total time
Round 1      6.840987     6.114590    10.193373    10.780071    15.947109     6.319405    14.480928     4.291798    11.925338     5.471340  0.389162              0          3.305135    3.694785
Round 2     10.661755     9.617510    13.568449    16.377045    17.303146     6.034809    18.153721     7.151248    14.595092     8.622221  0.252352              0          4.804384    5.057039
Round 3      6.996346     6.135929    10.084268    11.113827    13.566621     4.701839    14.579861     4.466836     9.536454     4.793207  0.275132              0          2.902523    3.178092
Round 4     10.797083     8.817855    15.902431    16.347042    20.849058     9.188152    20.060483     6.892731    13.542137     8.411302  0.298707              0          2.956760    3.255852
Round 5      6.382645     6.331036    10.215323     8.902717    12.988195     6.229856    14.444766     4.101404     9.374909     5.317003  0.263887              0          3.578723    3.843118
Round 6     10.579075    10.188576    14.757681     9.096395    20.595442     9.187046    23.136818     6.720564    14.516991     8.004584  0.242163              0          3.005665    3.248066
Round 7      6.909718     6.278651     9.556708    12.219620    13.237484     8.015293    14.817443     4.335415     9.110018     5.332543  0.255547              0          4.598568    4.854552
Round 8     10.461585     9.363510    15.303446    12.604361    14.942941     9.795118    22.402408     6.904542    14.643491     7.969383  0.272539              0          2.786033    3.058958
Round 9      6.802375     6.371239     9.695167    11.139314    13.524551     6.102584    17.187762     4.004218     9.243938     5.278392  0.236903              0          4.540776    4.777950
Round 10     6.665322    10.071277     7.208495    17.105458    20.263026     9.595649    22.265920     4.336349     9.518940     6.501770  0.269677              0          2.761759    3.031823
Round 11     7.691255     6.222854     9.876844    10.889603    20.541702     6.042985    21.803766     6.404613     9.313599     5.207594  0.237999              0          4.416161    4.654381
Round 12     8.583329     7.552752     9.619416    17.349979    14.274802     5.954010    23.160072     5.083935     7.328245     7.808342  0.240412              0          3.044683    3.285384
Round 13     8.758229     9.680866    13.401636    10.939900    13.604153     9.744132    14.361493     6.974287     9.658432     7.052165  0.278122              0          4.992593    5.271128
Round 14    10.287493     6.041363    10.091722    14.810026    10.983762     6.242952    22.385853     6.764645    11.330753     5.124509  0.252493              0          2.950504    3.203417
Round 15     6.798649     9.924317    10.007663    12.774811    13.262482     7.994564    22.812774     4.515933    14.035012     8.073617  0.276070              0          4.573450    4.849790
Round 16    10.307302     7.068060    10.858904    16.995351    11.670617     6.068548    14.546795     4.279826     9.505167     7.787538  0.283130              0          2.935014    3.218534
Round 17    10.048627     7.990269    15.236464    10.674354    20.250117     9.877944    16.019762     6.650886    11.226275     5.274511  0.264857              0          4.634417    4.899739
Round 18     7.078514     4.979543    12.474574    11.103781    13.145737     6.359786    16.551543     6.962515     9.211665     8.130601  0.249785              0          2.778898    3.029155
Round 19    11.211621     9.761775    13.326808    11.180004    20.637419     9.289300    22.160543     4.398395    10.581172     8.053144  0.296685              0          4.962090    5.259243
Round 20     6.806675     8.042190    10.020540     9.299242    13.326592     6.199520    13.677890     4.548259    10.995676     5.450059  0.276454              0          2.894865    3.171706
Round 21    10.571929     7.721445    10.776486    16.959865    20.904188     9.530965    19.860183     6.723784    14.492436     8.015323  0.253404              0          3.258662    3.512493
Round 22     6.629497     6.430436     9.797003    10.696663    13.182556     5.913360    14.244183     4.390219     9.648692     4.755672  0.251792              0          2.886166    3.138426
Round 23    10.299915    10.084730    15.375788    16.263607    19.826011     9.496473    15.783967     6.776430    14.214714     8.384965  0.240247              0          2.843742    3.084228
Round 24     6.965539     6.024557    10.069703    10.561632    13.506619     5.886672    14.096521     4.352773     9.567166     5.009466  0.265700              0          4.970786    5.236880
Round 25     8.750342     4.596637    14.986727    16.813935    20.061041     9.945581    22.550156     7.015246    14.621738     6.572901  0.287731              0          2.951305    3.239432
Round 26     7.065650     5.980303     9.776239    10.939562    13.488446     6.097070    16.837220     5.827587     9.260803     5.287981  0.328171              0          4.663981    4.992425
Round 27    10.057798     8.632358    15.929465    11.354285    20.535329     9.252823    12.734807     7.035544    14.200875     8.369013  0.300101              0          2.918721    3.219228
Round 28     6.844121     6.210006    15.898255    11.512829    20.344952     6.153645    14.732492     4.329359     9.697118     5.144760  0.278335              0          4.945544    5.224146
Round 29     9.797259     9.364734    11.465166     9.709323    13.442288     7.613539    22.525275     4.502925    14.747810     7.664186  0.244797              0          2.917207    3.162387
Round 30    10.778205     6.465474    13.340118    10.847931    19.656984     6.274674    14.655180     4.463362     9.106435     5.072448  0.253306              0          4.674966    4.928663
Round 31     7.127440     9.797296    10.301413    17.016671    19.349083     6.228958    13.812557     6.295943    14.353115     5.114029  0.277166              0          2.857479    3.135027
Round 32     8.661143     6.317223     9.830113    16.376422    17.831962     9.711810    14.880524     4.532298     9.407765     8.341311  0.301176              0          4.481527    4.782938
Round 33     7.646571     6.301089    14.656562    10.803402    20.510148     5.711238    11.934073     4.443950    10.497730     8.312136  0.246366              0          2.814041    3.060822
Round 34     6.595676     8.704507     9.724313    13.133689    20.559749     6.241968    23.088581     6.710909    11.944095     5.299195  0.270056              0          4.805949    5.076277
Round 35     6.938387     6.444134     9.954450     8.207194    13.088938     6.164809    19.922857     4.547990    14.375126     5.020778  0.248336              0          2.896656    3.145229
Round 36     6.629903     6.282148    15.700975    15.170863    19.043928     9.238467    22.632255     7.000032    12.549695     8.642920  0.274105              0          4.602164    4.876662
Round 37     6.840970     7.579155     9.603492    12.018716    13.093882     5.169905    14.950165     4.341241     9.459664     5.402430  0.306517              0          2.991737    3.298716
Round 38    11.032468     9.425545    11.245579    16.310921    16.417264     9.209259    18.143784     6.930507    14.236694     8.667642  0.241099              0          2.981393    3.222853
Round 39     6.700845     6.114124     9.808392    10.928476    12.725253     6.003355    15.054630     4.254654     9.581630     5.369038  0.276302              0          4.239856    4.516398
Round 40    10.515373     9.738022    15.115535    16.964487    20.511266     5.053127    22.076864     6.182438    14.430210     8.124108  0.266978              0          2.949527    3.216795
Round 41     6.610628     6.257513     9.507946    11.736746    13.491662     6.123918    15.018972     4.381932     9.306855     5.132277  0.273726              0          4.774498    5.048642
Round 42    10.373327    10.101673    14.995413    16.841686    19.229179     7.224753    20.342262     4.903922     9.865646     8.052904  0.250024              0          2.861833    3.112277
Round 43     6.744083     6.115046     9.695908    11.582625    13.419059     6.196917    15.149768     4.262731     9.467831     4.892836  0.270556              0          4.629994    4.900769
Round 44    10.281070     9.724265    15.244794    10.156234    20.464817     9.562947    22.683913     7.142069    14.440143     5.342526  0.256369              0          3.021423    3.278183
Round 45     6.708138     6.391708     9.766217    13.907369    14.318534     5.804011    14.456955     4.552937     9.646759     5.357136  0.292296              0          4.790336    5.083120
Round 46    10.343887     6.948664    12.872286    11.311776    12.408217     9.816742    22.880568     6.820891    14.284485     8.303694  0.239515              0          2.809830    3.049585
Round 47     6.322699     6.300443    10.258963    16.971290    13.188047     8.402046    14.779060     4.188758    13.574669     5.319038  0.249609              0          5.017302    5.267307
Round 48     6.821409    10.118301    10.702579     9.026468    14.037980    10.119178    22.298299     6.616552    13.891476     7.459418  0.312359              0          2.943927    3.256671
Round 49    10.361795     9.846895    12.770414    17.160781    13.555449     6.114486    14.518842     4.511455    13.508404     5.170891  0.233412              0          4.690439    4.924114
Round 50     6.787373     4.797323     9.985640    16.688422    19.684146     9.054522    14.928543     4.484783     9.652678     8.301048  0.302025              0          3.085537    3.387796

총 시뮬레이션 시간: 198.22초

================================================================================
 시뮬레이션 파라미터
================================================================================
NUM_CLIENTS: 10
NUM_ROUNDS: 50
LOCAL_EPOCHS: 2
DIRICHLET_ALPHA: 0.5
MIN_SAMPLES_PER_CLASS: 100
RANDOM_SEED: 42
NUM_COMMITTEE_MEMBERS: 3
EWMA_BETA: 0.3
CONTRIBUTION_SCALING_FACTOR: 1.5
NUM_NOISE_ATTACKERS: 0
NUM_DATAF_ATTACKERS: 0
DATAF_POISON_LEVEL: 0
COMMITTEE_EVAL_SKIPPED: True
