================================================================================
 데이터 분할 현황
================================================================================
   Client  Num Samples  Class 0  Class 1  Class 2  Class 3  Class 4  Class 5  Class 6  Class 7  Class 8  Class 9
0       0         3847      107      886      649      195      364      377      299      428      111      431
1       1         3575      454      100      263      839      337      491      104      509      370      108
2       2         5709     1131      102      484      537      627      244      122      235     2051      176
3       3         6301      216     1611      101      123      495      967      604     1405      150      629
4       4         7718      717      395      732      240     1916      828     2149      310      308      123
5       5         3473      165      276      835      233      110      353      364      397      378      362
6       6         8597      145      265     1131     1565      111      234      914     1270     1035     1927
7       7         2454      100      295      286      191      136      511      100      215      357      263
8       8         5403     1743      827      413      519      185      767      183      100      132      534
9       9         2923      222      243      106      558      719      228      161      131      108      447

================================================================================
 라운드별 글로벌 모델 성능
================================================================================
       Overall_Accuracy  Overall_F1  Overall_AUC
Round                                           
1                0.1499      0.0663       0.7421
2                0.4479      0.4462       0.8922
3                0.5942      0.5914       0.9326
4                0.6632      0.6630       0.9492
5                0.7008      0.7010       0.9581
6                0.7267      0.7293       0.9637
7                0.7498      0.7489       0.9681
8                0.7494      0.7475       0.9685
9                0.7638      0.7616       0.9712
10               0.7721      0.7703       0.9728
11               0.7743      0.7719       0.9740
12               0.7725      0.7704       0.9736
13               0.7829      0.7818       0.9747
14               0.7802      0.7770       0.9750
15               0.7887      0.7874       0.9752
16               0.7913      0.7904       0.9755
17               0.7925      0.7913       0.9757
18               0.7946      0.7929       0.9763
19               0.7948      0.7936       0.9757
20               0.7956      0.7949       0.9754
21               0.7884      0.7868       0.9748
22               0.7920      0.7915       0.9751
23               0.7921      0.7911       0.9746
24               0.7940      0.7932       0.9751
25               0.7943      0.7935       0.9745
26               0.7939      0.7935       0.9746
27               0.7896      0.7886       0.9744
28               0.7916      0.7905       0.9744
29               0.7891      0.7882       0.9743
30               0.7920      0.7907       0.9741
31               0.7914      0.7903       0.9745
32               0.7913      0.7905       0.9741
33               0.7908      0.7891       0.9739
34               0.7869      0.7850       0.9744
35               0.7895      0.7885       0.9743
36               0.7887      0.7877       0.9741
37               0.7867      0.7856       0.9739
38               0.7873      0.7855       0.9742
39               0.7884      0.7871       0.9739
40               0.7909      0.7891       0.9739
41               0.7890      0.7873       0.9740
42               0.7871      0.7859       0.9737
43               0.7866      0.7855       0.9735
44               0.7879      0.7868       0.9731
45               0.7892      0.7874       0.9737
46               0.7890      0.7879       0.9742
47               0.7882      0.7873       0.9739
48               0.7877      0.7860       0.9738
49               0.7892      0.7881       0.9736
50               0.7894      0.7880       0.9736

================================================================================
 라운드별 모델 합성 가중치
================================================================================
          client_0_weight  client_1_weight  client_2_weight  client_3_weight  client_4_weight  client_5_weight  client_6_weight  client_7_weight  client_8_weight  client_9_weight
Round 1          0.094636         0.077954         0.096840         0.119879         0.086034         0.118198         0.130356         0.097446         0.106675         0.071981
Round 2          0.089960         0.081107         0.092210         0.126501         0.108102         0.107694         0.122115         0.092830         0.106381         0.073100
Round 3          0.097144         0.090587         0.093440         0.114989         0.111712         0.103548         0.111752         0.085313         0.111085         0.080430
Round 4          0.096222         0.102461         0.094891         0.105367         0.109888         0.101934         0.115272         0.084825         0.102953         0.086187
Round 5          0.099788         0.103641         0.094844         0.105047         0.108504         0.100609         0.105000         0.095892         0.097690         0.088985
Round 6          0.094938         0.099141         0.093835         0.108569         0.107468         0.105448         0.106353         0.099207         0.094538         0.090501
Round 7          0.098952         0.100822         0.098567         0.104652         0.101689         0.102446         0.103857         0.101534         0.094526         0.092957
Round 8          0.100219         0.102188         0.098373         0.104078         0.100568         0.098720         0.099508         0.101924         0.095555         0.098866
Round 9          0.098583         0.101528         0.098920         0.103969         0.098705         0.101150         0.098834         0.105190         0.094746         0.098375
Round 10         0.097356         0.102241         0.100006         0.103827         0.100439         0.100996         0.098764         0.105676         0.093951         0.096744
Round 11         0.098010         0.100797         0.098998         0.102535         0.100337         0.101644         0.095357         0.106805         0.094847         0.100669
Round 12         0.097710         0.101401         0.101294         0.102331         0.098434         0.098128         0.097444         0.108176         0.092587         0.102494
Round 13         0.097050         0.098148         0.103581         0.100369         0.101114         0.096093         0.097787         0.109157         0.094716         0.101985
Round 14         0.098463         0.097434         0.102056         0.098922         0.098670         0.097926         0.097556         0.108732         0.095772         0.104469
Round 15         0.097995         0.097698         0.102696         0.099746         0.097295         0.100962         0.097282         0.109305         0.090659         0.106362
Round 16         0.102663         0.097446         0.102736         0.099924         0.095575         0.103798         0.096988         0.111701         0.090892         0.098277
Round 17         0.103845         0.099974         0.099743         0.099338         0.096475         0.104984         0.094919         0.111695         0.090193         0.098833
Round 18         0.103848         0.102208         0.098597         0.098938         0.093625         0.105495         0.092825         0.111786         0.090658         0.102019
Round 19         0.106609         0.102708         0.094119         0.101308         0.091854         0.104781         0.090264         0.112668         0.091993         0.103695
Round 20         0.108568         0.104458         0.094097         0.098116         0.091396         0.105932         0.083426         0.113476         0.095351         0.105181
Round 21         0.106831         0.106270         0.095103         0.100505         0.088549         0.105660         0.085230         0.110610         0.095879         0.105364
Round 22         0.105308         0.106349         0.092128         0.102412         0.087648         0.106209         0.086224         0.111241         0.096662         0.105819
Round 23         0.106536         0.106162         0.095719         0.101082         0.087863         0.106124         0.082534         0.110727         0.097607         0.105645
Round 24         0.106772         0.106175         0.096482         0.097604         0.085057         0.106168         0.086053         0.110627         0.098819         0.106243
Round 25         0.106616         0.105952         0.093638         0.097579         0.088640         0.103613         0.088940         0.110245         0.099001         0.105775
Round 26         0.108142         0.107133         0.095972         0.099312         0.085380         0.104576         0.085140         0.111353         0.096384         0.106609
Round 27         0.108610         0.108218         0.099256         0.101272         0.079634         0.105692         0.087119         0.111175         0.092795         0.106230
Round 28         0.098530         0.109117         0.099865         0.101676         0.085953         0.106796         0.084632         0.111600         0.096198         0.105633
Round 29         0.100252         0.107686         0.099453         0.101553         0.088586         0.104423         0.087124         0.109014         0.097171         0.104738
Round 30         0.101654         0.105143         0.099308         0.100645         0.090991         0.103018         0.089185         0.108219         0.098291         0.103546
Round 31         0.098758         0.105802         0.100665         0.101473         0.088847         0.103922         0.088447         0.108249         0.100043         0.103795
Round 32         0.100314         0.104875         0.098989         0.100647         0.091369         0.103721         0.089380         0.107019         0.100435         0.103252
Round 33         0.102699         0.104846         0.100585         0.091859         0.094231         0.103336         0.090155         0.107627         0.101186         0.103476
Round 34         0.095237         0.103934         0.101546         0.094880         0.096809         0.103008         0.091769         0.107863         0.101442         0.103512
Round 35         0.098375         0.102457         0.098796         0.096719         0.097734         0.103427         0.091786         0.107202         0.100544         0.102958
Round 36         0.099902         0.102454         0.099025         0.097511         0.097907         0.102503         0.092120         0.106263         0.100241         0.102074
Round 37         0.099919         0.100656         0.098845         0.098193         0.097797         0.102639         0.092854         0.106148         0.100954         0.101995
Round 38         0.094481         0.102686         0.099120         0.100015         0.096707         0.104101         0.090759         0.106829         0.102033         0.103268
Round 39         0.097734         0.103090         0.098165         0.099201         0.096859         0.103615         0.091747         0.106088         0.101151         0.102349
Round 40         0.097968         0.103469         0.098483         0.099145         0.096605         0.103817         0.092394         0.105454         0.100497         0.102167
Round 41         0.101059         0.096285         0.099691         0.099888         0.097983         0.103535         0.093684         0.106451         0.101032         0.100391
Round 42         0.101167         0.098180         0.099823         0.099046         0.097756         0.103382         0.093517         0.105887         0.100494         0.100749
Round 43         0.101945         0.099509         0.099347         0.098866         0.098156         0.102318         0.093210         0.105412         0.100147         0.101090
Round 44         0.103014         0.100428         0.100148         0.099203         0.093436         0.102639         0.093410         0.105494         0.101008         0.101221
Round 45         0.101133         0.101648         0.100482         0.098015         0.093306         0.103212         0.093615         0.105587         0.101073         0.101929
Round 46         0.102891         0.102567         0.100583         0.099164         0.085378         0.103981         0.094881         0.105894         0.101855         0.102807
Round 47         0.103028         0.102755         0.100428         0.099368         0.087281         0.103511         0.095187         0.105190         0.101169         0.102082
Round 48         0.102288         0.102862         0.099601         0.099159         0.090734         0.102392         0.095067         0.104830         0.100626         0.102441
Round 49         0.102300         0.102474         0.099348         0.099205         0.092758         0.102443         0.094229         0.104466         0.100228         0.102549
Round 50         0.102436         0.102475         0.099772         0.098897         0.093920         0.101920         0.094633         0.104126         0.099662         0.102160

================================================================================
 라운드별 시간 측정 결과 (초)
================================================================================
          cli 0 train  cli 1 train  cli 2 train  cli 3 train  cli 4 train  cli 5 train  cli 6 train  cli 7 train  cli 8 train  cli 9 train  agg time  cli eval time  global eval time  total time
Round 1      4.573720     3.919579     7.922863     8.204797     9.816782     4.449671    12.814573     3.343502     6.360994     3.247577  0.393246      24.874192          2.437749   27.705507
Round 2      5.416266     5.013300     6.126514     7.278505    10.015430     3.965400    11.322854     2.637192     5.740833     3.962734  0.338502      24.286906          2.396539   27.022241
Round 3      5.473598     4.522614     7.865641     6.857241     7.929512     4.777635    10.393418     3.231553     7.096930     3.721489  0.391156      24.338352          2.504644   27.234414
Round 4      4.773810     4.219151     6.943234     5.801754     8.847280     4.317671     9.813921     2.800504     6.833663     3.603390  0.335681      24.246812          2.393140   26.975946
Round 5      4.171368     4.216326     4.937044     7.901285     9.377630     5.044171    10.207349     3.396327     7.007406     3.703279  0.338405      24.548883          2.401079   27.288673
Round 6      4.602340     2.725795     6.166592     8.196135     9.732048     4.310519    10.264070     3.136791     6.639900     3.363563  0.341611      24.562089          2.532036   27.435990
Round 7      4.548468     4.598633     7.182170     7.840729     8.134724     4.494632    10.453688     3.418870     6.160776     4.216516  0.339047      24.548141          2.411981   27.299426
Round 8      5.071434     4.470782     7.476964     7.968048    10.158529     4.396036    11.411343     3.040263     6.327349     3.941062  0.340184      24.527682          2.403596   27.271814
Round 9      4.774400     4.783393     7.098566     7.705325     9.574905     3.575506     9.780442     3.116601     4.252502     4.474233  0.337159      24.519971          2.406526   27.263969
Round 10     5.313898     4.086817     7.115787     6.954571    11.046061     3.901156     9.928770     3.095762     7.646823     4.083569  0.341658      24.370660          2.397269   27.109897
Round 11     5.120438     5.433312     7.433184     7.099260     9.585001     4.229235    10.171110     3.061447     5.972172     4.190726  0.338278      24.554241          2.562312   27.455069
Round 12     4.794982     4.847754     8.050462     7.939113    10.323698     4.341030     9.491244     2.987154     7.481818     3.473273  0.335882      24.539846          2.432389   27.308413
Round 13     5.433028     5.289329     7.018040     7.526946     8.169717     4.168929    10.086363     3.139716     6.189748     3.459796  0.339861      24.716079          2.427550   27.483746
Round 14     4.328071     4.498520     4.910729     9.148021    10.991289     3.925482    10.572804     3.170109     6.418926     3.381187  0.335516      24.296903          2.459579   27.092319
Round 15     4.868119     5.265339     6.942610     7.775973     9.706090     4.471120    10.217162     3.091117     7.393557     2.912738  0.337244      24.404797          2.426054   27.168320
Round 16     4.443074     4.179872     7.219797     7.640738     8.744221     4.350047     9.736750     3.351722     7.079921     4.069648  0.344584      24.689733          2.422904   27.457471
Round 17     5.326669     4.725748     7.140095     7.593068     9.374822     4.269065    10.462316     3.023552     7.030000     3.649587  0.338720      24.599584          2.438290   27.376883
Round 18     4.347442     5.161356     7.183229     7.950551     8.447819     5.382175    10.830780     2.573707     6.370988     4.188064  0.405063      24.511101          2.460225   27.376678
Round 19     4.545130     4.764846     8.255906     7.351534    10.749635     3.941802    11.440995     3.208751     6.593888     3.048892  0.337932      24.434242          2.406574   27.179061
Round 20     4.568272     4.293316     6.266429     8.170592     8.622062     4.295230    10.255407     3.645487     7.237773     3.596252  0.335067      24.351212          2.403998   27.090560
Round 21     4.234825     4.602973     7.049711     7.030728     9.167340     4.716635    10.657840     3.088311     7.058024     3.577713  0.332705      24.538598          2.432152   27.303718
Round 22     4.476883     4.853743     7.576090     7.116368     9.310067     4.698918    12.099291     3.168535     6.123021     3.867944  0.340776      24.541685          2.404730   27.287481
Round 23     4.611129     4.454360     7.554836     7.023459     9.832243     5.029520    11.784153     2.888590     6.073088     3.919048  0.346007      24.529436          2.395571   27.271299
Round 24     4.309113     4.481395     7.380456     7.619552     9.666425     4.397277    10.286217     3.302352     6.186339     3.734200  0.338221      24.434763          2.446530   27.219767
Round 25     5.406659     4.295378     7.215071     7.680684    10.981249     4.805864    11.052740     3.145293     7.025451     4.324446  0.338825      24.575614          2.419242   27.334006
Round 26     4.669914     4.276638     7.084286     7.606713     8.632502     4.029206     9.813993     2.921620     7.421917     3.396517  0.335784      24.480130          2.429550   27.245758
Round 27     4.586108     4.835919     7.762770     5.517154    10.080045     4.436884     9.767587     2.990618     6.360037     3.849705  0.340625      24.544839          2.402969   27.288731
Round 28     4.173055     4.323898     6.679673     7.396238     7.935647     4.330101    11.483738     3.189106     6.212483     3.634863  0.333852      24.400727          2.423974   27.158857
Round 29     5.239102     5.012358     7.214186     7.664824    10.857435     5.136536    10.369209     3.037149     5.785904     3.968288  0.344376      24.631753          2.401362   27.377832
Round 30     4.466151     4.518150     6.711322     9.174882    10.142198     4.284558     9.345105     2.923792     6.674890     3.752705  0.335798      24.447999          2.455229   27.239270
Round 31     5.191885     4.278560     7.951967     6.889518     9.659036     3.969753    10.565033     3.275696     7.160724     4.324492  0.336455      24.340796          2.456119   27.133682
Round 32     5.461470     4.173049     7.057923     7.141271     8.886888     4.907279    10.905732     3.061632     6.808136     3.745377  0.337383      24.434312          2.459222   27.231176
Round 33     5.219633     4.500840     7.507532     8.795278     8.243063     5.212953    10.310618     3.340687     7.691428     3.407156  0.337587      24.735043          2.429214   27.502151
Round 34     4.534287     4.532295     7.118128     9.079232     8.910857     4.203396    10.894238     3.330514     6.671760     3.187329  0.344687      24.546961          2.406286   27.298198
Round 35     4.818377     4.601105     6.937133     8.494112     9.135808     4.790104    11.716251     2.764619     6.449479     3.912697  0.337355      24.563387          2.447213   27.348208
Round 36     4.832070     4.420407     8.002518     7.060798     9.948012     4.538559    10.302553     2.874909     6.924170     4.199580  0.340871      24.718761          2.500014   27.559930
Round 37     5.206742     5.174291     6.531850     7.283844    10.220142     4.587079    11.312988     3.687920     6.787882     3.945247  0.337003      24.608554          2.414953   27.360785
Round 38     4.508305     4.534037     7.354552     7.604945    10.154361     4.535748    11.121353     3.476229     7.231614     3.531514  0.339989      24.386543          2.404146   27.130978
Round 39     4.763616     4.314231     6.929886     8.168881     9.488168     3.865162    10.736257     3.454737     6.274056     3.389023  0.338646      24.592311          2.400754   27.331999
Round 40     4.433194     4.784141     7.420835     6.789852     9.307339     4.346002    10.174467     3.237685     7.714905     3.524487  0.340307      24.358462          2.395799   27.094853
Round 41     4.691823     4.265325     7.211932     8.283574     9.852675     4.859291    10.028836     3.953076     6.103747     3.900207  0.353207      24.420043          2.503486   27.277061
Round 42     5.616722     5.097891     7.608799     7.627356     8.759103     4.816190    10.979904     3.548470     7.479028     2.939760  0.382870      24.375212          2.478700   27.237018
Round 43     5.325265     4.444412     6.647833     7.316177     9.213471     4.304730    10.202285     3.962156     7.041004     4.170028  0.342303      24.722639          2.418303   27.483479
Round 44     4.726109     4.239445     7.537659     7.248884     8.592475     4.074864    11.464881     3.091799     6.543545     3.781265  0.344132      24.635502          2.481718   27.461619
Round 45     4.369761     4.755105     7.169960     7.764234    10.148322     5.224161    10.614087     2.944903     6.974096     3.918925  0.352791      24.673661          2.408460   27.435147
Round 46     4.915466     4.733518     7.129284     7.880796     8.942387     4.527663     9.079306     3.317102     7.096196     3.109738  0.341932      24.646058          2.408531   27.396828
Round 47     2.908719     4.578276     8.060608     7.411000     9.965155     4.107966    10.229095     2.801433     7.184310     4.059500  0.339278      24.722327          2.438624   27.500502
Round 48     4.829456     4.334896     7.812136     7.416287     9.223206     4.057575    10.948417     3.049373     6.687319     3.946329  0.351969      24.464733          2.451476   27.268499
Round 49     5.338384     4.395506     7.365776     7.228021     9.752693     4.504985    10.706884     3.808645     7.273355     3.994536  0.335818      24.535411          2.437870   27.309415
Round 50     5.047869     4.281741     7.860484     7.058095     9.015855     4.489809    10.412394     2.990506     6.700979     3.504453  0.344816      24.729112          2.407996   27.482226

총 시뮬레이션 시간: 1365.17초

================================================================================
 시뮬레이션 파라미터
================================================================================
NUM_CLIENTS: 10
NUM_ROUNDS: 50
LOCAL_EPOCHS: 2
DIRICHLET_ALPHA: 0.5
MIN_SAMPLES_PER_CLASS: 100
RANDOM_SEED: 42
NUM_COMMITTEE_MEMBERS: 3
EWMA_BETA: 0.3
CONTRIBUTION_SCALING_FACTOR: 1.5
NUM_NOISE_ATTACKERS: 0
NUM_DATAF_ATTACKERS: 0
DATAF_POISON_LEVEL: 0
COMMITTEE_EVAL_SKIPPED: False
