================================================================================
 데이터 분할 현황
================================================================================
   Client  Num Samples  Class 0  Class 1  Class 2  Class 3  Class 4  Class 5  Class 6  Class 7  Class 8  Class 9
0       0         3847      107      886      649      195      364      377      299      428      111      431
1       1         3575      454      100      263      839      337      491      104      509      370      108
2       2         5709     1131      102      484      537      627      244      122      235     2051      176
3       3         6301      216     1611      101      123      495      967      604     1405      150      629
4       4         7718      717      395      732      240     1916      828     2149      310      308      123
5       5         3473      165      276      835      233      110      353      364      397      378      362
6       6         8597      145      265     1131     1565      111      234      914     1270     1035     1927
7       7         2454      100      295      286      191      136      511      100      215      357      263
8       8         5403     1743      827      413      519      185      767      183      100      132      534
9       9         2923      222      243      106      558      719      228      161      131      108      447

================================================================================
 라운드별 글로벌 모델 정확도
================================================================================
       Overall_Accuracy  Poisoned_Acc([1,5,8])
Round                                         
1                0.1377                 0.0000
2                0.2953                 0.0003
3                0.4205                 0.0057
4                0.4904                 0.0490
5                0.5640                 0.1853
6                0.5824                 0.1910
7                0.6183                 0.2973
8                0.6614                 0.4080
9                0.6144                 0.2300
10               0.6782                 0.4187
11               0.6632                 0.3803
12               0.6941                 0.4717
13               0.6883                 0.4483
14               0.6800                 0.4100
15               0.6963                 0.4663
16               0.6901                 0.4390
17               0.6792                 0.4077
18               0.6934                 0.4420
19               0.6782                 0.3963
20               0.7013                 0.4727
21               0.6790                 0.3960
22               0.7143                 0.5173
23               0.6685                 0.3673
24               0.6977                 0.4623
25               0.6865                 0.4290
26               0.6883                 0.4350
27               0.6817                 0.4097
28               0.7105                 0.5067
29               0.6693                 0.3687
30               0.7059                 0.4880
31               0.6612                 0.3370
32               0.7095                 0.4963
33               0.6472                 0.2897
34               0.7311                 0.5653
35               0.6155                 0.1983
36               0.7329                 0.5897
37               0.6163                 0.1927
38               0.7468                 0.6427
39               0.5939                 0.1213
40               0.7510                 0.6520
41               0.5853                 0.1117
42               0.7543                 0.6593
43               0.5827                 0.0903
44               0.7618                 0.6927
45               0.5836                 0.0910
46               0.7610                 0.6853
47               0.5771                 0.0733
48               0.7624                 0.6953
49               0.5725                 0.0607
50               0.7646                 0.6937

================================================================================
 라운드별 모델 합성 가중치
================================================================================
          client_0_weight  client_1_weight  client_2_weight  client_3_weight  client_4_weight  client_5_weight  client_6_weight  client_7_weight  client_8_weight  client_9_weight
Round 1               0.1              0.1              0.1              0.1              0.1              0.1              0.1              0.1              0.1              0.1
Round 2               0.1              0.1              0.1              0.1              0.1              0.1              0.1              0.1              0.1              0.1
Round 3               0.1              0.1              0.1              0.1              0.1              0.1              0.1              0.1              0.1              0.1
Round 4               0.1              0.1              0.1              0.1              0.1              0.1              0.1              0.1              0.1              0.1
Round 5               0.1              0.1              0.1              0.1              0.1              0.1              0.1              0.1              0.1              0.1
Round 6               0.1              0.1              0.1              0.1              0.1              0.1              0.1              0.1              0.1              0.1
Round 7               0.1              0.1              0.1              0.1              0.1              0.1              0.1              0.1              0.1              0.1
Round 8               0.1              0.1              0.1              0.1              0.1              0.1              0.1              0.1              0.1              0.1
Round 9               0.1              0.1              0.1              0.1              0.1              0.1              0.1              0.1              0.1              0.1
Round 10              0.1              0.1              0.1              0.1              0.1              0.1              0.1              0.1              0.1              0.1
Round 11              0.1              0.1              0.1              0.1              0.1              0.1              0.1              0.1              0.1              0.1
Round 12              0.1              0.1              0.1              0.1              0.1              0.1              0.1              0.1              0.1              0.1
Round 13              0.1              0.1              0.1              0.1              0.1              0.1              0.1              0.1              0.1              0.1
Round 14              0.1              0.1              0.1              0.1              0.1              0.1              0.1              0.1              0.1              0.1
Round 15              0.1              0.1              0.1              0.1              0.1              0.1              0.1              0.1              0.1              0.1
Round 16              0.1              0.1              0.1              0.1              0.1              0.1              0.1              0.1              0.1              0.1
Round 17              0.1              0.1              0.1              0.1              0.1              0.1              0.1              0.1              0.1              0.1
Round 18              0.1              0.1              0.1              0.1              0.1              0.1              0.1              0.1              0.1              0.1
Round 19              0.1              0.1              0.1              0.1              0.1              0.1              0.1              0.1              0.1              0.1
Round 20              0.1              0.1              0.1              0.1              0.1              0.1              0.1              0.1              0.1              0.1
Round 21              0.1              0.1              0.1              0.1              0.1              0.1              0.1              0.1              0.1              0.1
Round 22              0.1              0.1              0.1              0.1              0.1              0.1              0.1              0.1              0.1              0.1
Round 23              0.1              0.1              0.1              0.1              0.1              0.1              0.1              0.1              0.1              0.1
Round 24              0.1              0.1              0.1              0.1              0.1              0.1              0.1              0.1              0.1              0.1
Round 25              0.1              0.1              0.1              0.1              0.1              0.1              0.1              0.1              0.1              0.1
Round 26              0.1              0.1              0.1              0.1              0.1              0.1              0.1              0.1              0.1              0.1
Round 27              0.1              0.1              0.1              0.1              0.1              0.1              0.1              0.1              0.1              0.1
Round 28              0.1              0.1              0.1              0.1              0.1              0.1              0.1              0.1              0.1              0.1
Round 29              0.1              0.1              0.1              0.1              0.1              0.1              0.1              0.1              0.1              0.1
Round 30              0.1              0.1              0.1              0.1              0.1              0.1              0.1              0.1              0.1              0.1
Round 31              0.1              0.1              0.1              0.1              0.1              0.1              0.1              0.1              0.1              0.1
Round 32              0.1              0.1              0.1              0.1              0.1              0.1              0.1              0.1              0.1              0.1
Round 33              0.1              0.1              0.1              0.1              0.1              0.1              0.1              0.1              0.1              0.1
Round 34              0.1              0.1              0.1              0.1              0.1              0.1              0.1              0.1              0.1              0.1
Round 35              0.1              0.1              0.1              0.1              0.1              0.1              0.1              0.1              0.1              0.1
Round 36              0.1              0.1              0.1              0.1              0.1              0.1              0.1              0.1              0.1              0.1
Round 37              0.1              0.1              0.1              0.1              0.1              0.1              0.1              0.1              0.1              0.1
Round 38              0.1              0.1              0.1              0.1              0.1              0.1              0.1              0.1              0.1              0.1
Round 39              0.1              0.1              0.1              0.1              0.1              0.1              0.1              0.1              0.1              0.1
Round 40              0.1              0.1              0.1              0.1              0.1              0.1              0.1              0.1              0.1              0.1
Round 41              0.1              0.1              0.1              0.1              0.1              0.1              0.1              0.1              0.1              0.1
Round 42              0.1              0.1              0.1              0.1              0.1              0.1              0.1              0.1              0.1              0.1
Round 43              0.1              0.1              0.1              0.1              0.1              0.1              0.1              0.1              0.1              0.1
Round 44              0.1              0.1              0.1              0.1              0.1              0.1              0.1              0.1              0.1              0.1
Round 45              0.1              0.1              0.1              0.1              0.1              0.1              0.1              0.1              0.1              0.1
Round 46              0.1              0.1              0.1              0.1              0.1              0.1              0.1              0.1              0.1              0.1
Round 47              0.1              0.1              0.1              0.1              0.1              0.1              0.1              0.1              0.1              0.1
Round 48              0.1              0.1              0.1              0.1              0.1              0.1              0.1              0.1              0.1              0.1
Round 49              0.1              0.1              0.1              0.1              0.1              0.1              0.1              0.1              0.1              0.1
Round 50              0.1              0.1              0.1              0.1              0.1              0.1              0.1              0.1              0.1              0.1

================================================================================
 라운드별 시간 측정 결과 (초)
================================================================================
          cli 0 train  cli 1 train  cli 2 train  cli 3 train  cli 4 train  cli 5 train  cli 6 train  cli 7 train  cli 8 train  cli 9 train  agg time  cli eval time  global eval time  total time
Round 1      9.165704     8.143235    13.248188    14.931328    18.431292     6.514411    10.254350     4.952864    12.705518     6.628149  0.394862              0          2.847685    5.633372
Round 2      5.733548     5.295428     8.527167     9.517101    11.561277     4.890660    14.636144     3.741570     8.130865     3.968140  0.253501              0          4.020803    6.866218
Round 3      9.480398     8.177933    13.839122    15.117303    11.371931     5.659671    17.378265     3.905903     8.659323     7.470515  0.271490              0          2.543967    4.911458
Round 4      6.104620     6.899921    10.859581    14.870894    11.681387     8.338490    20.440804     4.056093     7.953702     4.498681  0.257266              0          3.905507    6.798069
Round 5      5.922390     6.293969     9.635828    15.567052    18.193133     5.187940    13.212366     5.288407     8.119093     4.517241  0.282929              0          2.514727    5.132360
Round 6      5.852486     8.594644    14.168599     9.805844    11.749512     8.289032    16.001122     3.960088    13.455604     4.661481  0.277786              0          4.266624    7.053406
Round 7      6.123871     5.582204    10.624157    10.017807    12.021175     5.394783    10.770580     3.755506    10.462296     4.442494  0.264793              0          2.478168    4.796382
Round 8      5.881001     8.629617    13.707551    11.273966    18.070081     8.420316    20.578905     6.423251    10.525032     7.900913  0.246834              0          2.990763    5.614915
Round 9      6.297732     5.738949     8.825097     9.544753    11.876780     5.686402    12.296464     4.037503     8.559423     5.180619  0.235070              0          2.494723    4.892678
Round 10     9.589281     7.493056    13.238990    14.895454    18.873632     7.354306    21.204262     6.336763    11.785748     7.351345  0.249518              0          2.684471    5.141493
Round 11     5.013413     5.389255     8.662993     9.708137    11.795171     5.405602    13.852396     4.171395     8.305213     4.516164  0.265067              0          3.195084    6.190350
Round 12     9.462448     9.409777    13.728862    14.950718    15.689923     9.093521    16.858631     6.053550    13.504033     7.278285  0.242557              0          2.624791    5.072574
Round 13     6.058098     5.322663     8.999375     9.927373    12.436437     5.697024    13.102584     3.650700     8.174078     4.594400  0.298343              0          3.634232    6.783715
Round 14     7.986020     8.455759    14.140708     7.917691    18.393260     8.885655    21.244418     6.662892    13.563604     7.816522  0.268214              0          2.551500    4.926100
Round 15     8.457137     5.776218     9.138619     9.259794    12.113577     5.523696    15.162603     3.769895     8.657578     5.001707  0.240715              0          4.193485    6.960736
Round 16     9.473436     6.108815    14.125056    15.486544    15.946365     5.604030    19.722224     5.999163     7.394427     7.762739  0.254727              0          2.685100    5.182769
Round 17     7.920084     9.261173     8.153343    10.231688    14.140193     5.392294    13.254414     4.085340     8.399319     4.745812  0.261550              0          4.228505    7.133479
Round 18     9.817910     9.084231     8.936657    10.557036    13.591383     8.734729    20.652169     6.318520     8.834408     7.168417  0.308262              0          2.449069    4.887135
Round 19     6.150991     8.018326     8.674457    15.196868    12.251916     5.613027    17.338835     3.921817    13.011818     4.670976  0.264800              0          4.556330    7.445030
Round 20     6.031502     5.888320     7.828377    13.758335    18.905006     7.755064    14.358836     3.945940    13.550365     4.547312  0.238511              0          2.513703    4.797341
Round 21     9.388624     5.545824     9.111951     9.654541    11.705961     7.151722    17.071330     6.477950    13.093104     7.102493  0.276723              0          4.284589    7.172662
Round 22     6.513760     5.529414    10.243966    15.885342    11.424656     5.685575    13.413810     5.826731    12.728519     4.736933  0.237509              0          2.632527    5.142661
Round 23     6.315027     8.952769    14.289562    10.026245    16.649171     8.649269    19.155252     3.608228    13.345249     4.534510  0.234042              0          4.464486    7.435328
Round 24     6.055923     5.786538    11.078554    10.125656    11.807785     5.829129    13.205202     3.899355    10.723329     4.724592  0.259970              0          2.462069    4.951539
Round 25     8.726882     9.353453    13.942126    15.572901    18.905479     5.416696    17.813203     6.555400    13.269394     7.765655  0.253770              0          3.359220    5.867408
Round 26     6.062118     5.753048     8.723494     7.533384    12.654660     5.474322    13.812426     3.910084     8.131738     4.346831  0.250422              0          2.663586    5.607274
Round 27    10.042158     8.865899    13.717592    15.833661    16.407103     7.516403    20.112789     6.820842    13.286921     7.749187  0.239283              0          2.444293    4.792256
Round 28     5.884366     5.806605     8.812976     9.560997    12.448056     5.729126    13.381553     4.073848     8.652794     5.410867  0.239543              0          4.446660    7.308907
Round 29     9.743325     9.201365    13.864335     8.712554    19.131239     5.543042    15.799965     6.050622    13.637435     7.936426  0.246347              0          2.438495    4.895771
Round 30     6.282987     5.507865    14.625189     9.982729    12.299634     4.971941    13.797051     6.558231    12.825273     6.496998  0.288787              0          4.365082    7.421388
Round 31     7.395645     5.423575    13.884628    10.391432    11.648469     8.664328    19.114592     4.548715     8.496226     7.535278  0.251359              0          2.570419    4.912343
Round 32     6.234169     9.377651    13.869500    10.101976    14.642884     8.479560    13.391001     3.872547    13.007047     5.844870  0.260231              0          4.216770    7.223340
Round 33     6.458841     8.141663    10.118403    10.056956    17.087466     5.030744    13.296232     6.313512     9.513153     4.455224  0.290211              0          2.531374    5.034785
Round 34    10.084045     9.084221    14.656445    15.523908    19.169886     5.638493    13.378620     3.989455     8.624606     4.406791  0.297125              0          4.277568    7.329040
Round 35     6.246706     8.483297     9.030840    10.219767    10.788719     5.581217    18.346557     6.673623     8.617244     4.653977  0.254200              0          2.607998    5.068354
Round 36     5.998802     6.958321     8.709811    15.445096    18.455586     8.409688    21.711085     6.005880    14.133963     7.997997  0.274241              0          4.176598    7.115775
Round 37     6.153316     5.481712     9.212124     9.685922    12.095726     5.644623    13.910391     4.779139     8.769432     5.566203  0.260585              0          2.501830    4.899380
Round 38     7.678881     9.114427    14.572302    15.930803    15.163478     8.473016    20.492136     6.489791    13.540548     4.378277  0.281515              0          3.648867    6.204091
Round 39     6.421317     5.667281     8.956330     9.622077    11.895167     5.665355    13.170227     4.045132     8.559553     4.828735  0.270504              0          2.456440    5.220758
Round 40     9.618282     9.130277    14.005870    15.617356    19.184860     9.146663    20.883754     6.247797    10.556011     7.739178  0.270343              0          2.536235    5.016312
Round 41     6.206748     5.671035     9.058833    10.186638    12.174131     5.744364    13.687501     4.029475     8.044404     4.495310  0.294621              0          4.192708    7.131103
Round 42     9.312364     8.568942    14.199577    15.758764    18.952951     7.948268    17.337805     3.894098     9.969729     4.658462  0.239357              0          2.519432    4.839921
Round 43     6.176181     5.757039     9.204648    11.403142    12.169843     5.192248    13.499623     5.621803     8.203011     4.627651  0.248776              0          4.368357    7.338571
Round 44     9.481432     7.132666    13.411570    14.499507    13.703856     9.084161    12.230002     6.154967    13.482796     7.108422  0.262684              0          2.647729    5.090485
Round 45     6.842870     5.657496     9.091156    10.207662    11.722315     5.764036    15.948881     4.061393    10.700115     7.400030  0.235739              0          4.493580    7.392177
Round 46     6.487157     8.064488    12.839533    16.383881    11.207769     5.633888    21.038972     3.810132     8.558350     4.799736  0.258283              0          2.665044    5.144519
Round 47     6.002988     5.823671    13.267977    15.587304    15.361389     5.575707    16.082910     3.906968     8.697074     7.550729  0.251070              0          4.443800    7.470942
Round 48     5.939811     6.084326    13.152963    14.178523    12.300265     5.580252    13.544052     3.990520     8.470167     4.626728  0.256457              0          2.568818    4.978855
Round 49     5.917434     8.894856    14.379394    11.414344    19.398856     5.726833    17.381237     6.249826    14.141262     4.687345  0.278031              0          4.374117    7.218081
Round 50     6.153092     5.563561     8.347711    10.015866    12.265123     5.797176    13.814739     3.864384     8.533106     4.665209  0.235650              0          2.747383    5.779949

총 시뮬레이션 시간: 297.22초

================================================================================
 시뮬레이션 파라미터
================================================================================
NUM_CLIENTS: 10
NUM_ROUNDS: 50
LOCAL_EPOCHS: 2
DIRICHLET_ALPHA: 0.5
MIN_SAMPLES_PER_CLASS: 100
RANDOM_SEED: 42
NUM_COMMITTEE_MEMBERS: 3
EWMA_BETA: 0.3
CONTRIBUTION_SCALING_FACTOR: 1.5
NUM_NOISE_ATTACKERS: 0
NUM_DATAF_ATTACKERS: 5
DATAF_POISON_LEVEL: 3
COMMITTEE_EVAL_SKIPPED: True
