================================================================================
 데이터 분할 현황
================================================================================
   Client  Num Samples  Class 0  Class 1  Class 2  Class 3  Class 4  Class 5  Class 6  Class 7  Class 8  Class 9
0       0         3702       58      935      667      157      347      361      274      419       62      422
1       1         3398      448       50      234      881      317      490       55      511      353       59
2       2         5798     1210       52      482      541      642      212       75      202     2246      136
3       3         6461      180     1750       51       76      494     1025      617     1516      107      645
4       4         8058      744      382      762      208     2092      869     2355      286      284       76
5       5         3282      124      248      877      200       61      334      347      384      362      345
6       6         9048      101      236     1210     1697       63      201      966     1367     1102     2105
7       7         2138       50      269      259      153       91      513       50      180      339      234
8       8         5453     1898      868      402      522      146      800      143       50       86      538
9       9         2662      187      210       56      565      747      195      118       85       59      440

================================================================================
 라운드별 글로벌 모델 정확도
================================================================================
Round	Accuracy
1	0.1192
2	0.1932
3	0.2656
4	0.3109
5	0.3517
6	0.3685
7	0.3956
8	0.3681
9	0.4656
10	0.4092
11	0.3988
12	0.4157
13	0.424
14	0.4649
15	0.4411
16	0.4402
17	0.4521
18	0.5127
19	0.4522
20	0.4042
21	0.4438
22	0.4579
23	0.4731
24	0.4414
25	0.5137
26	0.4586
27	0.4879
28	0.4721
29	0.4435
30	0.4821
31	0.4922
32	0.4953
33	0.4485
34	0.514
35	0.5057
36	0.4702
37	0.4674
38	0.5087
39	0.5167
40	0.4976
41	0.502
42	0.5142
43	0.5513
44	0.4676
45	0.4865
46	0.5116
47	0.5468
48	0.5336
49	0.4903
50	0.5628
51	0.5249
52	0.545
53	0.5317
54	0.5277
55	0.5449
56	0.5433
57	0.5331
58	0.5434
59	0.5681
60	0.5098
61	0.5486
62	0.5295
63	0.5278
64	0.5668
65	0.5323
66	0.5169
67	0.5288
68	0.5773
69	0.5473
70	0.5211
71	0.5417
72	0.4665
73	0.4982
74	0.5308
75	0.5172
76	0.5468
77	0.5605
78	0.5374
79	0.5114
80	0.5008
81	0.5681
82	0.6043
83	0.5783
84	0.5569
85	0.5986
86	0.5485
87	0.5401
88	0.5825
89	0.5967
90	0.5646
91	0.5757
92	0.6123
93	0.5784
94	0.5467
95	0.6134
96	0.5485
97	0.5939
98	0.5341
99	0.5103
100	0.5024


================================================================================
 라운드별 모델 합성 가중치
================================================================================
           client_0_weight  client_1_weight  client_2_weight  client_3_weight  client_4_weight  client_5_weight  client_6_weight  client_7_weight  client_8_weight  client_9_weight
Round 1                0.1              0.1              0.1              0.1              0.1              0.1              0.1              0.1              0.1              0.1
Round 2                0.1              0.1              0.1              0.1              0.1              0.1              0.1              0.1              0.1              0.1
Round 3                0.1              0.1              0.1              0.1              0.1              0.1              0.1              0.1              0.1              0.1
Round 4                0.1              0.1              0.1              0.1              0.1              0.1              0.1              0.1              0.1              0.1
Round 5                0.1              0.1              0.1              0.1              0.1              0.1              0.1              0.1              0.1              0.1
Round 6                0.1              0.1              0.1              0.1              0.1              0.1              0.1              0.1              0.1              0.1
Round 7                0.1              0.1              0.1              0.1              0.1              0.1              0.1              0.1              0.1              0.1
Round 8                0.1              0.1              0.1              0.1              0.1              0.1              0.1              0.1              0.1              0.1
Round 9                0.1              0.1              0.1              0.1              0.1              0.1              0.1              0.1              0.1              0.1
Round 10               0.1              0.1              0.1              0.1              0.1              0.1              0.1              0.1              0.1              0.1
Round 11               0.1              0.1              0.1              0.1              0.1              0.1              0.1              0.1              0.1              0.1
Round 12               0.1              0.1              0.1              0.1              0.1              0.1              0.1              0.1              0.1              0.1
Round 13               0.1              0.1              0.1              0.1              0.1              0.1              0.1              0.1              0.1              0.1
Round 14               0.1              0.1              0.1              0.1              0.1              0.1              0.1              0.1              0.1              0.1
Round 15               0.1              0.1              0.1              0.1              0.1              0.1              0.1              0.1              0.1              0.1
Round 16               0.1              0.1              0.1              0.1              0.1              0.1              0.1              0.1              0.1              0.1
Round 17               0.1              0.1              0.1              0.1              0.1              0.1              0.1              0.1              0.1              0.1
Round 18               0.1              0.1              0.1              0.1              0.1              0.1              0.1              0.1              0.1              0.1
Round 19               0.1              0.1              0.1              0.1              0.1              0.1              0.1              0.1              0.1              0.1
Round 20               0.1              0.1              0.1              0.1              0.1              0.1              0.1              0.1              0.1              0.1
Round 21               0.1              0.1              0.1              0.1              0.1              0.1              0.1              0.1              0.1              0.1
Round 22               0.1              0.1              0.1              0.1              0.1              0.1              0.1              0.1              0.1              0.1
Round 23               0.1              0.1              0.1              0.1              0.1              0.1              0.1              0.1              0.1              0.1
Round 24               0.1              0.1              0.1              0.1              0.1              0.1              0.1              0.1              0.1              0.1
Round 25               0.1              0.1              0.1              0.1              0.1              0.1              0.1              0.1              0.1              0.1
Round 26               0.1              0.1              0.1              0.1              0.1              0.1              0.1              0.1              0.1              0.1
Round 27               0.1              0.1              0.1              0.1              0.1              0.1              0.1              0.1              0.1              0.1
Round 28               0.1              0.1              0.1              0.1              0.1              0.1              0.1              0.1              0.1              0.1
Round 29               0.1              0.1              0.1              0.1              0.1              0.1              0.1              0.1              0.1              0.1
Round 30               0.1              0.1              0.1              0.1              0.1              0.1              0.1              0.1              0.1              0.1
Round 31               0.1              0.1              0.1              0.1              0.1              0.1              0.1              0.1              0.1              0.1
Round 32               0.1              0.1              0.1              0.1              0.1              0.1              0.1              0.1              0.1              0.1
Round 33               0.1              0.1              0.1              0.1              0.1              0.1              0.1              0.1              0.1              0.1
Round 34               0.1              0.1              0.1              0.1              0.1              0.1              0.1              0.1              0.1              0.1
Round 35               0.1              0.1              0.1              0.1              0.1              0.1              0.1              0.1              0.1              0.1
Round 36               0.1              0.1              0.1              0.1              0.1              0.1              0.1              0.1              0.1              0.1
Round 37               0.1              0.1              0.1              0.1              0.1              0.1              0.1              0.1              0.1              0.1
Round 38               0.1              0.1              0.1              0.1              0.1              0.1              0.1              0.1              0.1              0.1
Round 39               0.1              0.1              0.1              0.1              0.1              0.1              0.1              0.1              0.1              0.1
Round 40               0.1              0.1              0.1              0.1              0.1              0.1              0.1              0.1              0.1              0.1
Round 41               0.1              0.1              0.1              0.1              0.1              0.1              0.1              0.1              0.1              0.1
Round 42               0.1              0.1              0.1              0.1              0.1              0.1              0.1              0.1              0.1              0.1
Round 43               0.1              0.1              0.1              0.1              0.1              0.1              0.1              0.1              0.1              0.1
Round 44               0.1              0.1              0.1              0.1              0.1              0.1              0.1              0.1              0.1              0.1
Round 45               0.1              0.1              0.1              0.1              0.1              0.1              0.1              0.1              0.1              0.1
Round 46               0.1              0.1              0.1              0.1              0.1              0.1              0.1              0.1              0.1              0.1
Round 47               0.1              0.1              0.1              0.1              0.1              0.1              0.1              0.1              0.1              0.1
Round 48               0.1              0.1              0.1              0.1              0.1              0.1              0.1              0.1              0.1              0.1
Round 49               0.1              0.1              0.1              0.1              0.1              0.1              0.1              0.1              0.1              0.1
Round 50               0.1              0.1              0.1              0.1              0.1              0.1              0.1              0.1              0.1              0.1
Round 51               0.1              0.1              0.1              0.1              0.1              0.1              0.1              0.1              0.1              0.1
Round 52               0.1              0.1              0.1              0.1              0.1              0.1              0.1              0.1              0.1              0.1
Round 53               0.1              0.1              0.1              0.1              0.1              0.1              0.1              0.1              0.1              0.1
Round 54               0.1              0.1              0.1              0.1              0.1              0.1              0.1              0.1              0.1              0.1
Round 55               0.1              0.1              0.1              0.1              0.1              0.1              0.1              0.1              0.1              0.1
Round 56               0.1              0.1              0.1              0.1              0.1              0.1              0.1              0.1              0.1              0.1
Round 57               0.1              0.1              0.1              0.1              0.1              0.1              0.1              0.1              0.1              0.1
Round 58               0.1              0.1              0.1              0.1              0.1              0.1              0.1              0.1              0.1              0.1
Round 59               0.1              0.1              0.1              0.1              0.1              0.1              0.1              0.1              0.1              0.1
Round 60               0.1              0.1              0.1              0.1              0.1              0.1              0.1              0.1              0.1              0.1
Round 61               0.1              0.1              0.1              0.1              0.1              0.1              0.1              0.1              0.1              0.1
Round 62               0.1              0.1              0.1              0.1              0.1              0.1              0.1              0.1              0.1              0.1
Round 63               0.1              0.1              0.1              0.1              0.1              0.1              0.1              0.1              0.1              0.1
Round 64               0.1              0.1              0.1              0.1              0.1              0.1              0.1              0.1              0.1              0.1
Round 65               0.1              0.1              0.1              0.1              0.1              0.1              0.1              0.1              0.1              0.1
Round 66               0.1              0.1              0.1              0.1              0.1              0.1              0.1              0.1              0.1              0.1
Round 67               0.1              0.1              0.1              0.1              0.1              0.1              0.1              0.1              0.1              0.1
Round 68               0.1              0.1              0.1              0.1              0.1              0.1              0.1              0.1              0.1              0.1
Round 69               0.1              0.1              0.1              0.1              0.1              0.1              0.1              0.1              0.1              0.1
Round 70               0.1              0.1              0.1              0.1              0.1              0.1              0.1              0.1              0.1              0.1
Round 71               0.1              0.1              0.1              0.1              0.1              0.1              0.1              0.1              0.1              0.1
Round 72               0.1              0.1              0.1              0.1              0.1              0.1              0.1              0.1              0.1              0.1
Round 73               0.1              0.1              0.1              0.1              0.1              0.1              0.1              0.1              0.1              0.1
Round 74               0.1              0.1              0.1              0.1              0.1              0.1              0.1              0.1              0.1              0.1
Round 75               0.1              0.1              0.1              0.1              0.1              0.1              0.1              0.1              0.1              0.1
Round 76               0.1              0.1              0.1              0.1              0.1              0.1              0.1              0.1              0.1              0.1
Round 77               0.1              0.1              0.1              0.1              0.1              0.1              0.1              0.1              0.1              0.1
Round 78               0.1              0.1              0.1              0.1              0.1              0.1              0.1              0.1              0.1              0.1
Round 79               0.1              0.1              0.1              0.1              0.1              0.1              0.1              0.1              0.1              0.1
Round 80               0.1              0.1              0.1              0.1              0.1              0.1              0.1              0.1              0.1              0.1
Round 81               0.1              0.1              0.1              0.1              0.1              0.1              0.1              0.1              0.1              0.1
Round 82               0.1              0.1              0.1              0.1              0.1              0.1              0.1              0.1              0.1              0.1
Round 83               0.1              0.1              0.1              0.1              0.1              0.1              0.1              0.1              0.1              0.1
Round 84               0.1              0.1              0.1              0.1              0.1              0.1              0.1              0.1              0.1              0.1
Round 85               0.1              0.1              0.1              0.1              0.1              0.1              0.1              0.1              0.1              0.1
Round 86               0.1              0.1              0.1              0.1              0.1              0.1              0.1              0.1              0.1              0.1
Round 87               0.1              0.1              0.1              0.1              0.1              0.1              0.1              0.1              0.1              0.1
Round 88               0.1              0.1              0.1              0.1              0.1              0.1              0.1              0.1              0.1              0.1
Round 89               0.1              0.1              0.1              0.1              0.1              0.1              0.1              0.1              0.1              0.1
Round 90               0.1              0.1              0.1              0.1              0.1              0.1              0.1              0.1              0.1              0.1
Round 91               0.1              0.1              0.1              0.1              0.1              0.1              0.1              0.1              0.1              0.1
Round 92               0.1              0.1              0.1              0.1              0.1              0.1              0.1              0.1              0.1              0.1
Round 93               0.1              0.1              0.1              0.1              0.1              0.1              0.1              0.1              0.1              0.1
Round 94               0.1              0.1              0.1              0.1              0.1              0.1              0.1              0.1              0.1              0.1
Round 95               0.1              0.1              0.1              0.1              0.1              0.1              0.1              0.1              0.1              0.1
Round 96               0.1              0.1              0.1              0.1              0.1              0.1              0.1              0.1              0.1              0.1
Round 97               0.1              0.1              0.1              0.1              0.1              0.1              0.1              0.1              0.1              0.1
Round 98               0.1              0.1              0.1              0.1              0.1              0.1              0.1              0.1              0.1              0.1
Round 99               0.1              0.1              0.1              0.1              0.1              0.1              0.1              0.1              0.1              0.1
Round 100              0.1              0.1              0.1              0.1              0.1              0.1              0.1              0.1              0.1              0.1

================================================================================
 라운드별 시간 측정 결과 (초)
================================================================================
           cli 0 train  cli 1 train  cli 2 train  cli 3 train  cli 4 train  cli 5 train  cli 6 train  cli 7 train  cli 8 train  cli 9 train  agg time  cli eval time  global eval time  total time
Round 1      51.365798    48.334539    78.656019    74.419387    88.202455    25.633857   119.887523    30.174893    69.133003          0.1  0.414557              0          7.442916    7.857917
Round 2      51.676502    45.253144    71.093275    78.021419   101.605438    45.898910    89.155523    29.870476    46.733060          0.1  0.282161              0         10.043502   10.325912
Round 3      25.717571    47.706035    70.731978    63.952626    95.689729    26.833689    85.195603    28.565485    43.388160          0.1  0.320782              0         10.432592   10.753958
Round 4      51.687204    47.240535    79.811019    55.531030    72.552723    42.463791    79.689162    26.393120    47.586786          0.1  0.265442              0          8.734323    9.000039
Round 5      36.672442    47.928836    80.340142    83.979224   110.499528    41.421053   119.311709    26.672912    71.466314          0.1  0.284407              0          7.066056    7.350978
Round 6      44.465012    30.384178    72.429738    65.245437    73.006772    42.107617   108.508499    24.805724    66.867750          0.1  0.293283              0         10.488239   10.781954
Round 7      35.859464    47.694807    70.290387    65.350488    91.443907    38.989070    88.836548    30.367516    53.649371          0.1  0.263458              0         10.316865   10.580804
Round 8      33.093987    44.689713    72.043258    90.047324    66.315398    21.744819   124.898296    30.346482    57.721717          0.1  0.269727              0          8.796582    9.066780
Round 9      45.048192    47.574718    72.881415    88.417483    92.705197    45.884986   117.315751    22.827353    75.373604          0.1  0.357722              0          8.460057    8.818403
Round 10     51.380000    36.435120    56.739922    61.818114   107.713422    37.617640    98.216088    27.937482    67.240058          0.1  0.319937              0         10.637137   10.957277
Round 11     40.201795    26.887553    53.683313    84.806355   102.935550    37.297094    89.650323    25.440445    57.225612          0.1  0.338253              0          7.886696    8.225386
Round 12     50.902596    47.054706    61.314893    69.830454   110.921273    39.088118   125.156732    30.432027    71.061817          0.1  0.288718              0          5.814001    6.103119
Round 13     30.004678    39.202875    75.254883    89.896313   108.958999    45.743111    88.536284    25.315585    62.539010          0.1  0.347932              0          9.470499    9.818843
Round 14     42.067085    40.239934    57.188392    74.418351    84.191675    33.823864    89.638113    25.752746    62.521827          0.1  0.329800              0         10.569723   10.899904
Round 15     47.436202    40.350635    69.204871    88.078742    91.938082    42.962901   104.738408    27.514401    75.630897          0.1  0.307491              0          8.709344    9.017209
Round 16     45.361507    36.064767    66.188124    88.289516    87.457886    43.583795   112.355944    29.057467    62.566334          0.1  0.311628              0          8.330476    8.642495
Round 17     51.016016    35.865663    65.888895    84.286590    91.675828    35.525110   105.527550    24.854395    62.409834          0.1  0.278315              0         10.388020   10.666716
Round 18     36.421102    38.476339    75.998384    83.010936    84.037629    46.299006   108.299095    26.001838    53.772529          0.1  0.299109              0          8.643755    8.943147
Round 19     43.143505    39.414481    66.012167    76.570060   103.884268    39.320578   110.119492    30.693790    64.589089          0.1  0.315369              0         10.303956   10.619736
Round 20     43.758754    33.400808    68.082338    71.231545   103.392721    39.453795   110.345308    24.819175    58.605711          0.1  0.261668              0          8.376801    8.638869
Round 21     42.448446    40.599859    64.636902    82.049881    88.642813    45.442735   101.496614    25.149795    63.619079          0.1  0.279107              0         10.115950   10.395484
Round 22     51.380309    41.601526    77.082682    79.344097    83.798464    37.689881    95.771080    27.706337    68.165123          0.1  0.312439              0          9.596093    9.908750
Round 23     43.121098    39.967169    58.239074    63.723796    85.156477    35.765123    95.550650    20.911760    61.250019          0.1  0.295159              0         10.214097   10.509669
Round 24     34.335692    33.420304    54.535301    59.210533    92.119558    44.834028   117.215075    29.725769    58.367439          0.1  0.317066              0          8.394987    8.712271
Round 25     48.286111    37.348405    66.046772    89.446816   102.300235    37.588121   120.159913    30.558829    62.268310          0.1  0.311045              0          8.407499    8.718946
Round 26     45.573312    38.949986    55.065306    67.832913    85.550229    38.690721   112.756842    25.083783    68.417317          0.1  0.301308              0          9.905418   10.207046
Round 27     51.817586    48.224152    51.579786    64.342769    92.338740    31.693356    99.367774    30.899031    75.661802          0.1  0.329458              0          7.018373    7.348417
Round 28     52.134372    48.123232    78.596138    72.832261   101.357784    46.266745   109.053011    30.902791    65.585721          0.1  0.264445              0          7.313567    7.578395
Round 29     52.237452    40.224070    48.813737    87.341635   111.291424    38.557694   107.418075    31.182529    45.103933          0.1  0.262568              0         10.176013   10.438970
Round 30     45.243874    30.570426    71.994915    72.947363    82.072752    42.216514   100.936830    30.374796    59.330687          0.1  0.330097              0         10.268691   10.599485
Round 31     35.276813    37.468075    56.748858    85.393745   101.691228    39.645042   115.489131    15.482546    75.251806          0.1  0.333698              0          5.783330    6.117450
Round 32     51.609072    35.758626    80.622213    90.277771   100.956522    34.634106    95.173702    25.434643    76.945558          0.1  0.249960              0          9.477720    9.728088
Round 33     52.318183    27.150246    75.393300    61.968216    71.923572    36.845029    88.266897    31.406906    76.331281          0.1  0.266104              0         10.606083   10.872594
Round 34     50.465760    47.461435    58.829160    58.746710    91.411047    30.393618    81.192561    30.648591    48.808326          0.1  0.333170              0         10.267330   10.600914
Round 35     52.833535    43.120522    78.153997    85.970798    68.448755    47.037016   117.928479    24.522757    73.638108          0.1  0.314968              0          6.455711    6.771009
Round 36     50.659305    48.382663    80.381197    82.605357    78.788362    45.672875    97.197288    19.149823    68.086815          0.1  0.278761              0         10.569553   10.848705
Round 37     43.337978    30.797650    62.870013    89.744820    65.099052    40.801691    90.821223    14.587540    77.042279          0.1  0.291831              0         10.345948   10.638032
Round 38     51.461839    47.687490    47.042225    57.716856   104.084150    45.598006   107.730174    29.668513    50.842375          0.1  0.320595              0          6.582947    6.904159
Round 39     46.226928    49.054363    75.356410    82.743264   109.054163    42.621213   120.948068    28.912526    77.013584          0.1  0.302320              0          8.851834    9.154547
Round 40     37.975309    33.058269    51.127634    59.154424   105.955038    30.916689   117.151902    21.079856    65.050802          0.1  0.338802              0         10.494556   10.833961
Round 41     51.960332    24.462047    46.854003    43.332741    92.004065    46.195696   111.607097    30.713048    56.277566          0.1  0.341707              0         10.455323   10.797470
Round 42     52.171908    28.788426    61.830256    89.591185   111.883070    33.394366   125.881585    19.905700    74.214043          0.1  0.293807              0          6.282823    6.577049
Round 43     52.189087    29.994066    80.268197    89.703466   102.807496    38.171045   110.336561    23.553164    51.620029          0.1  0.264807              0          9.218684    9.483965
Round 44     39.107697    41.213691    60.973623    73.873824    95.915839    40.396203    89.081508    20.739147    49.192453          0.1  0.312140              0         10.163129   10.475539
Round 45     26.071280    47.654210    56.868870    91.044949    54.181547    46.387419   121.638302    17.990266    64.247355          0.1  0.268103              0          8.898154    9.166690
Round 46     52.708534    33.584381    81.294945    82.878033   101.052578    39.841800   125.406945    29.542427    76.449891          0.1  0.361925              0          7.584812    7.947159
Round 47     36.593799    30.274930    71.612582    74.838250    76.707801    44.553416   116.922800    25.459060    75.901777          0.1  0.364568              0          9.182656    9.547634
Round 48     43.018960    40.367937    63.838846    74.454125    82.614106    32.305617   103.789621    25.097605    62.666506          0.1  0.313915              0          9.505018    9.819352
Round 49     48.795215    39.071486    67.985279    64.086534   112.305747    43.165456   120.286829    30.516370    54.313929          0.1  0.255424              0          8.754067    9.009881
Round 50     48.274788    40.064147    81.754496    88.119824    93.757947    30.921896   126.925152    20.909047    63.645001          0.1  0.312157              0          8.274000    8.586628
Round 51     41.379004    48.345864    62.179780    68.178332   104.109442    38.286513   103.724643    22.823185    64.211007          0.1  0.345969              0         10.068042   10.414393
Round 52     46.731377    39.737349    67.897382    74.895115    92.595579    40.611299   101.337565    24.877065    62.923751          0.1  0.306464              0          8.360027    8.666869
Round 53     49.692633    45.345214    68.532874    76.337974    94.795395    41.455598   107.975273    25.894601    54.898458          0.1  0.281833              0          8.608857    8.891119
Round 54     44.678512    48.921264    70.055948    79.180993   105.885163    47.560406   103.171175    25.067811    58.452214          0.1  0.301414              0          8.583942    8.885605
Round 55     39.735585    39.846152    56.706214    75.181311    85.517433    39.178191   103.981150    25.008770    63.845222          0.1  0.286192              0         10.079545   10.366301
Round 56     43.422008    48.708978    58.159170    88.234998    94.038563    35.148721   103.185619    27.330838    69.824638          0.1  0.314358              0          8.841341    9.156090
Round 57     43.149936    39.416470    72.202722    73.253226    82.788535    45.157892   116.465743    25.684096    62.159349          0.1  0.277046              0         10.108528   10.385821
Round 58     46.719484    41.248372    63.788785    78.762744    87.588325    38.049186   101.077808    28.645133    63.041670          0.1  0.306474              0          8.665220    8.972104
Round 59     41.912208    42.625535    64.723373    64.649008    97.139795    35.571595   106.748906    24.340078    62.039920          0.1  0.343012              0          9.367739    9.711184
Round 60     49.009737    38.162113    72.570461    77.283344    78.366457    37.515973   105.679166    28.926501    52.224014          0.1  0.312997              0          9.577286    9.890780
Round 61     42.174541    37.491830    61.488747    71.294292    88.535788    36.690733    90.315387    20.341564    62.963349          0.1  0.350304              0         10.101670   10.452376
Round 62     48.834239    30.722041    74.633086    82.437058    83.110369    43.366892    98.051082    25.376610    46.834246          0.1  0.317662              0          7.571894    7.889862
Round 63     47.676705    43.366041    65.860985    62.433716   104.890105    36.126369   117.107650    23.709694    59.211580          0.1  0.305603              0          8.485978    8.791959
Round 64     37.127148    36.235061    54.465907    75.788696    84.234837    37.511285   104.643580    18.193155    45.485948          0.1  0.269880              0         10.154304   10.424546
Round 65     36.099071    44.429952    74.592366    77.101582    84.295878    26.691290    73.024175    19.808792    44.375041          0.1  0.346395              0          8.185208    8.531830
Round 66     47.797919    26.269089    70.752170    58.266892   102.684489    43.178959   115.037772    22.255258    64.836500          0.1  0.306752              0          4.709163    5.016510
Round 67     30.804866    37.323940    68.742920    52.100065    64.625515    36.062205   114.333274    18.646087    69.771279          0.1  0.283955              0          8.098421    8.382779
Round 68     30.110811    43.613779    45.620135    51.090453    97.057042    40.750571    78.028611    22.063403    48.692092          0.1  0.328240              0          8.102163    8.430820
Round 69     47.111590    41.677759    74.434129    81.450601   101.069876    41.826001    56.650347    27.480737    68.823006          0.1  0.290848              0          4.551095    4.842323
Round 70     46.989499    27.170473    51.338434    81.120237   101.693172    42.006594    96.537971    28.168300    63.198402          0.1  0.285799              0          8.480124    8.766172
Round 71     43.084307    27.989154    47.369579    50.727041    64.360046    37.909387   105.129276    20.574421    67.892239          0.1  0.362018              0          8.822331    9.184752
Round 72     35.934762    41.093964    49.038240    76.910893    96.838535    27.541518    74.436141    24.444067    51.228477          0.1  0.321245              0          8.362759    8.684402
Round 73     47.185485    43.346642    72.258708    72.629862    86.741798    28.141528   112.005568    19.509747    62.090068          0.1  0.303350              0          7.920042    8.223650
Round 74     29.565126    40.406298    66.094588    73.279762    62.450588    34.567836    81.650742    27.627542    67.960174          0.1  0.300700              0         10.113683   10.414796
Round 75     30.883315    36.293051    57.353894    55.446816    76.896346    35.371988    84.730440    17.988551    55.348872          0.1  0.296349              0          9.729718   10.026567
Round 76     38.049900    37.754647    52.949365    73.949637    91.008193    35.464662    98.568218    26.828387    64.565050          0.1  0.291704              0          5.874839    6.166864
Round 77     46.039282    27.265586    55.415619    55.413985    99.116126    41.360837    85.688128    27.369651    67.871254          0.1  0.286802              0          9.208963    9.496171
Round 78     27.678538    37.922043    58.640230    65.751392    60.833982    34.001685    81.728680    25.145555    57.439851          0.1  0.246047              0          9.733681    9.980303
Round 79     35.491598    41.991032    53.052331    79.375986    60.406793    30.193806   110.322044    18.142308    53.421029          0.1  0.303444              0          8.270297    8.574099
Round 80     42.586377    34.771776    69.953476    69.322404    87.029171    41.346946    98.498844    26.362314    48.348795          0.1  0.276331              0          7.728729    8.005471
Round 81     38.217906    30.591174    64.468623    65.300863    77.827965    31.147879    98.918087    18.645200    49.098438          0.1  0.286985              0          8.463580    8.751182
Round 82     37.742839    35.373048    54.170603    66.284726    80.951651    33.786627    91.819579    17.773202    50.277054          0.1  0.307923              0          9.841091   10.149279
Round 83     31.259869    38.937486    49.870527    67.894970    81.927190    27.837264   107.330385    20.623256    67.729875          0.1  0.312560              0          9.145655    9.458609
Round 84     32.799193    34.861260    71.892261    64.744504    81.346838    36.410247   104.385768    22.925389    55.301512          0.1  0.274412              0          8.577996    8.853020
Round 85     36.631077    35.406105    60.740711    65.593094    77.805463    32.539198    90.476161    17.234123    54.950052          0.1  0.302996              0          6.394386    6.697620
Round 86     37.829025    38.608164    62.784984    74.103414    93.906667    33.346315   100.512572    25.241921    54.906477          0.1  0.290216              0          7.456603    7.747249
Round 87     31.563778    34.846676    58.125726    77.074737    92.511988    33.542625    81.404661    21.904644    48.572868          0.1  0.301426              0          7.556107    7.857834
Round 88     38.211734    36.793135    65.302563    74.088838    77.979975    34.649857    91.945502    20.564342    55.027911          0.1  0.354161              0          8.821524    9.176139
Round 89     34.826113    34.574295    58.560430    61.392985    96.595791    35.501951   109.384491    25.262551    51.589734          0.1  0.277463              0          6.592621    6.870379
Round 90     38.113711    36.786252    59.978694    58.504709    84.108015    36.987456    84.702807    22.131346    54.942574          0.1  0.307440              0          9.630510    9.938575
Round 91     35.482774    36.638140    58.792824    71.271606    85.699443    34.880056    91.672666    22.467637    57.145854          0.1  0.327129              0          8.274832    8.602345
Round 92     45.748501    42.622555    60.717037    74.926281    85.116985    39.301861    96.792159    27.805246    54.849274          0.1  0.290936              0          7.619895    7.911241
Round 93     34.997162    29.634271    41.179869    55.099827    68.111156    31.114945    66.104352    15.249021    52.067668          0.1  0.286630              0          7.751908    8.039143
Round 94     26.590773    24.627121    42.552713    46.865839    52.668618    24.265685    60.935650    15.829077    35.893449          0.1  0.271101              0          5.016724    5.288214
Round 95     28.219187    24.577229    55.375344    61.491552    50.729010    29.139973    77.893906    21.060691    32.676344          0.1  0.271151              0          3.685309    3.956836
Round 96     29.869088    32.734569    39.485064    47.904926    55.189892    31.153378    85.734698    21.272372    38.979810          0.1  0.318349              0          8.013141    8.331874
Round 97     25.707992    24.514840    42.948322    46.495030    52.397835    24.788744    60.385218    15.832018    40.930921          0.1  0.292422              0          5.295654    5.588379
Round 98     27.256305    24.327723    37.408733    55.146089    74.557682    23.285979    85.852484    15.463432    52.764118          0.1  0.328736              0          3.325787    3.655123
Round 99     26.667392    24.716153    56.047237    61.180507    57.403732    25.092155    75.016042    20.719893    47.498538          0.1  0.248570              0          5.135628    5.384511
Round 100    16.758622    29.155518    36.379650    44.840875    57.479131    30.001007    59.102357    15.902532    47.161752          0.1  0.255824              0          7.114275    7.370388

총 시뮬레이션 시간: 880.62초

================================================================================
 시뮬레이션 파라미터
================================================================================
NUM_CLIENTS: 10
NUM_ROUNDS: 100
LOCAL_EPOCHS: 5
DIRICHLET_ALPHA: 0.5
MIN_SAMPLES_PER_CLASS: 50
RANDOM_SEED: 42
NUM_COMMITTEE_MEMBERS: 3
EWMA_BETA: 0.9
NUM_NOISE_ATTACKERS: 1
NUM_DATAF_ATTACKERS: 0
COMMITTEE_EVAL_SKIPPED: True
