================================================================================
 데이터 분할 현황
================================================================================
   Client  Num Samples  Class 0  Class 1  Class 2  Class 3  Class 4  Class 5  Class 6  Class 7  Class 8  Class 9
0       0         3646       38      954      675      142      340      355      264      416       43      419
1       1         3328      446       30      222      898      309      490       35      511      347       40
2       2         5833     1242       32      481      543      649      199       56      188     2324      119
3       3         6525      166     1805       31       57      494     1048      622     1562       89      651
4       4         8192      755      377      773      195     2162      885     2437      277      274       57
5       5         3207      107      237      894      186       42      327      340      379      356      339
6       6         9228       83      224     1242     1751       43      188      987     1405     1129     2176
7       7         2009       30      259      248      137       73      513       30      165      332      222
8       8         5471     1959      884      397      523      130      814      128       30       67      539
9       9         2561      174      198       37      568      758      181      101       67       39      438

================================================================================
 라운드별 글로벌 모델 정확도
================================================================================
Round	Accuracy
1	0.1075
2	0.4065
3	0.5533
4	0.6379
5	0.6696
6	0.713
7	0.7142
8	0.721
9	0.7424
10	0.7425
11	0.7454
12	0.7373
13	0.7514
14	0.7623
15	0.7643
16	0.7601
17	0.7585
18	0.7605
19	0.7634
20	0.7654
21	0.7671
22	0.7616
23	0.763
24	0.7694
25	0.7604
26	0.7656
27	0.7662
28	0.7611
29	0.7612
30	0.7677


================================================================================
 라운드별 모델 합성 가중치
================================================================================
          client_0_weight  client_1_weight  client_2_weight  client_3_weight  client_4_weight  client_5_weight  client_6_weight  client_7_weight  client_8_weight  client_9_weight
Round 1          0.099771         0.090824         0.101861         0.134631         0.117170         0.097685         0.108517         0.090381         0.104212         0.054949
Round 2          0.108669         0.098439         0.099801         0.121720         0.128450         0.115808         0.093652         0.089637         0.089586         0.054239
Round 3          0.114721         0.096407         0.092903         0.125009         0.122146         0.095237         0.107550         0.090231         0.094132         0.061664
Round 4          0.088222         0.098330         0.093011         0.109776         0.126949         0.104998         0.108872         0.092891         0.092512         0.084439
Round 5          0.104665         0.114753         0.115711         0.109047         0.099190         0.094961         0.089519         0.096700         0.085493         0.089960
Round 6          0.109906         0.098708         0.106956         0.106102         0.114922         0.104613         0.099897         0.088873         0.083128         0.086895
Round 7          0.111475         0.108523         0.102574         0.110843         0.107299         0.115810         0.096617         0.079708         0.077054         0.090096
Round 8          0.111958         0.101488         0.105142         0.103007         0.105153         0.114715         0.108033         0.091687         0.070536         0.088281
Round 9          0.111755         0.099500         0.109131         0.107229         0.109653         0.103077         0.106943         0.086498         0.079529         0.086687
Round 10         0.111561         0.107587         0.102912         0.110005         0.105216         0.105208         0.106714         0.087308         0.076499         0.086991
Round 11         0.103003         0.115798         0.107222         0.109378         0.101776         0.105540         0.107357         0.086011         0.081526         0.082388
Round 12         0.108941         0.104687         0.111360         0.110640         0.110758         0.114852         0.105675         0.081208         0.081086         0.070793
Round 13         0.110760         0.100560         0.103070         0.110800         0.110829         0.117566         0.099641         0.084198         0.080349         0.082226
Round 14         0.111891         0.108156         0.106986         0.110677         0.107135         0.113905         0.104443         0.083063         0.082282         0.071461
Round 15         0.114067         0.099481         0.102967         0.107150         0.104648         0.116251         0.106839         0.085498         0.081620         0.081479
Round 16         0.118159         0.095774         0.107251         0.108389         0.103240         0.118439         0.097369         0.090530         0.077194         0.083653
Round 17         0.117237         0.103682         0.099760         0.111360         0.109753         0.113772         0.099630         0.087531         0.081038         0.076237
Round 18         0.118503         0.105958         0.108966         0.111016         0.105188         0.115891         0.097036         0.086974         0.070536         0.079933
Round 19         0.116093         0.114696         0.097410         0.113040         0.102894         0.116928         0.100424         0.085348         0.069601         0.083565
Round 20         0.117846         0.110262         0.101956         0.113933         0.107616         0.107573         0.102630         0.085493         0.077875         0.074816
Round 21         0.120492         0.112121         0.100703         0.115373         0.097655         0.114160         0.096608         0.084975         0.079790         0.078125
Round 22         0.117106         0.110489         0.098048         0.113889         0.101167         0.116850         0.100604         0.079363         0.076631         0.085851
Round 23         0.117812         0.114440         0.105551         0.109230         0.106700         0.116404         0.093174         0.079957         0.073535         0.083199
Round 24         0.116070         0.104244         0.099131         0.111031         0.108908         0.114563         0.106331         0.079618         0.078882         0.081221
Round 25         0.113620         0.111479         0.105410         0.111144         0.104633         0.113023         0.102623         0.079135         0.076293         0.082640
Round 26         0.116866         0.110044         0.107192         0.110279         0.100975         0.114836         0.096846         0.086966         0.073950         0.082045
Round 27         0.115359         0.111609         0.107017         0.107757         0.109672         0.114470         0.097685         0.081966         0.075427         0.079037
Round 28         0.114366         0.113452         0.105041         0.108856         0.113439         0.115716         0.105021         0.084394         0.064508         0.075206
Round 29         0.118023         0.114477         0.102672         0.111293         0.110649         0.116703         0.084316         0.081744         0.080042         0.080081
Round 30         0.112300         0.118180         0.109491         0.115800         0.106720         0.105778         0.095013         0.082710         0.074917         0.079091

================================================================================
 라운드별 시간 측정 결과 (초)
================================================================================
          cli 0 train  cli 1 train  cli 2 train  cli 3 train  cli 4 train  cli 5 train  cli 6 train  cli 7 train  cli 8 train  cli 9 train  agg time  cli eval time  global eval time  total time
Round 1      8.986457     7.893955    15.810977    16.151739    18.655806     7.809169    16.257182     5.188628    14.027716     7.110597  0.428731      42.428132          3.427885   46.285039
Round 2      9.794398     8.645582    12.516189    16.443560    20.968504     5.972950    22.991232     5.220397    13.728563     7.368577  0.352941      40.939949          4.571163   45.864349
Round 3      7.138714     8.780911    13.343710    16.864472    16.924681     6.597758    21.358482     2.958719    14.698151     6.878678  0.366646      39.797529          4.412185   44.576610
Round 4      7.799834     9.142104    14.343501    14.278015    18.964384     5.163681    21.323436     5.744034    14.766670     3.799019  0.357519      41.934766          4.647018   46.939574
Round 5      9.733512     8.501055    15.182124    15.863495    17.873218     7.854482    22.423227     5.399987     9.036286     7.397123  0.353668      41.042857          4.617016   46.013819
Round 6      9.191309     8.278150    10.773044    16.290793    16.313481     8.375562    23.380518     5.567078    13.274244     7.015200  0.362768      39.754516          4.625733   44.743278
Round 7      9.145186     8.698964    11.456706    11.272760    19.883741     6.911131    21.522655     5.563629    11.493238     7.102264  0.390688      42.001513          3.709199   46.101700
Round 8      9.388448     7.010178    15.094456    10.568623    21.077704     8.754891    23.108116     4.961135    13.658170     7.058324  0.410431      43.892887          2.752654   47.056303
Round 9      9.151747     8.604712    15.304445    16.402437    20.470283     8.372198    18.539611     5.522846    14.424126     6.773184  0.384751      44.117682          3.076395   47.579122
Round 10     9.620172     9.277479    14.761348    16.534402    20.068635     8.445792    19.260986     5.113808    14.292282     5.742646  0.366280      42.464417          3.295261   46.126210
Round 11     9.827116     9.015035    14.123293    14.969291    20.454567     8.460361    19.793404     5.417622     8.263005     4.637294  0.357133      41.123062          4.515221   45.995706
Round 12     6.593209     8.957694    14.768332    11.430087    20.868619     8.764456    23.207581     5.565427    10.968477     5.426751  0.361829      39.357080          4.472842   44.192024
Round 13     9.299924     7.060560    14.633992    13.626127    17.809833     8.057172    19.338623     4.148586    13.851281     6.824408  0.388407      38.865010          4.309757   43.563468
Round 14     9.729896     9.355534    11.264349    14.773950    18.382774     6.437247    23.527645     4.551846    14.321221     6.892053  0.355856      41.867487          4.483389   46.707005
Round 15     6.545475     8.487489    14.909430    14.518968    15.309597     6.415639    23.494893     4.410255    10.742033     7.062538  0.359982      43.240328          3.163481   46.764084
Round 16     9.712602     8.918044    15.121484    16.435971    15.270817     8.461949    23.589982     5.070681    14.122119     6.538533  0.344334      44.472270          2.741030   47.557907
Round 17     5.027252     4.555387     6.286654     8.056757    11.188215     4.583655    12.640916     2.532495     7.472130     3.537008  0.344214      25.126702          2.471250   27.942418
Round 18     5.120054     4.494434     8.048392     9.266887    11.153852     4.420126    12.468219     2.765116     6.852355     3.870201  0.347444      25.273403          2.541515   28.162585
Round 19     5.219852     4.764997     7.786418     8.734442    10.375570     4.665058    12.536469     2.938478     7.085920     3.775729  0.375803      25.155734          2.541819   28.073590
Round 20     4.442863     4.725766     8.111646     8.493067    10.780573     4.575039    11.940202     3.006648     7.463164     3.794193  0.366470      25.141327          2.519644   28.027730
Round 21     5.408482     4.123290     7.252267     9.257668    10.792557     4.324346     8.947177     2.882909     7.480796     3.390572  0.373339      25.367157          2.552034   28.292802
Round 22     4.868599     4.477357     8.009377     8.983668    10.925052     4.539430    13.113881     2.834938     7.193476     3.534917  0.346741      25.041482          2.520180   27.908651
Round 23     4.715822     4.527499     7.578144     9.008196    10.841384     3.919418    13.310108     2.743471     7.588435     3.852963  0.348783      25.279933          2.563232   28.192169
Round 24     5.019294     3.914729     7.857254     9.220728    10.843256     4.675693    11.773646     2.929969     7.323066     3.642622  0.344536      25.461119          2.515064   28.320964
Round 25     4.987119     4.859233     7.808183     7.897717     7.905826     4.509497    13.071259     2.940867     7.665517     3.722787  0.344451      25.347256          2.502136   28.194074
Round 26     3.173861     4.564831     7.830505     8.080242    11.061077     4.455935    12.665382     2.948412     7.320564     3.458726  0.342499      25.307812          2.478784   28.129384
Round 27     5.484040     4.080494     8.068441     8.296069     7.245721     4.242249    11.701583     2.993862     7.424602     3.938188  0.386100      25.330726          2.501326   28.218371
Round 28     4.940836     4.461903     8.166460     8.712762    10.892087     3.889342    11.950006     2.556074     7.418610     3.645164  0.346363      25.588753          2.491268   28.426606
Round 29     5.081550     4.791462     7.517087     9.157717     9.138544     4.067451    12.430864     2.732502     7.232366     3.660914  0.349915      25.462196          2.495972   28.308333
Round 30     5.149590     4.582854     7.314942     9.197816     9.676955     4.293472    11.970502     3.078721     7.136591     3.712130  0.352270      25.381713          2.481906   28.216137

총 시뮬레이션 시간: 1130.48초

================================================================================
 시뮬레이션 파라미터
================================================================================
NUM_CLIENTS: 10
NUM_ROUNDS: 30
LOCAL_EPOCHS: 2
DIRICHLET_ALPHA: 0.5
MIN_SAMPLES_PER_CLASS: 30
RANDOM_SEED: 42
NUM_COMMITTEE_MEMBERS: 3
EWMA_BETA: 0.9
NUM_NOISE_ATTACKERS: 0
NUM_DATAF_ATTACKERS: 3
DATAF_POISON_LEVEL: 3
COMMITTEE_EVAL_SKIPPED: False
