================================================================================
 데이터 분할 현황
================================================================================
   Client  Num Samples  Class 0  Class 1  Class 2  Class 3  Class 4  Class 5  Class 6  Class 7  Class 8  Class 9
0       0         3646       38      954      675      142      340      355      264      416       43      419
1       1         3328      446       30      222      898      309      490       35      511      347       40
2       2         5833     1242       32      481      543      649      199       56      188     2324      119
3       3         6525      166     1805       31       57      494     1048      622     1562       89      651
4       4         8192      755      377      773      195     2162      885     2437      277      274       57
5       5         3207      107      237      894      186       42      327      340      379      356      339
6       6         9228       83      224     1242     1751       43      188      987     1405     1129     2176
7       7         2009       30      259      248      137       73      513       30      165      332      222
8       8         5471     1959      884      397      523      130      814      128       30       67      539
9       9         2561      174      198       37      568      758      181      101       67       39      438

================================================================================
 라운드별 글로벌 모델 정확도
================================================================================
       Overall_Accuracy  Poisoned_Acc([0, 2, 3, 4, 6, 7, 8, 9])
Round                                                          
1                0.1345                                0.168125
2                0.3810                                0.355500
3                0.5626                                0.530375
4                0.6327                                0.582125
5                0.6803                                0.645875
6                0.7141                                0.681875
7                0.7256                                0.695250
8                0.7317                                0.698375
9                0.7468                                0.719875
10               0.7551                                0.728500
11               0.7685                                0.747500
12               0.7658                                0.738750
13               0.7650                                0.735250
14               0.7697                                0.744875
15               0.7652                                0.736500
16               0.7738                                0.746500
17               0.7777                                0.752875
18               0.7704                                0.746125
19               0.7747                                0.750125
20               0.7754                                0.751250
21               0.7742                                0.750875
22               0.7759                                0.754750
23               0.7753                                0.750250
24               0.7712                                0.744000
25               0.7744                                0.752875
26               0.7776                                0.758500
27               0.7789                                0.757375
28               0.7741                                0.752125
29               0.7739                                0.752000
30               0.7754                                0.756625

================================================================================
 라운드별 모델 합성 가중치
================================================================================
          client_0_weight  client_1_weight  client_2_weight  client_3_weight  client_4_weight  client_5_weight  client_6_weight  client_7_weight  client_8_weight  client_9_weight
Round 1          0.116778         0.094031         0.087817         0.125249         0.106097         0.106741         0.126539         0.055135         0.106421         0.075192
Round 2          0.126491         0.090419         0.099188         0.132613         0.110383         0.104184         0.131981         0.048524         0.095592         0.060625
Round 3          0.120929         0.085245         0.109698         0.119608         0.108848         0.124566         0.104708         0.077599         0.094387         0.054412
Round 4          0.094249         0.084699         0.087700         0.116319         0.139983         0.123791         0.114647         0.087779         0.093039         0.057794
Round 5          0.110414         0.090548         0.089145         0.122345         0.124344         0.113480         0.108064         0.088823         0.089212         0.063623
Round 6          0.112236         0.117327         0.103146         0.114731         0.095741         0.117830         0.103371         0.092475         0.078573         0.064569
Round 7          0.115920         0.104923         0.104081         0.111968         0.107054         0.113761         0.102281         0.089776         0.077042         0.073196
Round 8          0.117775         0.085460         0.111374         0.117776         0.098184         0.116657         0.098053         0.089726         0.074572         0.090424
Round 9          0.117009         0.109256         0.104801         0.115737         0.117904         0.099063         0.097454         0.078629         0.075094         0.085052
Round 10         0.105008         0.099573         0.106862         0.113966         0.120136         0.108532         0.096700         0.083786         0.079753         0.085683
Round 11         0.113924         0.103949         0.106477         0.109938         0.106359         0.117400         0.103253         0.077218         0.080732         0.080750
Round 12         0.110383         0.107166         0.109397         0.113853         0.108895         0.113284         0.099134         0.075361         0.080688         0.081838
Round 13         0.115487         0.107591         0.111860         0.101105         0.111324         0.110096         0.103957         0.077025         0.078345         0.083209
Round 14         0.117612         0.107512         0.102811         0.103896         0.107918         0.115591         0.104199         0.075439         0.079880         0.085142
Round 15         0.121342         0.099247         0.109683         0.105842         0.110399         0.119110         0.098884         0.076409         0.079914         0.079172
Round 16         0.122429         0.103738         0.114376         0.112007         0.100746         0.114497         0.104451         0.081651         0.075154         0.070950
Round 17         0.120393         0.112192         0.114192         0.102571         0.099965         0.119251         0.095826         0.084633         0.078191         0.072787
Round 18         0.123511         0.121120         0.092938         0.115814         0.101020         0.113114         0.092494         0.081496         0.076312         0.082181
Round 19         0.125489         0.119780         0.097349         0.116887         0.096055         0.123229         0.094350         0.084395         0.075160         0.067306
Round 20         0.123386         0.118066         0.105274         0.110351         0.090310         0.120378         0.100999         0.081611         0.075390         0.074234
Round 21         0.123399         0.113245         0.092041         0.119478         0.097177         0.124725         0.103388         0.079736         0.071649         0.075162
Round 22         0.120089         0.112528         0.108355         0.115192         0.107827         0.120702         0.098741         0.081456         0.068338         0.066772
Round 23         0.119833         0.113300         0.098354         0.115146         0.110873         0.117612         0.097737         0.080541         0.070891         0.075711
Round 24         0.124706         0.119941         0.100752         0.108338         0.111115         0.116846         0.097900         0.077826         0.065472         0.077104
Round 25         0.124597         0.113107         0.113300         0.115014         0.100833         0.095458         0.104141         0.081470         0.073382         0.078697
Round 26         0.120397         0.113629         0.108864         0.111338         0.110079         0.116123         0.106439         0.073911         0.061292         0.077929
Round 27         0.117848         0.112936         0.102160         0.110066         0.112433         0.110977         0.105287         0.082169         0.072366         0.073757
Round 28         0.119702         0.118380         0.107375         0.114976         0.096167         0.118509         0.093680         0.082022         0.071613         0.077576
Round 29         0.117896         0.116580         0.101674         0.114919         0.105630         0.112657         0.102222         0.080236         0.072005         0.076181
Round 30         0.117882         0.111487         0.106579         0.111478         0.108181         0.111748         0.105676         0.071891         0.077954         0.077123

================================================================================
 라운드별 시간 측정 결과 (초)
================================================================================
          cli 0 train  cli 1 train  cli 2 train  cli 3 train  cli 4 train  cli 5 train  cli 6 train  cli 7 train  cli 8 train  cli 9 train  agg time  cli eval time  global eval time  total time
Round 1      5.340505     2.935748     7.995804     6.558201     9.418188     3.794838    11.731677     2.264125     6.784813     3.218278  0.398696      24.025409          2.409897   29.829143
Round 2      4.562115     4.943645     6.636815     7.997437    11.812817     4.023649    10.810510     2.489494     6.535631     2.752427  0.343391      23.779000          2.358122   29.012912
Round 3      5.061785     4.301594     8.410445     7.084805    11.011210     4.810575    11.600081     3.327667     7.232991     3.197554  0.343765      23.834016          2.349684   29.113874
Round 4      4.699164     3.974223     8.128702     8.039086    10.505538     4.988559    11.784316     2.827185     6.072553     2.574782  0.339709      23.755729          2.404036   29.106013
Round 5      5.479292     4.898164     6.630360     8.902161    10.037340     4.016330     9.752910     2.732084     8.252651     4.124258  0.384896      23.555829          2.400499   28.957086
Round 6      4.768364     4.464515     7.128170     8.204737    10.346797     4.472707    11.190805     2.320972     6.883022     3.202207  0.346480      23.779104          2.343143   29.000740
Round 7      4.779231     4.459486     7.467350     9.180641    11.258821     3.636135    11.363157     2.700620     7.779541     3.367305  0.337527      23.872538          2.372147   29.131910
Round 8      5.247565     4.046960     8.334608     8.900035    10.219693     4.528270    12.536889     2.930678     8.147213     2.858814  0.341030      23.671484          2.346702   28.885662
Round 9      4.725947     4.407683     8.046746     9.037609    10.446836     3.915476    12.133831     3.045819     7.312194     3.248021  0.340863      23.953406          2.407447   29.242687
Round 10     4.419905     4.591418     8.234576     9.015690     9.867785     3.975763    11.382521     2.872903     7.535433     3.442835  0.338198      23.956434          2.389885   29.192199
Round 11     5.101531     4.273845     7.961513     8.277072    10.790863     4.749288    11.265448     3.150388     7.207622     3.156559  0.335479      23.608090          2.342294   28.800752
Round 12     4.616353     4.161207     6.173120     8.216730    10.482289     4.106414    12.838224     2.698555     6.866736     3.482799  0.340828      23.991086          2.362881   29.219856
Round 13     4.842217     3.998805     7.784647     8.610024    10.877229     4.745061    11.702039     2.487361     6.795509     3.234706  0.338854      23.786146          2.346696   29.071833
Round 14     4.846481     5.005600     8.067258     8.958541    11.234926     4.408815    11.782523     2.929636     7.139508     3.180465  0.336693      23.855644          2.380758   29.206772
Round 15     4.673932     4.326033     8.184692     8.990793     9.940599     4.212950    12.491896     2.718045     7.969678     3.317986  0.338313      23.562837          2.349123   29.145640
Round 16     5.034857     4.308556     7.484045     8.323823     8.044173     4.101692    13.306638     2.763762     7.002770     3.682035  0.339226      24.013690          2.404225   29.550805
Round 17     4.744294     4.427835     8.040526     8.017564    10.523620     4.183950    11.816585     2.930362     7.103036     3.569016  0.354312      23.872171          2.446071   29.297063
Round 18     5.022969     3.576669     7.660221     8.679429    11.039046     4.344750    11.922210     2.899936     7.490332     3.393337  0.338059      23.655530          2.415273   28.934730
Round 19     4.955579     5.053854     8.005762     8.459534    10.851777     4.676484    12.405200     3.083167     6.919229     3.164108  0.335509      23.764658          2.486104   29.271044
Round 20     4.582910     4.555091     8.441595    10.126360     9.942405     3.860378    11.591159     2.745392     7.452599     3.402447  0.338804      23.689304          2.372600   28.937228
Round 21     5.460572     4.706571     8.189252     9.250816    11.271429     4.000266    12.842098     2.989742     7.427452     3.042440  0.343690      23.630237          2.380347   29.297971
Round 22     5.327277     4.341955     7.820716     8.429534    11.292327     4.544476    11.934694     2.664959     7.319665     3.373819  0.340792      24.044598          2.403507   29.447810
Round 23     4.695177     3.353657     7.313118     8.992222    10.474734     4.619724    12.083373     2.712077     7.687323     3.300556  0.341595      23.842007          2.434596   29.374898
Round 24     4.968421     4.340589     8.242740     8.721262    11.301284     3.929770    11.560330     2.596361     7.225398     3.232003  0.343592      23.786661          2.355288   29.040469
Round 25     4.549064     4.494169     7.488788     8.276548    10.189028     4.737542    12.069934     3.008400     7.517642     3.153059  0.344434      23.593930          2.412458   28.903649
Round 26     5.012668     4.786324     8.777443     6.720545    10.572820     4.760862    12.676562     3.200580     6.493629     3.463898  0.339310      23.824404          2.384568   29.158715
Round 27     5.047353     4.194472     8.120560     8.803952    10.158433     4.303957    13.221819     2.926364     7.713880     3.322119  0.338267      23.785724          2.375544   29.052260
Round 28     4.693545     4.990621     8.069375     8.966908    10.046429     4.618568    11.811881     2.653494     7.000174     3.702636  0.340150      23.848567          2.352108   29.112567
Round 29     3.743965     4.488859     7.566088     8.828144    11.048324     4.160376    12.126573     2.953443     7.027010     3.617711  0.358288      23.821287          2.377362   29.088202
Round 30     5.033053     4.133706     7.650763     8.006194    11.593625     4.298346    12.331079     2.375645     7.843421     3.920820  0.333920      23.665373          2.336666   28.852983

총 시뮬레이션 시간: 874.24초

================================================================================
 시뮬레이션 파라미터
================================================================================
NUM_CLIENTS: 10
NUM_ROUNDS: 30
LOCAL_EPOCHS: 2
DIRICHLET_ALPHA: 0.5
MIN_SAMPLES_PER_CLASS: 30
RANDOM_SEED: 42
NUM_COMMITTEE_MEMBERS: 3
EWMA_BETA: 0.9
CONTRIBUTION_SCALING_FACTOR: 1.2
NUM_NOISE_ATTACKERS: 0
NUM_DATAF_ATTACKERS: 3
DATAF_POISON_LEVEL: 3
COMMITTEE_EVAL_SKIPPED: False
