================================================================================
 데이터 분할 현황
================================================================================
   Client  Num Samples  Class 0  Class 1  Class 2  Class 3  Class 4  Class 5  Class 6  Class 7  Class 8  Class 9
0       0         3847      107      886      649      195      364      377      299      428      111      431
1       1         3575      454      100      263      839      337      491      104      509      370      108
2       2         5709     1131      102      484      537      627      244      122      235     2051      176
3       3         6301      216     1611      101      123      495      967      604     1405      150      629
4       4         7718      717      395      732      240     1916      828     2149      310      308      123
5       5         3473      165      276      835      233      110      353      364      397      378      362
6       6         8597      145      265     1131     1565      111      234      914     1270     1035     1927
7       7         2454      100      295      286      191      136      511      100      215      357      263
8       8         5403     1743      827      413      519      185      767      183      100      132      534
9       9         2923      222      243      106      558      719      228      161      131      108      447

================================================================================
 라운드별 글로벌 모델 정확도
================================================================================
       Overall_Accuracy  Poisoned_Acc([1,5,8])
Round                                         
1                0.1106                 0.0000
2                0.3022                 0.0103
3                0.4941                 0.1743
4                0.6062                 0.4183
5                0.6230                 0.3983
6                0.6792                 0.5677
7                0.6768                 0.4977
8                0.7106                 0.6090
9                0.7107                 0.5430
10               0.7216                 0.5813
11               0.7359                 0.6180
12               0.7205                 0.5850
13               0.7353                 0.6353
14               0.7391                 0.6150
15               0.7446                 0.6303
16               0.7430                 0.6347
17               0.7387                 0.6043
18               0.7529                 0.6627
19               0.7267                 0.5613
20               0.7482                 0.6420
21               0.7463                 0.6367
22               0.7417                 0.6197
23               0.7484                 0.6417
24               0.7468                 0.6507
25               0.7270                 0.5757
26               0.7440                 0.6250
27               0.7379                 0.6153
28               0.7444                 0.6290
29               0.7433                 0.6360
30               0.7422                 0.6373
31               0.7330                 0.6010
32               0.7481                 0.6470
33               0.7321                 0.6047
34               0.7539                 0.6733
35               0.7129                 0.5387
36               0.7454                 0.6483
37               0.7119                 0.5327
38               0.7609                 0.7230
39               0.6942                 0.4750
40               0.7633                 0.7093
41               0.6984                 0.4890
42               0.7568                 0.6950
43               0.7060                 0.4993
44               0.7628                 0.7117
45               0.6911                 0.4623
46               0.7649                 0.7270
47               0.6863                 0.4407
48               0.7669                 0.7233
49               0.7028                 0.5070
50               0.7592                 0.7133

================================================================================
 라운드별 모델 합성 가중치
================================================================================
          client_0_weight  client_1_weight  client_2_weight  client_3_weight  client_4_weight  client_5_weight  client_6_weight  client_7_weight  client_8_weight  client_9_weight
Round 1               0.1              0.1              0.1              0.1              0.1              0.1              0.1              0.1              0.1              0.1
Round 2               0.1              0.1              0.1              0.1              0.1              0.1              0.1              0.1              0.1              0.1
Round 3               0.1              0.1              0.1              0.1              0.1              0.1              0.1              0.1              0.1              0.1
Round 4               0.1              0.1              0.1              0.1              0.1              0.1              0.1              0.1              0.1              0.1
Round 5               0.1              0.1              0.1              0.1              0.1              0.1              0.1              0.1              0.1              0.1
Round 6               0.1              0.1              0.1              0.1              0.1              0.1              0.1              0.1              0.1              0.1
Round 7               0.1              0.1              0.1              0.1              0.1              0.1              0.1              0.1              0.1              0.1
Round 8               0.1              0.1              0.1              0.1              0.1              0.1              0.1              0.1              0.1              0.1
Round 9               0.1              0.1              0.1              0.1              0.1              0.1              0.1              0.1              0.1              0.1
Round 10              0.1              0.1              0.1              0.1              0.1              0.1              0.1              0.1              0.1              0.1
Round 11              0.1              0.1              0.1              0.1              0.1              0.1              0.1              0.1              0.1              0.1
Round 12              0.1              0.1              0.1              0.1              0.1              0.1              0.1              0.1              0.1              0.1
Round 13              0.1              0.1              0.1              0.1              0.1              0.1              0.1              0.1              0.1              0.1
Round 14              0.1              0.1              0.1              0.1              0.1              0.1              0.1              0.1              0.1              0.1
Round 15              0.1              0.1              0.1              0.1              0.1              0.1              0.1              0.1              0.1              0.1
Round 16              0.1              0.1              0.1              0.1              0.1              0.1              0.1              0.1              0.1              0.1
Round 17              0.1              0.1              0.1              0.1              0.1              0.1              0.1              0.1              0.1              0.1
Round 18              0.1              0.1              0.1              0.1              0.1              0.1              0.1              0.1              0.1              0.1
Round 19              0.1              0.1              0.1              0.1              0.1              0.1              0.1              0.1              0.1              0.1
Round 20              0.1              0.1              0.1              0.1              0.1              0.1              0.1              0.1              0.1              0.1
Round 21              0.1              0.1              0.1              0.1              0.1              0.1              0.1              0.1              0.1              0.1
Round 22              0.1              0.1              0.1              0.1              0.1              0.1              0.1              0.1              0.1              0.1
Round 23              0.1              0.1              0.1              0.1              0.1              0.1              0.1              0.1              0.1              0.1
Round 24              0.1              0.1              0.1              0.1              0.1              0.1              0.1              0.1              0.1              0.1
Round 25              0.1              0.1              0.1              0.1              0.1              0.1              0.1              0.1              0.1              0.1
Round 26              0.1              0.1              0.1              0.1              0.1              0.1              0.1              0.1              0.1              0.1
Round 27              0.1              0.1              0.1              0.1              0.1              0.1              0.1              0.1              0.1              0.1
Round 28              0.1              0.1              0.1              0.1              0.1              0.1              0.1              0.1              0.1              0.1
Round 29              0.1              0.1              0.1              0.1              0.1              0.1              0.1              0.1              0.1              0.1
Round 30              0.1              0.1              0.1              0.1              0.1              0.1              0.1              0.1              0.1              0.1
Round 31              0.1              0.1              0.1              0.1              0.1              0.1              0.1              0.1              0.1              0.1
Round 32              0.1              0.1              0.1              0.1              0.1              0.1              0.1              0.1              0.1              0.1
Round 33              0.1              0.1              0.1              0.1              0.1              0.1              0.1              0.1              0.1              0.1
Round 34              0.1              0.1              0.1              0.1              0.1              0.1              0.1              0.1              0.1              0.1
Round 35              0.1              0.1              0.1              0.1              0.1              0.1              0.1              0.1              0.1              0.1
Round 36              0.1              0.1              0.1              0.1              0.1              0.1              0.1              0.1              0.1              0.1
Round 37              0.1              0.1              0.1              0.1              0.1              0.1              0.1              0.1              0.1              0.1
Round 38              0.1              0.1              0.1              0.1              0.1              0.1              0.1              0.1              0.1              0.1
Round 39              0.1              0.1              0.1              0.1              0.1              0.1              0.1              0.1              0.1              0.1
Round 40              0.1              0.1              0.1              0.1              0.1              0.1              0.1              0.1              0.1              0.1
Round 41              0.1              0.1              0.1              0.1              0.1              0.1              0.1              0.1              0.1              0.1
Round 42              0.1              0.1              0.1              0.1              0.1              0.1              0.1              0.1              0.1              0.1
Round 43              0.1              0.1              0.1              0.1              0.1              0.1              0.1              0.1              0.1              0.1
Round 44              0.1              0.1              0.1              0.1              0.1              0.1              0.1              0.1              0.1              0.1
Round 45              0.1              0.1              0.1              0.1              0.1              0.1              0.1              0.1              0.1              0.1
Round 46              0.1              0.1              0.1              0.1              0.1              0.1              0.1              0.1              0.1              0.1
Round 47              0.1              0.1              0.1              0.1              0.1              0.1              0.1              0.1              0.1              0.1
Round 48              0.1              0.1              0.1              0.1              0.1              0.1              0.1              0.1              0.1              0.1
Round 49              0.1              0.1              0.1              0.1              0.1              0.1              0.1              0.1              0.1              0.1
Round 50              0.1              0.1              0.1              0.1              0.1              0.1              0.1              0.1              0.1              0.1

================================================================================
 라운드별 시간 측정 결과 (초)
================================================================================
          cli 0 train  cli 1 train  cli 2 train  cli 3 train  cli 4 train  cli 5 train  cli 6 train  cli 7 train  cli 8 train  cli 9 train  agg time  cli eval time  global eval time  total time
Round 1      6.048419     5.316989     8.926548    10.534770     8.482509     5.118213    12.429756     4.116107     8.949297     4.952968  0.361418              0          3.292154    6.098778
Round 2      6.537591     5.706177     9.292314     9.915691     9.181909     5.284917    13.376907     3.988462     8.061992     4.943481  0.251667              0          2.900940    5.457120
Round 3      6.249630     5.564418     8.871275    10.033691    12.004070     5.690544    13.021994     3.983087     8.343999     4.882687  0.246124              0          2.919613    5.389299
Round 4      6.289562     5.296311     9.143939     7.645149    11.214641     5.597910    12.899227     3.839270     8.713594     4.654148  0.250579              0          2.852901    5.261910
Round 5      5.725760     5.877916     8.634346    10.068853    11.331391     5.398392    12.342422     4.075294     6.666879     4.684304  0.272566              0          2.842505    5.490752
Round 6      6.016781     5.693726     9.044914     9.638174    12.418743     5.601529    13.395152     3.961120     6.926469     4.504622  0.256501              0          2.904901    5.438433
Round 7      5.573208     5.720993     9.062496     9.776621    12.066801     5.719834    11.260571     4.114187     8.752777     4.899452  0.266929              0          2.927415    5.363809
Round 8      6.067286     5.670093     9.012172     9.801920    11.702333     5.682155    12.563800     4.288834     8.608381     4.893427  0.251421              0          2.825204    5.246560
Round 9      6.399465     5.553694     8.468776     9.660893     8.220353     5.546716    13.661238     3.574786     8.480460     4.687594  0.235714              0          2.908300    5.355959
Round 10     5.987616     5.662347     8.911512     7.856930    11.840965     5.408736    13.381916     3.739477     8.557940     4.865321  0.266985              0          2.831296    5.226039
Round 11     5.706535     5.523539     9.329640     9.527239    11.650247     5.630393    11.467271     4.054288     8.005375     4.965208  0.267736              0          2.849594    5.500636
Round 12     6.319455     5.261564     8.431894     9.566530    12.014331     5.371529    13.322265     4.064658     8.423170     4.711004  0.279101              0          2.784409    5.231020
Round 13     6.240165     5.361392     8.712555     9.608606    10.641040     5.523058    13.065625     3.891430     8.496974     4.526194  0.233545              0          2.883016    5.389966
Round 14     5.989735     5.906379     8.941539     8.568492    11.957671     5.612965    13.312639     3.576044     8.527562     4.579254  0.257512              0          3.143232    5.659386
Round 15     3.770109     5.772729     8.703744     9.869336    12.121443     5.761644    12.942509     4.003493     8.327512     4.691952  0.233657              0          2.765748    5.254945
Round 16     5.957566     5.704926     8.624228     9.971879    11.976902     5.438227    13.428485     3.879245     7.340706     4.482238  0.267799              0          2.808884    5.217316
Round 17     6.200923     5.644940     9.049610     9.360671    12.001117     5.697953    13.008785     3.934222     8.182128     4.619344  0.255340              0          2.849227    5.265795
Round 18     6.122893     5.875332     9.295032     9.461920    11.573713     5.620252    13.236833     3.910739     8.589337     4.778592  0.284060              0          2.883682    5.332204
Round 19     6.372667     5.960738     8.909187     9.629104    11.904668     5.620726    13.160339     3.680935     8.160926     4.833520  0.238481              0          2.883653    5.333763
Round 20     6.135094     5.665579     9.419203    10.063819    11.510695     5.484160    13.653468     4.067158     8.097680     4.755804  0.246578              0          2.859751    5.257483
Round 21     5.953531     5.456592     8.720515     9.965367    12.261837     3.556323    13.287853     4.006213     8.831101     4.691938  0.243800              0          2.797496    5.240823
Round 22     6.121305     5.715153     8.782629     9.330506    12.288624     5.490081    13.256217     3.986934     8.381075     4.535525  0.239557              0          2.901879    5.354330
Round 23     6.192504     5.809076     9.062858    10.206137    11.755120     5.269963    13.043588     3.437176     8.493387     4.616805  0.262369              0          2.899925    5.388305
Round 24     6.402078     5.492749     9.027415     9.963555    12.189161     5.611796     8.660706     3.871859     8.333880     4.797897  0.265996              0          2.979111    5.407813
Round 25     5.873296     6.002462     8.844606    10.035655    12.120812     5.551246    12.883537     3.770794     8.687382     3.868991  0.260762              0          2.869600    5.388710
Round 26     6.177564     5.775529     8.867685    10.109962    12.148300     5.772601    13.562674     3.896959     8.384360     4.670005  0.234574              0          2.859847    5.284554
Round 27     5.716867     5.860956     8.623408     9.788716    11.229023     5.641376    13.051332     4.022260     8.557838     4.743576  0.259772              0          2.899280    5.424088
Round 28     6.451277     4.919173     8.974204     9.274688     9.776771     5.558614    13.247975     4.080810     8.121388     4.868155  0.247613              0          2.843383    5.266284
Round 29     6.443681     5.508174     8.733979     9.948479    12.118867     5.315809    13.577073     3.611550     8.766370     4.525377  0.280626              0          3.066433    5.618762
Round 30     5.789670     5.808784     8.952291     9.685332    11.820464     5.682031    13.174817     4.080571     8.193159     3.618499  0.239496              0          2.899980    5.295439
Round 31     6.302285     5.731232     8.883785     9.994225    11.824492     3.928309    13.016603     4.004536     8.629253     4.672878  0.247525              0          2.857320    5.257445
Round 32     6.326086     5.429546     9.261563     9.541874    12.105901     5.504222    13.484727     3.921462     8.246827     4.666676  0.236451              0          2.819556    5.318857
Round 33     6.226060     5.719456     9.342965     9.775764    12.275996     5.616364    13.433608     4.006658     8.481384     4.945136  0.261300              0          2.858828    5.425334
Round 34     6.245351     5.917534     9.402858     7.191732    11.598060     5.796377    13.149549     3.846124     7.920441     4.858272  0.257012              0          2.842387    5.260916
Round 35     5.955330     5.323754     8.841443    10.048048    11.994785     5.719362    13.183431     4.116733     5.839216     4.652527  0.257471              0          2.879632    5.366188
Round 36     6.425281     5.252576     8.428681     9.847413    11.691104     3.760440    13.383618     4.039663     8.790010     4.807487  0.272038              0          2.923942    5.376546
Round 37     6.173293     5.497120     8.500162    10.082475    11.933982     5.691950    11.300819     4.017002     8.350650     4.635474  0.313364              0          2.903421    5.390257
Round 38     6.331893     5.400928     8.590305    10.128803     9.355701     5.792077    12.683415     3.997246     8.692803     4.800624  0.246743              0          2.914937    5.352265
Round 39     5.978499     5.711654     9.162216     9.286442    12.382963     5.302332    13.088052     3.730084     8.630681     4.816195  0.273583              0          2.902819    5.388849
Round 40     6.100037     5.618872     8.938920     9.574428    11.620704     5.749366    12.995411     4.249289     8.443491     4.805178  0.259968              0          2.872444    5.383244
Round 41     6.404307     5.927116     8.526831     9.422637    12.356230     5.250475    13.209954     4.005812     8.734732     4.457681  0.251186              0          2.964733    5.394594
Round 42     5.896109     5.990747     8.588656     8.541722    11.863364     5.783958    13.484580     3.426730     8.584679     4.613357  0.301254              0          2.855505    5.503583
Round 43     6.093035     5.492064     9.190867     9.868224    11.701438     5.566773    12.537674     3.756016     8.244571     4.731184  0.259279              0          2.885453    5.455019
Round 44     5.941766     5.763636     9.179714     9.986135    11.843655     5.589795    12.379174     3.951170     8.126334     4.383541  0.265302              0          2.880383    5.340888
Round 45     6.305211     5.546829     8.806311     7.919024    11.875079     5.669034    13.640579     3.831284     8.324420     4.784600  0.246650              0          2.978348    5.475169
Round 46     4.788624     5.335355     9.381091     9.992779    11.901780     5.546395    13.499889     4.045100     8.280627     4.759509  0.249068              0          2.936276    5.448202
Round 47     6.282300     5.561179     8.539266    10.050639    11.838756     5.229676    13.227239     3.767174     8.887196     4.827506  0.259509              0          2.836342    5.254524
Round 48     6.372877     5.785479     8.919477     9.737926    12.159872     5.599514    13.595804     4.034870     8.156846     4.634664  0.267558              0          2.947500    5.380496
Round 49     5.807540     5.583386     8.891407     9.906105    11.817779     5.408734    12.751766     4.068685     8.731863     4.790076  0.245213              0          2.901775    5.359397
Round 50     6.058843     5.273628     9.018836    10.053852    11.966822     4.374149    13.748552     3.923215     8.651109     4.664862  0.268055              0          2.886960    5.382626

총 시뮬레이션 시간: 268.95초

================================================================================
 시뮬레이션 파라미터
================================================================================
NUM_CLIENTS: 10
NUM_ROUNDS: 50
LOCAL_EPOCHS: 2
DIRICHLET_ALPHA: 0.5
MIN_SAMPLES_PER_CLASS: 100
RANDOM_SEED: 42
NUM_COMMITTEE_MEMBERS: 3
EWMA_BETA: 0.3
CONTRIBUTION_SCALING_FACTOR: 1.5
NUM_NOISE_ATTACKERS: 0
NUM_DATAF_ATTACKERS: 3
DATAF_POISON_LEVEL: 3
COMMITTEE_EVAL_SKIPPED: True
