================================================================================
 데이터 분할 현황
================================================================================
   Client  Num Samples  Class 0  Class 1  Class 2  Class 3  Class 4  Class 5  Class 6  Class 7  Class 8  Class 9
0       0         3993      867     1230      310      671       47       46      109       40      638       35
1       1         4734      270      748      131      395       45       42     2444      532       42       85
2       2         3958      436       74      272      230      229       68      871      276       50     1452
3       3         5706      315     1030      433      540     1532      756       30       30     1010       30
4       4         7795      578       38      780      227     1635     1963       81      192      334     1967
5       5         5238      429     1084       79      883      348      135      287     1239      164      590
6       6         2817      907       66      215       30       37      582      469       32      449       30
7       7         5997       46      518     1978       38      786       58       31      125     1846      571
8       8         5340     1122       42      252       34      308     1320      450     1576      171       65
9       9         4422       30      170      550     1952       33       30      228      958      296      175

================================================================================
 라운드별 글로벌 모델 평가 결과
================================================================================
           Loss  Accuracy       AUC
Round                              
1      3.179667    0.1063  0.724358
2      1.832369    0.3513  0.871816
3      1.082499    0.6100  0.937694
4      1.054791    0.6592  0.948925
5      0.943493    0.7047  0.958575
6      0.917752    0.7239  0.963512
7      0.898858    0.7345  0.965979
8      0.842332    0.7503  0.968446
9      0.817768    0.7645  0.970124
10     0.834093    0.7598  0.970604
11     0.802538    0.7704  0.971785
12     0.835533    0.7720  0.971800
13     0.828469    0.7734  0.972112
14     0.866689    0.7738  0.972094
15     0.877855    0.7745  0.972031
16     0.866548    0.7767  0.972771
17     0.893414    0.7761  0.972504
18     0.895433    0.7793  0.972500
19     0.940930    0.7719  0.971819
20     0.940156    0.7719  0.972309
21     0.932078    0.7778  0.972218
22     0.932577    0.7782  0.972258
23     0.936962    0.7762  0.972106
24     0.950780    0.7742  0.971502
25     0.962433    0.7770  0.971508
26     0.974635    0.7760  0.971251
27     0.969079    0.7759  0.971903
28     0.952959    0.7748  0.971938
29     0.966552    0.7757  0.971639
30     0.984478    0.7738  0.970962
31     0.974709    0.7730  0.971317
32     0.986234    0.7747  0.971264
33     1.006369    0.7728  0.971011
34     0.999715    0.7783  0.971335
35     0.996299    0.7780  0.971012
36     1.013160    0.7748  0.970893
37     1.016579    0.7765  0.970497
38     1.013971    0.7770  0.970650
39     1.016696    0.7762  0.970800
40     1.024805    0.7788  0.970870
41     1.026523    0.7768  0.971087
42     1.017860    0.7775  0.970952
43     1.026068    0.7746  0.971075
44     1.051976    0.7720  0.971106
45     1.027059    0.7757  0.971270
46     1.044233    0.7733  0.970886
47     1.044768    0.7754  0.970542
48     1.032404    0.7757  0.971215
49     1.028994    0.7756  0.971211
50     1.041528    0.7766  0.971008
51     1.034748    0.7739  0.970975
52     1.035492    0.7737  0.971266
53     1.037410    0.7752  0.971151
54     1.032083    0.7759  0.970922
55     1.048419    0.7737  0.971109
56     1.059963    0.7736  0.970956
57     1.051690    0.7754  0.970828
58     1.059619    0.7755  0.970909
59     1.064539    0.7757  0.971073
60     1.011613    0.7786  0.971925
61     1.028971    0.7803  0.971699
62     1.041921    0.7764  0.971424
63     1.031413    0.7789  0.971477
64     1.050756    0.7778  0.971196
65     1.057450    0.7759  0.971021
66     1.063359    0.7787  0.971129
67     1.066779    0.7786  0.971124
68     1.043380    0.7795  0.971636
69     1.050446    0.7777  0.971503
70     1.056689    0.7798  0.971274
71     1.056231    0.7779  0.971298
72     1.063352    0.7800  0.971266
73     1.079709    0.7793  0.971021
74     1.082864    0.7778  0.971047
75     1.077414    0.7787  0.971252
76     1.084111    0.7774  0.970984
77     1.091734    0.7772  0.971073
78     1.101139    0.7752  0.970807
79     1.094669    0.7780  0.971284
80     1.102878    0.7782  0.970967
81     1.108556    0.7784  0.971043
82     1.111052    0.7775  0.970962
83     1.115557    0.7761  0.970764
84     1.114251    0.7744  0.970820
85     1.126125    0.7764  0.970704
86     1.130028    0.7758  0.970566
87     1.108350    0.7763  0.970927
88     1.117986    0.7773  0.970915
89     1.126534    0.7757  0.970934
90     1.117492    0.7773  0.971051
91     1.122426    0.7791  0.970944
92     1.133786    0.7765  0.971014
93     1.135622    0.7756  0.970956
94     1.142017    0.7782  0.970834
95     1.124221    0.7761  0.971245
96     1.110830    0.7789  0.971241
97     1.123304    0.7796  0.971237
98     1.121733    0.7811  0.971062
99     1.138870    0.7807  0.971094
100    1.130313    0.7826  0.971165

================================================================================
 라운드별 시간 측정 결과 (초)
================================================================================
           cli 0 train  cli 1 train  cli 2 train  cli 3 train  cli 4 train  cli 5 train  cli 6 train  cli 7 train  cli 8 train  cli 9 train  agg time  cli eval time  global eval time  total time
Round 1       7.471315     8.663820     7.227484    10.172289    13.142224    10.353334     5.793169    11.460961    10.156402     7.779110  0.361964              0          2.750698    3.112820
Round 2       7.494422     9.931805     8.570772    11.373504    15.095878    10.494282     5.621704    10.651589    10.181178     8.229667  0.342828              0          2.393869    2.736845
Round 3       7.141192     9.169964     7.703676     9.643908    15.588174     9.444607     5.433737    11.650153    10.347145     8.263110  0.384404              0          2.362776    2.747330
Round 4       7.604178     9.688587     7.805656    11.552113    10.393296     9.575940     4.769396    11.289217    10.261466     9.222352  0.341854              0          2.344095    2.686097
Round 5       6.910725     8.744338     8.084685    10.632275    15.482810    10.419485     3.632334    10.785110    11.090612     7.948383  0.313568              0          2.404760    2.718441
Round 6       6.997574     8.971964     7.318471    10.566731    15.472355     9.338981     5.420397    12.736746    10.149388     9.002240  0.330412              0          2.370885    2.701438
Round 7       7.107391    10.397116     7.529292    12.497870    14.913750     9.093400     5.393219     9.703830    10.714520     7.802069  0.322200              0          2.380120    2.702466
Round 8       8.516892     9.629622     7.705379    10.959384    13.655589     9.807523     5.144496    11.658203    11.049659     9.375994  0.327181              0          2.431478    2.758788
Round 9       6.914290     7.074519     8.163457    10.054257    14.614311    11.176604     5.193380    11.287533    10.179099     9.048988  0.364754              0          2.469193    2.834093
Round 10      7.735286     9.074606     7.210708    10.382763    15.598392    10.458624     3.025641    11.239398     9.467657     7.573678  0.330019              0          2.392375    2.722524
Round 11      8.552274     8.693718     7.471891    12.113366    11.987055    10.726769     4.381873    11.263405     9.698654     9.140864  0.324261              0          2.429126    2.753515
Round 12      7.696622     8.356456     5.504354    10.202055    15.257593    10.561558     5.394998    11.716336    10.397806     8.919422  0.365056              0          2.510779    2.876029
Round 13      7.322357     8.364649     7.322678    10.615435    13.827279     9.912208     5.730200    12.501846    10.990010     9.005290  0.389174              0          2.449441    2.838749
Round 14      7.863162     8.987103     8.226890    10.853515    13.506601     9.811816     5.312544    10.933805    10.518516     8.423145  0.342642              0          2.353637    2.696411
Round 15      8.345016     7.792708     6.824119    11.264620    14.901223     9.974690     5.497013    12.188665     9.963294     8.947884  0.313789              0          2.397094    2.710993
Round 16      8.991229     9.652335     8.568504    10.407191    15.746337    10.152472     4.893250    10.707932    10.377423     7.989707  0.312368              0          2.410014    2.722489
Round 17      7.415026     8.170911     7.853109    11.593143    16.236412     9.546770     5.561352     9.639943    10.252221     9.535349  0.340487              0          2.377824    2.718467
Round 18      7.344918     9.355408     7.119611    10.973603    15.452098    10.820392     5.692968    10.780961     9.744506     7.878900  0.320006              0          2.368245    2.688404
Round 19      7.688859     7.771072     8.085692    11.024595    14.765203    10.549236     5.502686    11.441437    10.993284     7.967848  0.328598              0          2.326682    2.655409
Round 20      8.978784     8.661335     8.272789    10.288054    13.683332    10.723104     5.181992    12.710357     9.617418     9.736634  0.312626              0          2.343427    2.656172
Round 21      6.872466     9.525233     6.770808    11.403408    15.441453    10.359232     6.367423    11.655776     9.485986     8.181666  0.357603              0          2.371248    2.729001
Round 22      7.873253     8.645180     7.803203    10.296309    14.857820    11.275258     5.380276    12.150102    10.814209     8.022938  0.319901              0          2.339940    2.659957
Round 23      7.910864     8.743967     6.971703    10.374823    12.736996     9.278077     6.061316    12.054746    10.850892     8.630011  0.327284              0          2.358082    2.685473
Round 24      7.405845     8.795075     7.197302    11.395676    15.227048    10.033073     5.991143    11.433174     9.627774     8.886776  0.343009              0          2.340808    2.683959
Round 25      7.795423     9.430368     7.768357    11.540001    14.466701    10.061481     5.455413    11.905462     9.683362     8.774720  0.347361              0          2.356408    2.703912
Round 26      8.166304     9.031124     6.829923    11.660547    15.779814    11.404740     5.185962     9.701439    10.503198     8.998908  0.316346              0          2.375814    2.692277
Round 27      7.756192     8.615445     8.698188     9.978028    14.095335     9.136443     5.177480    12.346904    11.364260     7.913175  0.328825              0          2.369698    2.698674
Round 28      7.689214     8.259059     8.275994    11.158904    15.562780     9.345651     5.572002    12.411357     8.500351     8.629375  0.313875              0          2.349157    2.663170
Round 29      7.412550     8.489991     7.066459    10.210320    14.243852    10.846325     6.082322    11.209061    11.563200     9.686303  0.328547              0          2.367287    2.695968
Round 30      8.358918     8.758893     7.036098    10.400515    15.407830     9.895111     5.115785    11.040259    10.331531     9.534779  0.346182              0          2.353991    2.700285
Round 31      7.806004     9.673191     8.068268    11.308016    16.334672    10.165434     5.503568    11.287501     9.629397     8.376572  0.326658              0          2.413807    2.740600
Round 32      8.504647     9.636902     7.338583    10.725707    15.161170     9.985255     6.243562    11.389115    10.458430     8.528850  0.330366              0          2.346694    2.677187
Round 33      7.922945    10.817100     7.242872    10.889162    14.821187     9.585686     5.312937    12.495075     8.063206     8.293709  0.339246              0          2.380976    2.720392
Round 34      7.432245    10.018578     8.743117    10.904736    16.441865     9.835246     4.206324    10.890918    10.329441     9.135413  0.359678              0          2.395074    2.754888
Round 35      7.760872     8.848347     7.711464    11.250701    14.953758     9.562479     5.951378    12.452886    10.492945     9.381130  0.357863              0          2.476665    2.834667
Round 36      7.549351     8.738702     7.811031    10.648263    16.341422    10.697116     3.654475    11.937959    10.432186     8.949913  0.350893              0          2.359225    2.710248
Round 37      7.555325     9.499644     8.076159    11.246350    14.071404    10.698079     6.331260    11.560441    11.016079     8.459183  0.359794              0          2.423020    2.782946
Round 38      8.177277     8.943117     7.729290     9.804146    14.857151     7.892188     5.838881    12.282771    10.325352     9.858837  0.312912              0          2.425281    2.738321
Round 39      8.733295     9.024886     7.574728     7.891479    15.806130    10.775079     5.188500    12.167520     9.789690     8.690048  0.322759              0          2.388300    2.711192
Round 40      8.181602     9.098804     8.075633    11.185594    15.877909    10.905846     5.255696    11.439735     9.808066     8.096075  0.327427              0          2.481335    2.808910
Round 41      7.391284     9.892442     8.360859    10.900543    14.540142     7.380566     5.301274    12.604487    10.698005     9.137224  0.323552              0          2.397392    2.721097
Round 42      8.746956     9.397846     7.287732    10.111791    15.923163     9.856256     5.696221    10.813888    11.227009     9.396786  0.327968              0          2.450557    2.778661
Round 43      7.514099     6.054753     7.737561    10.845863    15.480297    11.044497     5.231560    10.907913    10.205708     9.193664  0.330879              0          2.396254    2.727276
Round 44      5.178389     9.872832     7.621659    10.191485    15.388185    10.200930     5.804134    11.402129    11.166148     9.616242  0.314876              0          2.355632    2.670628
Round 45      7.419000     9.236309     8.500221    10.790538    12.639734    10.929739     5.084444    11.354446    10.847880     8.607989  0.331012              0          2.363596    2.694748
Round 46      8.026585     9.453605     7.737281    10.857761    16.612494     8.851739     5.236023    12.824600    10.886121     8.584933  0.360860              0          2.396308    2.757303
Round 47      7.114693     9.017846     8.188692    10.813001    14.788611     9.741937     5.543595    11.943947    11.379622     8.789887  0.320848              0          2.343527    2.664521
Round 48      7.692158     8.706898     8.221196    11.315682    16.211844     9.984280     5.373379    10.707945    10.502029     9.411009  0.356704              0          2.334510    2.691350
Round 49      7.675575     9.089728     7.783525    11.043342    14.559251    10.932125     5.351846    11.997498     9.879135     8.441480  0.313243              0          2.384872    2.698258
Round 50      7.668247     7.981544     7.436008    10.836441    17.157318     9.747537     5.823781    11.644285     9.042312     8.837341  0.316551              0          2.422955    2.739621
Round 51      7.674081     9.795621     7.400651    10.895096    15.035832    10.420245     4.706795    12.737637    10.109241     8.252133  0.326916              0          2.440170    2.767216
Round 52      7.590612     9.198349     8.854956    12.016316    10.098222    10.459681     5.628799    12.664282     9.679467     8.274316  0.313573              0          2.401976    2.715661
Round 53      7.291575     9.649709     7.565443    11.402342    14.742649    10.116187     5.717587    11.007336    10.242038     9.531228  0.316079              0          2.348484    2.664687
Round 54      7.827589    10.220226     8.556991    10.796311    14.910093     9.343116     5.572935    11.404673    11.256654     8.050394  0.319310              0          2.340872    2.660338
Round 55      7.171582     9.702291     7.708507    12.020872    15.665107    10.732100     5.443640    11.400297    10.235620     8.310546  0.354621              0          2.425139    2.779900
Round 56      8.235779     9.362252     7.406271    11.517570    14.348099     7.861562     5.809441    11.630273    10.460150     8.169055  0.347917              0          2.366930    2.715038
Round 57      8.386537     9.099104     7.146550    11.257538    15.231403    10.402672     5.682097    11.492747    10.054902     8.270758  0.310247              0          2.367485    2.677857
Round 58      7.070442     9.402411     7.538692     9.562335    15.437511    10.469704     6.385607    11.517097    10.254790     7.719784  0.372040              0          2.373022    2.745194
Round 59      7.952092     9.526487     8.171356     8.109522    15.553396     9.723852     5.570620    11.431000    10.577107     8.050012  0.358621              0          2.349930    2.708698
Round 60      4.979620     9.350365     7.299868    11.410173    15.210538    10.083159     5.203208    12.025408    11.138609     8.839867  0.324250              0          2.322108    2.646491
Round 61      8.001381     9.306374     6.017026    11.619848    15.015812    10.256482     5.438473    10.458528    10.582280     8.810212  0.353941              0          2.423431    2.777504
Round 62      8.460696     9.378483     7.459498    11.836428    14.596386    10.099775     6.247190    12.204306    10.799010     8.257524  0.344364              0          2.426356    2.770849
Round 63      7.213297     8.757389     7.910169    11.911331    14.697048    10.403120     5.624687    11.448318    10.113688     9.655769  0.325561              0          2.427897    2.753579
Round 64      7.257636     9.761281     8.230433     7.046597    15.975903    10.515222     5.821136    10.916494     9.766790     8.755629  0.366202              0          2.355376    2.721720
Round 65      7.789981     9.643866     7.471592    10.196859    15.196407    10.843936     6.130261    10.507110    10.504949     8.807995  0.315291              0          2.469337    2.784748
Round 66      7.905143     9.575098     8.003597    11.883543    15.397202    10.039049     5.295209    11.177916    10.227565     8.362641  0.324790              0          2.341356    2.666287
Round 67      8.029623     9.650856     7.300098    11.077561    16.244747    10.083737     5.193672    12.096046     9.818982     8.574559  0.340229              0          2.361636    2.701988
Round 68      8.504009     9.043989     7.948869     8.150359    14.342049     9.608132     6.048383    11.618524    10.829628     8.071671  0.330605              0          2.388299    2.719044
Round 69      7.529959     8.582110     7.765049    11.330085    16.539608    10.187068     5.213246    11.888162     9.859102     9.752595  0.316507              0          2.354927    2.671547
Round 70      7.467724     9.078856     8.182706    10.553742    17.051953     8.287565     5.513957    11.252570     8.948776     8.668398  0.363219              0          2.351236    2.714606
Round 71      8.183224     8.938657     7.968903    11.541440    15.726801     9.452056     5.785609    12.372787    10.661341     8.684631  0.332842              0          2.453191    2.786162
Round 72      7.598960     9.619496     7.252181    11.896973    15.136150    10.516120     5.923360    12.427206     9.805995     7.491577  0.318925              0          2.356313    2.675360
Round 73      7.372203     8.301538     8.350782     9.728286    16.354039    10.379936     5.922701    11.302352    10.156186     8.096902  0.339913              0          2.461947    2.801991
Round 74      7.583267     9.307835     6.409222    11.204760    13.609262     9.686765     5.613886    11.975193    10.249713     8.606435  0.355963              0          2.443868    2.799963
Round 75      7.642929    10.301877     7.622067    12.235186    14.826232    11.159842     5.302916    11.585783    10.441135     8.798696  0.361180              0          2.407436    2.768757
Round 76      7.323956     9.043356     7.327147    10.540512    16.601877     9.778661     5.538724    11.643211    10.482277     8.931678  0.325392              0          2.335477    2.661012
Round 77      7.464178     9.831323     7.799237    10.531778    15.880360     9.494261     5.408467    11.844484    10.120694     8.896986  0.342400              0          2.354255    2.696825
Round 78      7.918444     8.179609     7.723177    10.630077    15.877582     9.250123     5.388590    11.667449     9.782187     8.567807  0.322313              0          2.410928    2.733372
Round 79      8.298106     8.861663     7.721874    10.838351    14.884611     9.718598     5.893408    11.800850     8.967273     8.596047  0.315846              0          2.392174    2.708184
Round 80      7.649637    10.461792     7.343446    11.822335     9.239519    10.098282     5.651845    11.156034    10.315023     8.697734  0.345591              0          2.346755    2.692499
Round 81      8.270225     8.519510     8.083664    11.276529    14.819572    10.046348     5.266343    12.633965    11.109104     5.743841  0.317396              0          2.371024    2.688532
Round 82      8.005296     9.266980     7.600621    11.606810    15.502859     9.762402     5.296585    10.409456    11.285478     8.875445  0.327257              0          2.368080    2.695472
Round 83      6.957164    10.459521     8.083086    11.686434    14.787759     9.787529     5.518182    11.823887     9.804732     5.829708  0.329595              0          2.354812    2.684548
Round 84      7.495529     9.434644     8.389668     8.058824    13.858392    10.075980     5.682973    11.297569    11.054734     9.124276  0.323214              0          2.350018    2.673348
Round 85      8.298031     9.961276     8.081985     8.027451    15.004351     9.574098     6.102718    11.100461    10.962325     8.915071  0.325180              0          2.401164    2.726477
Round 86      7.422589     9.104904     7.911586    12.249418    15.649351    10.488856     5.396729     8.201353     9.759556     8.647624  0.313719              0          2.368072    2.681911
Round 87      6.770240     9.137210     8.247832    11.079403    14.229306     9.998603     5.229136    11.073306    11.374379     8.396078  0.326686              0          2.483033    2.809864
Round 88      7.259156     9.125153     7.947014    11.057566    15.579138     7.009952     5.284897    12.297475    10.442163     8.252196  0.327816              0          2.371856    2.699793
Round 89      7.300721     9.992767     8.171593    11.443604    14.741006    10.981084     5.418880    12.478138    10.814409     8.494802  0.333328              0          2.399184    2.732642
Round 90      8.518366     9.153322     8.213816    11.494297    15.309177    10.388371     5.605742    10.767347    10.987299     8.528417  0.339102              0          2.407808    2.747056
Round 91      7.938161     9.163190     7.838107    10.297915    14.976563     9.675960     5.721882    11.974435    10.144647     8.775577  0.312229              0          2.388159    2.700500
Round 92      8.818590     8.797208     7.632775    11.438449    15.078440    10.703575     5.407052     8.529067     9.924284     8.878507  0.337639              0          2.362270    2.700038
Round 93      7.638573     9.026923     8.084000    11.381078    16.134370     9.715619     5.633387    10.533477    10.374405     8.250339  0.318923              0          2.413527    2.732585
Round 94      7.766794     8.922882     8.653568    10.714198    14.790119    11.004186     5.216023    11.894790    10.711798     9.176979  0.346282              0          2.434999    2.781421
Round 95      8.150772     9.504949     8.513854     8.244400    15.769635    10.345255     5.392401    10.271584     9.722637     9.156262  0.319554              0          2.388152    2.707821
Round 96      7.535299     9.633803     7.386790    11.828396    15.524426    10.419780     5.426760    11.163370     8.126879     8.980739  0.364991              0          2.473380    2.838500
Round 97      8.030448     8.615959     7.571373    10.939435    14.273693    10.897667     5.626206    11.808906    11.070441     9.180687  0.329145              0          2.397955    2.727232
Round 98      7.949503     8.533210     8.354011    11.954362    14.048678    10.497784     5.601053    11.866454    10.509995     8.655998  0.332738              0          2.442168    2.775040
Round 99      7.420108     7.676282     7.674127    11.367528    15.284709     9.846024     5.071446    12.016669    10.669114     8.048012  0.318649              0          2.447181    2.765944
Round 100     7.977430     8.168639     7.415730    11.461390    15.033149    10.264411     5.280901    11.961593    10.246998     8.294370  0.316068              0          2.360975    2.677160

총 시뮬레이션 시간: 272.81초


NUM_CLIENTS = 10
BATCH_SIZE = 32
NUM_ROUNDS = 100
LOCAL_EPOCHS = 3
LEARNING_RATE = 0.01
DIRICHLET_ALPHA = 0.5
MIN_SAMPLES_PER_CLASS = 30