================================================================================
 데이터 분할 현황
================================================================================
   Client  Num Samples  Class 0  Class 1  Class 2  Class 3  Class 4  Class 5  Class 6  Class 7  Class 8  Class 9
0       0         3646       38      954      675      142      340      355      264      416       43      419
1       1         3328      446       30      222      898      309      490       35      511      347       40
2       2         5833     1242       32      481      543      649      199       56      188     2324      119
3       3         6525      166     1805       31       57      494     1048      622     1562       89      651
4       4         8192      755      377      773      195     2162      885     2437      277      274       57
5       5         3207      107      237      894      186       42      327      340      379      356      339
6       6         9228       83      224     1242     1751       43      188      987     1405     1129     2176
7       7         2009       30      259      248      137       73      513       30      165      332      222
8       8         5471     1959      884      397      523      130      814      128       30       67      539
9       9         2561      174      198       37      568      758      181      101       67       39      438

================================================================================
 라운드별 글로벌 모델 정확도
================================================================================
Round	Accuracy
1	0.1314
2	0.4135
3	0.5379
4	0.6102
5	0.6741
6	0.6866
7	0.7188
8	0.7292
9	0.7254
10	0.7381
11	0.7406
12	0.7506
13	0.756
14	0.7588
15	0.765
16	0.758
17	0.7629
18	0.7687
19	0.7619
20	0.7577
21	0.755
22	0.762
23	0.7627
24	0.7695
25	0.7602
26	0.7702
27	0.7665
28	0.7638
29	0.7635
30	0.7626


================================================================================
 라운드별 모델 합성 가중치
================================================================================
          client_0_weight  client_1_weight  client_2_weight  client_3_weight  client_4_weight  client_5_weight  client_6_weight  client_7_weight  client_8_weight  client_9_weight
Round 1               0.1              0.1              0.1              0.1              0.1              0.1              0.1              0.1              0.1              0.1
Round 2               0.1              0.1              0.1              0.1              0.1              0.1              0.1              0.1              0.1              0.1
Round 3               0.1              0.1              0.1              0.1              0.1              0.1              0.1              0.1              0.1              0.1
Round 4               0.1              0.1              0.1              0.1              0.1              0.1              0.1              0.1              0.1              0.1
Round 5               0.1              0.1              0.1              0.1              0.1              0.1              0.1              0.1              0.1              0.1
Round 6               0.1              0.1              0.1              0.1              0.1              0.1              0.1              0.1              0.1              0.1
Round 7               0.1              0.1              0.1              0.1              0.1              0.1              0.1              0.1              0.1              0.1
Round 8               0.1              0.1              0.1              0.1              0.1              0.1              0.1              0.1              0.1              0.1
Round 9               0.1              0.1              0.1              0.1              0.1              0.1              0.1              0.1              0.1              0.1
Round 10              0.1              0.1              0.1              0.1              0.1              0.1              0.1              0.1              0.1              0.1
Round 11              0.1              0.1              0.1              0.1              0.1              0.1              0.1              0.1              0.1              0.1
Round 12              0.1              0.1              0.1              0.1              0.1              0.1              0.1              0.1              0.1              0.1
Round 13              0.1              0.1              0.1              0.1              0.1              0.1              0.1              0.1              0.1              0.1
Round 14              0.1              0.1              0.1              0.1              0.1              0.1              0.1              0.1              0.1              0.1
Round 15              0.1              0.1              0.1              0.1              0.1              0.1              0.1              0.1              0.1              0.1
Round 16              0.1              0.1              0.1              0.1              0.1              0.1              0.1              0.1              0.1              0.1
Round 17              0.1              0.1              0.1              0.1              0.1              0.1              0.1              0.1              0.1              0.1
Round 18              0.1              0.1              0.1              0.1              0.1              0.1              0.1              0.1              0.1              0.1
Round 19              0.1              0.1              0.1              0.1              0.1              0.1              0.1              0.1              0.1              0.1
Round 20              0.1              0.1              0.1              0.1              0.1              0.1              0.1              0.1              0.1              0.1
Round 21              0.1              0.1              0.1              0.1              0.1              0.1              0.1              0.1              0.1              0.1
Round 22              0.1              0.1              0.1              0.1              0.1              0.1              0.1              0.1              0.1              0.1
Round 23              0.1              0.1              0.1              0.1              0.1              0.1              0.1              0.1              0.1              0.1
Round 24              0.1              0.1              0.1              0.1              0.1              0.1              0.1              0.1              0.1              0.1
Round 25              0.1              0.1              0.1              0.1              0.1              0.1              0.1              0.1              0.1              0.1
Round 26              0.1              0.1              0.1              0.1              0.1              0.1              0.1              0.1              0.1              0.1
Round 27              0.1              0.1              0.1              0.1              0.1              0.1              0.1              0.1              0.1              0.1
Round 28              0.1              0.1              0.1              0.1              0.1              0.1              0.1              0.1              0.1              0.1
Round 29              0.1              0.1              0.1              0.1              0.1              0.1              0.1              0.1              0.1              0.1
Round 30              0.1              0.1              0.1              0.1              0.1              0.1              0.1              0.1              0.1              0.1

================================================================================
 라운드별 시간 측정 결과 (초)
================================================================================
          cli 0 train  cli 1 train  cli 2 train  cli 3 train  cli 4 train  cli 5 train  cli 6 train  cli 7 train  cli 8 train  cli 9 train  agg time  cli eval time  global eval time  total time
Round 1      9.371160     7.550299    11.608255    16.393584    19.668959     8.386371    19.942788     5.256418    12.988062     6.508689  0.338073              0          3.765658    4.104167
Round 2      5.550815     5.230269     9.056935     8.430871    12.681245     5.358799    14.858817     3.453294     8.532144     3.952293  0.249374              0          3.120095    3.369689
Round 3      9.810204     9.142839    14.573127    16.666500    18.397880     7.066077    22.850020     5.327198    13.347070     7.344672  0.265592              0          2.738212    3.004307
Round 4      5.994962     5.700153     9.775584    11.023562    13.573379     5.205030    14.676948     3.422330     8.375608     4.596986  0.268491              0          4.069652    4.338610
Round 5      9.632939     8.706423    11.105960    16.523079    10.435834     8.747882    23.348281     4.014981    14.056484     6.063337  0.250101              0          2.605981    2.856354
Round 6      7.674838     5.524005     9.351712    10.735386    16.922007     6.777179    15.174575     5.747441     8.838564     4.019910  0.243873              0          4.272341    4.516411
Round 7      9.877014     5.494903    10.579969    16.791792    17.343864     5.430632    14.225150     5.426249    13.745738     6.839107  0.286880              0          2.637600    2.924866
Round 8      9.656476     8.679244     9.374313    10.028011    16.739060     7.677337    15.059223     5.327154     9.006848     4.455727  0.277936              0          4.381749    4.660064
Round 9      5.979817     5.888181    15.068115     9.851825    19.662421     4.855638    20.787384     3.283677    13.974860     4.457144  0.253166              0          2.637648    2.891206
Round 10     9.273088     7.930429    14.469736    11.249846    13.225491     8.216341    16.224150     3.400023     9.397769     7.044557  0.243483              0          4.482984    4.726693
Round 11     9.482983     8.727134     9.816660    10.399916    20.446981     5.415843    12.411195     5.094829     8.590351     6.651825  0.248391              0          2.669852    2.918774
Round 12     5.841744     8.621109     9.239402    16.260078    17.478895     8.528312    15.486110     4.956228    14.185343     7.065233  0.260935              0          4.653450    4.914774
Round 13     4.489187     5.939115     9.369617     9.810463    15.440930     5.686805    14.305315     3.526069    11.173444     4.230711  0.288870              0          2.655875    2.945133
Round 14     6.200145     5.594751    14.874103    16.774570    20.368849     8.151698    23.309583     5.467444    14.272321     7.032815  0.239469              0          3.814717    4.054391
Round 15     5.802875     5.510694     9.744644    10.096842    13.485927     4.971165    13.268746     3.645019     9.293649     4.391132  0.293446              0          2.718023    3.011883
Round 16     9.439858     8.782625    14.612234    16.324419    20.742616     7.092055    22.043857     5.222297    13.134055     6.673350  0.285530              0          3.287915    3.573874
Round 17     6.041762     5.433433     9.673117    10.587733    12.533097     5.219999    15.073772     3.539454     8.884140     4.261589  0.282603              0          2.634585    2.917594
Round 18     8.588775     8.739381    14.752651    16.659643    20.864162     8.534418    23.511862     2.861263    14.361552     6.146408  0.269102              0          2.597037    2.866521
Round 19     6.343884     5.510349     7.907171    10.801729    12.935898     5.646319    14.553993     3.444724     8.989418     4.244144  0.260202              0          4.512674    4.773272
Round 20     9.521403     8.045082    11.601612    17.043733    17.582936     8.537040    22.854421     5.186886    13.835177     3.074345  0.275298              0          2.672912    2.948620
Round 21     5.947656     5.461072     9.723958    10.568969    13.577917     5.392551    15.003245     3.165914     8.988356     4.129146  0.253374              0          4.475932    4.729690
Round 22     9.029025     6.058563    14.674414     8.065770    20.604272     5.836423    23.286427     5.874316    13.766320     6.439737  0.291227              0          2.580648    2.872277
Round 23     5.380534     5.709263    12.006322    10.890296    18.665048     5.373207    15.020638     5.271417     8.794664     4.487149  0.240921              0          4.527863    4.769213
Round 24     8.978265     6.370914     9.536420    16.302220    18.628686     8.900548    12.036631     5.263266     9.137309     7.018423  0.255265              0          2.672844    2.928607
Round 25     6.137279     5.473860    12.531121    10.563324    18.823448     5.036558    23.460890     3.506346    13.014871     7.360670  0.248717              0          4.260899    4.510094
Round 26     6.315314     5.237222    14.877775    10.447973    19.487960     5.394335    15.073821     3.000460     9.187496     5.134057  0.261232              0          2.724589    2.986203
Round 27     6.102328     8.521669    15.344645    10.681620    20.669652     4.770470    18.652080     3.335878    11.738037     7.192542  0.260512              0          4.407836    4.668735
Round 28     6.091557     5.473301     9.142910    12.170507    13.572934     5.486722    14.210134     3.480101     8.969137     5.679967  0.284839              0          2.609694    2.894916
Round 29     9.575213     8.776214    15.434639    16.875423    19.566310     8.685588    23.145556     5.567048    11.911805     3.722175  0.249783              0          3.327933    3.578111
Round 30     6.181969     4.303737     9.453368    10.480140    13.451636     5.426009    15.394615     3.419950     9.043921     4.208591  0.282490              0          2.803409    3.086282

총 시뮬레이션 시간: 109.34초

================================================================================
 시뮬레이션 파라미터
================================================================================
NUM_CLIENTS: 10
NUM_ROUNDS: 30
LOCAL_EPOCHS: 2
DIRICHLET_ALPHA: 0.5
MIN_SAMPLES_PER_CLASS: 30
RANDOM_SEED: 42
NUM_COMMITTEE_MEMBERS: 3
EWMA_BETA: 0.9
NUM_NOISE_ATTACKERS: 0
NUM_DATAF_ATTACKERS: 3
DATAF_POISON_LEVEL: 3
COMMITTEE_EVAL_SKIPPED: True
