================================================================================
 데이터 분할 현황
================================================================================
   Client  Num Samples  Class 0  Class 1  Class 2  Class 3  Class 4  Class 5  Class 6  Class 7  Class 8  Class 9
0       0         3702       58      935      667      157      347      361      274      419       62      422
1       1         3398      448       50      234      881      317      490       55      511      353       59
2       2         5798     1210       52      482      541      642      212       75      202     2246      136
3       3         6461      180     1750       51       76      494     1025      617     1516      107      645
4       4         8058      744      382      762      208     2092      869     2355      286      284       76
5       5         3282      124      248      877      200       61      334      347      384      362      345
6       6         9048      101      236     1210     1697       63      201      966     1367     1102     2105
7       7         2138       50      269      259      153       91      513       50      180      339      234
8       8         5453     1898      868      402      522      146      800      143       50       86      538
9       9         2662      187      210       56      565      747      195      118       85       59      440

================================================================================
 라운드별 글로벌 모델 정확도
================================================================================
       Overall_Accuracy  Poisoned_Acc([1,5,8])
Round                                         
1                0.1181                 0.0000
2                0.3092                 0.1260
3                0.4759                 0.0743
4                0.5649                 0.2890
5                0.6282                 0.4537
6                0.6551                 0.4553
7                0.6711                 0.5123
8                0.6983                 0.5733
9                0.7055                 0.5700
10               0.7146                 0.5870
11               0.7168                 0.5573
12               0.7369                 0.6260
13               0.7297                 0.6103
14               0.7329                 0.5927
15               0.7301                 0.5733
16               0.7370                 0.6160
17               0.7335                 0.5827
18               0.7570                 0.6677
19               0.7529                 0.6480
20               0.7348                 0.5873
21               0.7445                 0.6127
22               0.7578                 0.6663
23               0.7321                 0.5947
24               0.7540                 0.6633
25               0.7306                 0.5780
26               0.7633                 0.6987
27               0.7331                 0.5867
28               0.7482                 0.6433
29               0.7475                 0.6437
30               0.7454                 0.6320
31               0.7383                 0.6247
32               0.7528                 0.6533
33               0.7498                 0.6583
34               0.7336                 0.5943
35               0.7564                 0.6693
36               0.7336                 0.5977
37               0.7537                 0.6537
38               0.7326                 0.5863
39               0.7552                 0.6663
40               0.7260                 0.5730
41               0.7514                 0.6533
42               0.7248                 0.5837
43               0.7452                 0.6327
44               0.7452                 0.6487
45               0.7345                 0.6120
46               0.7536                 0.6737
47               0.7267                 0.5827
48               0.7522                 0.6670
49               0.7376                 0.6223
50               0.7607                 0.7043

================================================================================
 라운드별 모델 합성 가중치
================================================================================
          client_0_weight  client_1_weight  client_2_weight  client_3_weight  client_4_weight  client_5_weight  client_6_weight  client_7_weight  client_8_weight  client_9_weight
Round 1               0.1              0.1              0.1              0.1              0.1              0.1              0.1              0.1              0.1              0.1
Round 2               0.1              0.1              0.1              0.1              0.1              0.1              0.1              0.1              0.1              0.1
Round 3               0.1              0.1              0.1              0.1              0.1              0.1              0.1              0.1              0.1              0.1
Round 4               0.1              0.1              0.1              0.1              0.1              0.1              0.1              0.1              0.1              0.1
Round 5               0.1              0.1              0.1              0.1              0.1              0.1              0.1              0.1              0.1              0.1
Round 6               0.1              0.1              0.1              0.1              0.1              0.1              0.1              0.1              0.1              0.1
Round 7               0.1              0.1              0.1              0.1              0.1              0.1              0.1              0.1              0.1              0.1
Round 8               0.1              0.1              0.1              0.1              0.1              0.1              0.1              0.1              0.1              0.1
Round 9               0.1              0.1              0.1              0.1              0.1              0.1              0.1              0.1              0.1              0.1
Round 10              0.1              0.1              0.1              0.1              0.1              0.1              0.1              0.1              0.1              0.1
Round 11              0.1              0.1              0.1              0.1              0.1              0.1              0.1              0.1              0.1              0.1
Round 12              0.1              0.1              0.1              0.1              0.1              0.1              0.1              0.1              0.1              0.1
Round 13              0.1              0.1              0.1              0.1              0.1              0.1              0.1              0.1              0.1              0.1
Round 14              0.1              0.1              0.1              0.1              0.1              0.1              0.1              0.1              0.1              0.1
Round 15              0.1              0.1              0.1              0.1              0.1              0.1              0.1              0.1              0.1              0.1
Round 16              0.1              0.1              0.1              0.1              0.1              0.1              0.1              0.1              0.1              0.1
Round 17              0.1              0.1              0.1              0.1              0.1              0.1              0.1              0.1              0.1              0.1
Round 18              0.1              0.1              0.1              0.1              0.1              0.1              0.1              0.1              0.1              0.1
Round 19              0.1              0.1              0.1              0.1              0.1              0.1              0.1              0.1              0.1              0.1
Round 20              0.1              0.1              0.1              0.1              0.1              0.1              0.1              0.1              0.1              0.1
Round 21              0.1              0.1              0.1              0.1              0.1              0.1              0.1              0.1              0.1              0.1
Round 22              0.1              0.1              0.1              0.1              0.1              0.1              0.1              0.1              0.1              0.1
Round 23              0.1              0.1              0.1              0.1              0.1              0.1              0.1              0.1              0.1              0.1
Round 24              0.1              0.1              0.1              0.1              0.1              0.1              0.1              0.1              0.1              0.1
Round 25              0.1              0.1              0.1              0.1              0.1              0.1              0.1              0.1              0.1              0.1
Round 26              0.1              0.1              0.1              0.1              0.1              0.1              0.1              0.1              0.1              0.1
Round 27              0.1              0.1              0.1              0.1              0.1              0.1              0.1              0.1              0.1              0.1
Round 28              0.1              0.1              0.1              0.1              0.1              0.1              0.1              0.1              0.1              0.1
Round 29              0.1              0.1              0.1              0.1              0.1              0.1              0.1              0.1              0.1              0.1
Round 30              0.1              0.1              0.1              0.1              0.1              0.1              0.1              0.1              0.1              0.1
Round 31              0.1              0.1              0.1              0.1              0.1              0.1              0.1              0.1              0.1              0.1
Round 32              0.1              0.1              0.1              0.1              0.1              0.1              0.1              0.1              0.1              0.1
Round 33              0.1              0.1              0.1              0.1              0.1              0.1              0.1              0.1              0.1              0.1
Round 34              0.1              0.1              0.1              0.1              0.1              0.1              0.1              0.1              0.1              0.1
Round 35              0.1              0.1              0.1              0.1              0.1              0.1              0.1              0.1              0.1              0.1
Round 36              0.1              0.1              0.1              0.1              0.1              0.1              0.1              0.1              0.1              0.1
Round 37              0.1              0.1              0.1              0.1              0.1              0.1              0.1              0.1              0.1              0.1
Round 38              0.1              0.1              0.1              0.1              0.1              0.1              0.1              0.1              0.1              0.1
Round 39              0.1              0.1              0.1              0.1              0.1              0.1              0.1              0.1              0.1              0.1
Round 40              0.1              0.1              0.1              0.1              0.1              0.1              0.1              0.1              0.1              0.1
Round 41              0.1              0.1              0.1              0.1              0.1              0.1              0.1              0.1              0.1              0.1
Round 42              0.1              0.1              0.1              0.1              0.1              0.1              0.1              0.1              0.1              0.1
Round 43              0.1              0.1              0.1              0.1              0.1              0.1              0.1              0.1              0.1              0.1
Round 44              0.1              0.1              0.1              0.1              0.1              0.1              0.1              0.1              0.1              0.1
Round 45              0.1              0.1              0.1              0.1              0.1              0.1              0.1              0.1              0.1              0.1
Round 46              0.1              0.1              0.1              0.1              0.1              0.1              0.1              0.1              0.1              0.1
Round 47              0.1              0.1              0.1              0.1              0.1              0.1              0.1              0.1              0.1              0.1
Round 48              0.1              0.1              0.1              0.1              0.1              0.1              0.1              0.1              0.1              0.1
Round 49              0.1              0.1              0.1              0.1              0.1              0.1              0.1              0.1              0.1              0.1
Round 50              0.1              0.1              0.1              0.1              0.1              0.1              0.1              0.1              0.1              0.1

================================================================================
 라운드별 시간 측정 결과 (초)
================================================================================
          cli 0 train  cli 1 train  cli 2 train  cli 3 train  cli 4 train  cli 5 train  cli 6 train  cli 7 train  cli 8 train  cli 9 train  agg time  cli eval time  global eval time  total time
Round 1     14.338252    11.337812    21.449573    23.811859    26.704152    13.107087    29.907910     8.243402    18.656415    11.512861  0.395476              0          6.166167    9.754409
Round 2     10.974843     9.059279    16.156835    15.245152    22.069505     9.779066    20.878652     6.592257    12.149000     6.608273  0.315178              0          6.038748    9.867846
Round 3     14.461249    12.054085    19.889415    22.618021    30.107558    10.219694    30.424805     8.447473    18.447449     7.673794  0.329860              0          5.102390    8.547067
Round 4     10.441748    12.027705    11.662022    14.967540    22.540458     9.855128    28.093880     6.837078    13.986871     6.288404  0.272737              0          6.999354   11.036460
Round 5     10.966179    10.368057    16.632184    16.175371    25.817315    12.622466    33.955430     6.696683    20.342506     9.203213  0.276089              0          4.232312    7.029481
Round 6      8.773671     6.802556    17.845829    24.984360    30.720567     6.492732    26.259112     6.571513    18.724757     6.577164  0.337372              0          6.131491    9.698165
Round 7     10.389238    10.559803    18.274007    13.923665    23.521031    10.007706    26.129997     8.211665    15.507869     8.236154  0.287065              0          2.816400    6.067153
Round 8     14.881525    12.778910    22.587889    23.204815    29.936682    13.091123    27.295987     8.380625    17.338998     7.013152  0.319571              0          3.274428    6.486586
Round 9     10.000997     9.917509    16.847173    14.761635    22.479786    10.080302    25.485119     4.759401    15.684318     7.841689  0.278698              0          3.027723    6.806998
Round 10    14.187294    11.208471    22.291548    17.227927    30.385735    12.747587    34.187973     8.798966    21.371479    10.657134  0.274241              0          3.179503    6.630526
Round 11    10.574075     9.995311    16.793296    18.175794    19.225770     9.403677    25.314275     6.731174    15.720422     7.319564  0.257172              0          7.619313   11.675508
Round 12    14.393702    12.972830    21.669276    12.198313    25.107874     6.145531    28.714673     4.067501    20.482922    10.573306  0.255201              0          5.316087    8.738497
Round 13    13.284912    12.319226    20.852876    18.664556    22.744578     9.994473    28.678978     6.339562    17.079501     8.411155  0.278968              0          7.170607   11.147258
Round 14     9.642679    11.808131    14.692859    13.588763    28.029297    13.031238    20.403604     5.712529    15.615803     7.861089  0.332920              0          4.950343    8.411196
Round 15    14.329704    13.275447    16.359992    20.445518    23.227138    10.302088    30.700042     7.703513    16.871312    11.081012  0.234818              0          7.300347   10.774917
Round 16     9.310913     9.723591    13.190548    18.440976    23.122950     9.484968    25.967471     6.477212    10.969264     8.533436  0.270888              0          4.957942    8.219767
Round 17    14.027479    12.560687    18.377984    19.458499    25.914128    13.303780    32.915009     8.796962    20.559335    10.301087  0.305884              0          5.075479    8.523987
Round 18     9.833175     9.586369    15.817529    15.949035    19.946723     9.632523    21.415778     6.285203    15.329366     6.838656  0.272372              0          7.464937   11.614689
Round 19     9.224038    12.918703    17.619228    20.425758    25.930778     9.941813    31.206369     8.300548    18.121993     9.677440  0.286752              0          5.119937    8.489826
Round 20     9.432825     8.861632    22.208565    18.952385    28.408350     9.461124    21.336543     4.042350    15.664708     8.138326  0.252831              0          7.789318   11.692523
Round 21    10.624585    10.337689    18.205375    16.184818    27.644470     9.151524    29.190266     6.827576    16.070485     7.726855  0.307121              0          4.514781    7.584513
Round 22     8.562258    13.392605    18.604242    20.778314    30.367898     7.464991    25.967208     8.187471    15.615122    11.059428  0.270904              0          5.177786    8.527107
Round 23    10.634484    10.490585    15.603454    18.250118    26.410966    12.331191    26.771957     4.349487    15.638371     7.040454  0.307994              0          3.060898    6.367830
Round 24    14.110872     9.446868    14.365003    21.941150    30.429530    12.066087    33.812651     6.155000    20.373993     9.384581  0.316540              0          4.789922    8.486120
Round 25     5.660507    10.034908    16.364440    18.284404    22.854122     7.335455    25.549211     6.313900    13.233746     8.542758  0.293393              0          5.217236    8.542089
Round 26    11.664726    12.531318    17.492403    17.945906    30.650491    12.929261    33.003927     9.021713    20.994211    10.827769  0.319285              0          4.974884    8.528818
Round 27    10.799903    10.238604    15.597668    18.077404    19.777784     6.000715    22.809857     4.880155    15.131838     5.092276  0.285402              0          6.859532   10.845629
Round 28     7.707039    13.341765    16.188649    24.029916    24.780711     9.362196    31.121850     4.687148    20.633038     7.817201  0.253767              0          5.223056    8.525110
Round 29    14.296187    10.213910    17.483991    17.354007    22.091393     6.449900    20.805732     4.293760    18.053003     7.753736  0.330143              0          7.998166   12.048971
Round 30     8.240414    13.641205    16.357826    14.752068    29.712073    12.470192    22.457563     7.158965    15.308814     6.237654  0.260127              0          5.077432    8.539389
Round 31    14.097882    12.064926    14.226067    23.245747    18.631780     9.301288    33.432830     4.219419    20.722813     8.033049  0.280242              0          7.111553   11.241731
Round 32    10.451744     8.780555    16.226116    21.509192    20.203524     8.719596    26.306072     6.761343    15.571294     5.055221  0.365547              0          5.435204    8.872409
Round 33    14.408102    12.960465    17.688267    24.405426    21.533015    12.781894    31.664667     6.024537    13.578849    10.670818  0.266620              0          6.729311   10.483943
Round 34    10.033171     7.973820    16.189996    15.533068    21.691428     9.726177    23.347920     6.473595    13.925995     7.724137  0.285789              0          5.290363    8.465778
Round 35    14.584964    12.963611    21.835375    24.353258    26.008617    12.231574    29.651860     8.559784    18.909936    10.102310  0.292663              0          5.028678    8.081082
Round 36     8.806870    10.148168    16.377205    18.368288    22.925290     9.513656    25.416484     6.155846    15.875622     5.509528  0.282737              0          5.784262    9.359822
Round 37    14.437263    12.709517    14.231945    20.552601    27.959330    11.898700    31.892999     8.679935    20.658365     6.571474  0.253387              0          3.702324    6.668169
Round 38    10.446893    10.440473    16.116749    18.275512    21.780869     6.945167    26.581434     6.939384    18.127447     5.591511  0.253470              0          5.812800    9.365448
Round 39    10.313525    12.260863    16.740176    18.343373    28.680932    10.609989    31.810427     4.763768    15.281411     7.276312  0.244939              0          3.316367    6.252007
Round 40    10.544216    10.372158    20.876016    16.696228    21.953639     9.175723    33.252876     6.083673    20.890581    10.546653  0.281823              0          5.038123    8.808824
Round 41     8.404837     9.983791    17.068898    15.961405    22.899752     8.723170    26.932072     7.149448    15.517415     9.144284  0.274958              0          3.012772    6.341439
Round 42    12.707952    13.484445    22.282896    23.538042    26.627112    12.638091    33.319631     5.946971    14.503564     8.961254  0.313553              0          4.794028    8.565321
Round 43    10.864951    10.385376    16.070668    18.566009    22.138346     9.809621    18.459062     6.793710    12.778208     7.764814  0.300371              0          5.056776    8.297824
Round 44    12.963876    10.867550    22.340930    24.136569    28.868991    11.642778    25.764553     7.977032    20.088466     7.928834  0.317585              0          4.960199    8.353467
Round 45    10.368408    10.256064    16.569759    13.493183    16.600218     7.874640    25.495025     6.425117    12.708301     5.120790  0.258402              0          7.324753   11.161459
Round 46    13.929847     8.168723    21.958618    22.788823    15.296833    13.257372    33.097828     8.603206    20.814975     7.722176  0.289407              0          4.971267    8.454176
Round 47     6.832209     9.924044    19.438655    14.727666    21.627414     9.792116    24.011312     6.575380    16.373242     7.862995  0.281262              0          7.072963   11.013401
Round 48    13.157801     7.540187    14.910238    23.916799    25.367328    12.758055    19.170773     4.394438    20.111794    10.221745  0.291670              0          5.387247    8.633771
Round 49     9.800906     8.541071    16.344452    17.755519    26.334682    12.698911    22.844414     6.317401    15.591887     7.976738  0.256524              0          7.475560   11.540171
Round 50    12.445470     9.072340    11.377447    21.258629    19.967267    12.833154    19.927544     5.000604    20.406155     8.367678  0.316143              0          5.489713    8.957966

총 시뮬레이션 시간: 448.13초

================================================================================
 시뮬레이션 파라미터
================================================================================
NUM_CLIENTS: 10
NUM_ROUNDS: 50
LOCAL_EPOCHS: 2
DIRICHLET_ALPHA: 0.5
MIN_SAMPLES_PER_CLASS: 50
RANDOM_SEED: 42
NUM_COMMITTEE_MEMBERS: 3
EWMA_BETA: 0.5
CONTRIBUTION_SCALING_FACTOR: 1.5
NUM_NOISE_ATTACKERS: 0
NUM_DATAF_ATTACKERS: 3
DATAF_POISON_LEVEL: 3
COMMITTEE_EVAL_SKIPPED: True
