================================================================================
 데이터 분할 현황
================================================================================
   Client  Num Samples  Class 0  Class 1  Class 2  Class 3  Class 4  Class 5  Class 6  Class 7  Class 8  Class 9
0       0         3702       58      935      667      157      347      361      274      419       62      422
1       1         3398      448       50      234      881      317      490       55      511      353       59
2       2         5798     1210       52      482      541      642      212       75      202     2246      136
3       3         6461      180     1750       51       76      494     1025      617     1516      107      645
4       4         8058      744      382      762      208     2092      869     2355      286      284       76
5       5         3282      124      248      877      200       61      334      347      384      362      345
6       6         9048      101      236     1210     1697       63      201      966     1367     1102     2105
7       7         2138       50      269      259      153       91      513       50      180      339      234
8       8         5453     1898      868      402      522      146      800      143       50       86      538
9       9         2662      187      210       56      565      747      195      118       85       59      440

================================================================================
 라운드별 글로벌 모델 정확도
================================================================================
       Overall_Accuracy  Poisoned_Acc([1,5,8])
Round                                         
1                0.1006                 0.0000
2                0.3387                 0.0987
3                0.5544                 0.3737
4                0.6377                 0.5337
5                0.6689                 0.5683
6                0.6961                 0.6320
7                0.7215                 0.6613
8                0.7368                 0.6870
9                0.7271                 0.6393
10               0.7421                 0.6833
11               0.7466                 0.6783
12               0.7501                 0.6970
13               0.7533                 0.6780
14               0.7552                 0.6817
15               0.7657                 0.7313
16               0.7725                 0.7497
17               0.7714                 0.7390
18               0.7624                 0.7373
19               0.7658                 0.7427
20               0.7693                 0.7440
21               0.7702                 0.7263
22               0.7690                 0.7277
23               0.7715                 0.7247
24               0.7682                 0.7260
25               0.7712                 0.7350
26               0.7698                 0.7213
27               0.7675                 0.7320
28               0.7642                 0.7200
29               0.7628                 0.7067
30               0.7701                 0.7487
31               0.7646                 0.7240
32               0.7698                 0.7370
33               0.7672                 0.7357
34               0.7634                 0.7190
35               0.7635                 0.7180
36               0.7621                 0.7307
37               0.7691                 0.7380
38               0.7622                 0.7160
39               0.7606                 0.7057
40               0.7585                 0.6990
41               0.7645                 0.7287
42               0.7554                 0.6970
43               0.7667                 0.7303
44               0.7609                 0.7127
45               0.7632                 0.7310
46               0.7612                 0.7173
47               0.7509                 0.6837
48               0.7605                 0.7210
49               0.7617                 0.7200
50               0.7536                 0.6963

================================================================================
 라운드별 모델 합성 가중치
================================================================================
          client_0_weight  client_1_weight  client_2_weight  client_3_weight  client_4_weight  client_5_weight  client_6_weight  client_7_weight  client_8_weight  client_9_weight
Round 1          0.123513         0.081914         0.106577         0.149083         0.136598         0.130050         0.132519         0.014630         0.056079         0.069036
Round 2          0.108957         0.095069         0.112202         0.140765         0.117586         0.134239         0.140157         0.027506         0.056179         0.067339
Round 3          0.120085         0.085830         0.104683         0.117131         0.130312         0.118457         0.148254         0.043650         0.064122         0.067477
Round 4          0.119440         0.082004         0.109530         0.120789         0.144014         0.107396         0.139036         0.042423         0.063326         0.072042
Round 5          0.126365         0.099003         0.110087         0.125037         0.127573         0.115939         0.128310         0.043852         0.057962         0.065871
Round 6          0.131406         0.103061         0.105685         0.120132         0.103219         0.120556         0.125609         0.057328         0.064022         0.068982
Round 7          0.124377         0.112343         0.109272         0.120453         0.110382         0.123832         0.113458         0.054633         0.060854         0.070396
Round 8          0.127080         0.107071         0.108867         0.123514         0.111843         0.123348         0.113610         0.056042         0.054844         0.073782
Round 9          0.124859         0.116014         0.116661         0.120805         0.116102         0.121351         0.095827         0.060078         0.057785         0.070518
Round 10         0.125463         0.116152         0.118203         0.124634         0.118144         0.119368         0.098465         0.058070         0.058819         0.062683
Round 11         0.124592         0.115058         0.110857         0.123448         0.115322         0.122669         0.105909         0.052164         0.063061         0.066920
Round 12         0.121248         0.114787         0.113443         0.121413         0.116351         0.125100         0.110386         0.052286         0.061214         0.063773
Round 13         0.125158         0.109934         0.113080         0.120237         0.114512         0.124430         0.111326         0.054507         0.063881         0.062935
Round 14         0.125730         0.108979         0.112698         0.119969         0.113298         0.128532         0.108797         0.054162         0.065086         0.062749
Round 15         0.128673         0.109167         0.111175         0.118968         0.116594         0.126830         0.104291         0.057175         0.063037         0.064090
Round 16         0.129186         0.113166         0.113005         0.119100         0.114191         0.129321         0.105785         0.053522         0.059440         0.063284
Round 17         0.131636         0.120935         0.113826         0.120067         0.110776         0.130688         0.101929         0.049992         0.056385         0.063767
Round 18         0.130661         0.114188         0.113112         0.120316         0.115829         0.129590         0.102861         0.053123         0.057871         0.062449
Round 19         0.132709         0.119567         0.107062         0.123210         0.110421         0.128076         0.104858         0.052936         0.060482         0.060679
Round 20         0.131974         0.120979         0.114398         0.120507         0.111469         0.129828         0.103326         0.046064         0.061525         0.059929
Round 21         0.134280         0.124705         0.100169         0.123441         0.114934         0.132732         0.109523         0.048712         0.056401         0.055103
Round 22         0.132375         0.127719         0.112180         0.124910         0.106085         0.133166         0.102006         0.046990         0.055601         0.058968
Round 23         0.131137         0.109165         0.113814         0.120551         0.115983         0.130726         0.108587         0.049500         0.057940         0.062598
Round 24         0.134020         0.123240         0.101316         0.125116         0.108998         0.133121         0.107906         0.047217         0.057439         0.061627
Round 25         0.132829         0.127150         0.105500         0.114970         0.110379         0.129897         0.111635         0.046904         0.059318         0.061418
Round 26         0.130293         0.122618         0.113296         0.116550         0.109748         0.128242         0.110057         0.047269         0.056511         0.065415
Round 27         0.127180         0.121425         0.115699         0.117521         0.115008         0.127212         0.111346         0.048014         0.053843         0.062752
Round 28         0.127410         0.123179         0.114522         0.114845         0.117328         0.126025         0.111903         0.048766         0.052592         0.063430
Round 29         0.128120         0.122484         0.114199         0.117993         0.117687         0.126295         0.111327         0.046645         0.052343         0.062907
Round 30         0.129174         0.125924         0.116651         0.116412         0.118271         0.122641         0.111736         0.044354         0.051245         0.063592
Round 31         0.131801         0.114692         0.119562         0.119023         0.116518         0.126421         0.116596         0.045780         0.041448         0.068160
Round 32         0.131053         0.122094         0.118140         0.117121         0.119097         0.125882         0.115292         0.037529         0.045073         0.068718
Round 33         0.129968         0.123797         0.117554         0.118830         0.118938         0.123979         0.111661         0.039751         0.046374         0.069148
Round 34         0.128707         0.126055         0.118954         0.111429         0.119372         0.123763         0.111722         0.044435         0.050337         0.065226
Round 35         0.127703         0.126224         0.118159         0.113620         0.118316         0.123754         0.108960         0.045362         0.050003         0.067899
Round 36         0.132131         0.131112         0.101947         0.108422         0.125320         0.129735         0.109589         0.050250         0.055164         0.056330
Round 37         0.131679         0.131485         0.112972         0.114376         0.112272         0.130341         0.104319         0.050046         0.059737         0.052772
Round 38         0.129012         0.120288         0.110951         0.115650         0.117556         0.126808         0.109574         0.045918         0.060542         0.063701
Round 39         0.130302         0.093274         0.116537         0.118696         0.122615         0.121429         0.113759         0.052367         0.060754         0.070266
Round 40         0.129885         0.111459         0.094253         0.119660         0.122708         0.125619         0.113898         0.052893         0.056499         0.073125
Round 41         0.126424         0.118157         0.104460         0.117606         0.120903         0.124937         0.110929         0.047072         0.059067         0.070445
Round 42         0.126218         0.110978         0.109645         0.117699         0.119696         0.126349         0.110856         0.049982         0.057484         0.071093
Round 43         0.124552         0.117057         0.112697         0.116046         0.119786         0.125854         0.104266         0.050296         0.058024         0.071422
Round 44         0.123651         0.122114         0.109274         0.115777         0.120597         0.125800         0.109232         0.050206         0.052819         0.070530
Round 45         0.123786         0.122995         0.115450         0.115977         0.120358         0.125545         0.110885         0.046708         0.056512         0.061784
Round 46         0.124832         0.124619         0.112276         0.115785         0.112239         0.125774         0.110293         0.047697         0.059318         0.067168
Round 47         0.123173         0.124252         0.115243         0.115565         0.116156         0.124938         0.110047         0.043522         0.058010         0.069093
Round 48         0.122618         0.124016         0.114712         0.117312         0.116521         0.123068         0.109637         0.048817         0.052252         0.071047
Round 49         0.124240         0.115847         0.117660         0.119755         0.116554         0.124849         0.111605         0.051101         0.047317         0.071072
Round 50         0.124197         0.120924         0.102222         0.120255         0.117659         0.124748         0.113973         0.049747         0.053467         0.072808

================================================================================
 라운드별 시간 측정 결과 (초)
================================================================================
          cli 0 train  cli 1 train  cli 2 train  cli 3 train  cli 4 train  cli 5 train  cli 6 train  cli 7 train  cli 8 train  cli 9 train  agg time  cli eval time  global eval time  total time
Round 1     14.114124    11.644773    20.846557    24.166511    28.597377    12.335237    30.017490     9.081359    17.607054    10.320970  0.556780      64.276809          7.764018   76.528105
Round 2     14.242684    11.120109    19.355736    23.773449    24.879959    12.889597    33.230350     5.906565    16.992814    10.778534  0.405225      64.425215          6.873581   75.287572
Round 3     11.990829     9.530941    22.462068    19.596083    30.354647    10.638923    27.810271     8.870937    19.148959    10.538229  0.361848      57.858613          7.150157   69.066330
Round 4      8.304551    11.733882    19.918175    18.926580    30.636070     7.580617    30.584970     7.026762    21.269337     5.374475  0.403853      63.522185          4.612014   72.203401
Round 5     13.458318    13.479111    19.710020    24.045714    29.699135    13.187914    33.615654     8.442615    12.341034     7.022357  0.391765      69.984028          5.873453   79.010773
Round 6     14.632964    13.011720    22.716592    24.507296    30.260211     9.656410    32.028538     7.862285    20.663425     9.669835  0.416382      62.429635          7.205453   73.806668
Round 7     13.721760    13.649817    18.795350    24.904505    24.027684    12.889222    23.118152     8.590028    12.548012    10.293082  0.435874      61.501724          7.591027   73.256429
Round 8     10.945000    12.790810    17.635345    22.360415    25.573867    12.032644    28.649364     7.289527    20.481961    10.383306  0.417083      62.525703          7.208156   73.894850
Round 9     14.668699    10.725620    19.539743    17.272322    27.324124     9.840675    28.552265     7.410124    20.925682     9.817461  0.380659      68.635824          5.516069   77.632345
Round 10    13.465182    12.354935    18.513024    21.447076    30.508321    10.124979    32.542068     7.694651    17.654144    10.058166  0.380918      63.052314          7.473603   74.476243
Round 11    13.917887    13.427397    16.936685    19.752093    23.452148    12.297556    27.756726     7.543667    19.545178     9.364654  0.425880      63.205733          7.123678   74.566340
Round 12    14.442093    12.946786    19.768835    18.580438    21.575121    12.666404    31.896805     8.914101    14.482345     8.243794  0.392631      62.888496          7.716871   74.470887
Round 13    14.278957    12.982801    11.649572    24.086269    23.557293    12.676830    31.698000     8.732610    13.328572    10.317491  0.410445      63.860029          6.556656   74.348895
Round 14    14.491911    13.032052    22.036700    19.386562    30.015404    12.764108    18.640268     6.804488    20.666822    10.701068  0.422436      66.740178          5.430315   75.673521
Round 15    13.275982    13.220845    22.174341    23.519682    23.446826    12.202915    33.860795     8.930950    16.724787     9.156674  0.362383      64.722102          4.408193   73.059551
Round 16     8.695580    11.157774    18.298121    24.328647    27.498586     9.732486    32.338998     7.585170    16.599796    11.015907  0.375647      65.633716          5.587142   74.710549
Round 17    10.586509    12.737341    17.380868    22.227142    30.034397    10.475181    27.805660     7.295015    20.683079     9.479950  0.392048      62.162122          7.213671   72.974787
Round 18    12.556824    13.333977    18.627492    21.908313    26.269555    13.032678    30.900819     8.883757    18.160718    10.564753  0.418361      63.511396          6.114865   73.640311
Round 19    11.961268    10.700210    22.046204    19.242722    29.236384    13.344616    23.746425     8.376312    18.610872    10.421340  0.439382      69.606872          5.110138   78.147099
Round 20    14.436296    12.959255    17.887767    23.313625    27.829568    12.476980    33.040906     5.915902    20.752820    10.664113  0.380015      63.972032          7.294346   75.173592
Round 21    13.732703     9.856063    21.083383    15.211475    29.775756    11.859694    25.447491     8.844724    20.330030     8.360889  0.387795      60.405296          7.303441   71.728129
Round 22    10.892055    12.086030    21.900406    14.948703    25.334406    12.802119    18.827228     8.838409    20.825943     6.914745  0.402653      62.458758          7.249831   73.780214
Round 23    14.344153     8.228494    22.304948    18.552762    18.040017    12.741314    32.708374     4.167593    17.243716     7.069522  0.382086      64.333079          5.810782   74.171774
Round 24    14.512761    11.508908    21.747487    23.497526    30.302965    12.393935    18.500226     8.907071    20.330462     8.965702  0.464239      66.324776          5.367798   75.474563
Round 25    14.466066    12.994018    22.135436    24.101015    27.610120    12.441310    25.954389     6.629783    20.326009     8.304110  0.373549      65.657401          5.544749   74.254813
Round 26    12.203140     9.957213    19.488973    24.671803    24.523863     9.692467    33.853379     8.173165    19.392290    10.386855  0.376887      62.564252          6.146537   72.467417
Round 27    14.108320    12.476822    16.681864    20.765700    23.825724    13.007168    33.350091     6.569843    15.849850    10.502750  0.402606      63.096013          6.592939   73.089498
Round 28    13.074993    11.847419    21.965441    19.452334    23.740762    11.931047    27.886802     8.590234    18.357181     7.298186  0.373179      58.199265          3.212549   64.206649
Round 29     9.763049     8.904412    12.427608    15.169900    16.627412     8.159840    19.011966     5.377315    13.738016     6.787747  0.352574      40.342395          3.552438   46.484494
Round 30     8.990160     8.412256    10.336478    16.360988    19.760599     8.788179    17.602990     5.963842    13.735935     5.922712  0.385795      37.660912          4.348150   45.184546
Round 31     8.487875     8.536176    14.261763    11.167476    15.990099     8.516008    17.097003     5.645479    14.063713     6.556031  0.380231      39.829522          4.228485   47.182823
Round 32     9.600488     5.899882    14.685347    13.281707    15.049350     6.955951    22.632494     5.674915    11.616285     4.073259  0.358900      36.194648          4.359378   43.588547
Round 33     6.261134     5.105007     7.568093    15.633634    18.486828     4.133540    12.339365     2.585213     7.049697     4.009604  0.334888      24.198447          2.369376   28.941606
Round 34     4.317299     4.521239     7.454845     8.509271     9.216218     4.657984    11.223134     3.205583     7.889714     3.229747  0.346288      24.166154          2.472161   29.005422
Round 35     4.995147     3.923606     8.291355     7.892639    11.370435     3.742615    11.540229     2.455816     6.978188     3.555025  0.334819      24.125071          2.350753   28.940086
Round 36     3.616210     4.595659     7.134920     8.826187    10.693072     4.787743    11.517141     2.633883     6.522510     3.213652  0.336285      23.810159          2.423624   28.627409
Round 37     4.009632     4.374812     7.930764     8.598722    10.436429     4.261537    11.016866     2.922647     6.404271     3.886891  0.349627      23.892272          2.375247   28.615826
Round 38     4.604604     4.454298     6.948316     8.424182    10.049335     4.391534    11.230062     2.747438     7.065721     3.647959  0.347809      23.866611          2.475752   28.722584
Round 39     5.289600     4.553867     6.795379     8.702828    10.864531     4.590571    11.822206     3.288529     5.794346     3.494547  0.335228      24.305089          2.498774   29.161599
Round 40     5.237032     4.629350     7.269040     7.635138     9.855039     4.702913    11.098216     2.933968     6.677379     2.309462  0.354895      23.942184          2.422385   28.807418
Round 41     4.687435     5.113191     8.382160     7.766639    10.230164     4.634649    10.282107     2.856954     6.907476     3.500659  0.358819      24.219444          2.355463   29.007124
Round 42     4.555981     4.037427     7.580228     8.521153    10.048723     4.631550    10.441874     3.011267     7.001807     3.474592  0.335588      24.005294          2.392265   28.750038
Round 43     4.785538     4.335702     6.737073     8.959311    10.137145     4.460463    11.034625     2.781455     7.448976     3.313419  0.375224      24.095666          2.449825   28.891729
Round 44     4.877508     3.966372     8.057810     8.641485     9.174485     4.464315     9.202345     2.829727     7.814511     3.346657  0.339854      23.857332          2.372498   28.597993
Round 45     5.051063     4.043698     7.508924     8.334067    10.879953     3.901047    12.132676     2.529570     6.748969     2.849192  0.340471      24.031346          2.502812   28.913037
Round 46     4.520995     5.277695     7.748361     7.577542     9.247041     4.595081    11.588681     2.709272     6.526876     3.210066  0.363458      23.765223          2.346478   28.608628
Round 47     4.886146     5.128725     6.496877     8.630624     9.940847     4.213502    10.490982     3.211932     6.414623     3.755347  0.335606      24.222409          2.404606   29.078520
Round 48     4.807260     4.422913     7.428051     7.684005    10.155441     4.502596    12.283522     3.405253     6.284369     3.792994  0.370173      24.052348          2.398598   28.906176
Round 49     8.865902     8.672838    12.333046    15.150139    14.889648     7.955995    16.214909     3.199333    12.771791     6.594775  0.356627      36.732195          4.320078   44.179187
Round 50     7.182721     8.083925    11.101121    12.007750    19.774962     5.018600    21.974379     3.920773    13.214642     5.958521  0.354789      36.871269          4.290480   44.138595

총 시뮬레이션 시간: 2803.43초

================================================================================
 시뮬레이션 파라미터
================================================================================
NUM_CLIENTS: 10
NUM_ROUNDS: 50
LOCAL_EPOCHS: 2
DIRICHLET_ALPHA: 0.5
MIN_SAMPLES_PER_CLASS: 50
RANDOM_SEED: 42
NUM_COMMITTEE_MEMBERS: 3
EWMA_BETA: 0.5
CONTRIBUTION_SCALING_FACTOR: 1.5
NUM_NOISE_ATTACKERS: 0
NUM_DATAF_ATTACKERS: 3
DATAF_POISON_LEVEL: 3
COMMITTEE_EVAL_SKIPPED: False
