================================================================================
 데이터 분할 현황
================================================================================
   Client  Num Samples  Class 0  Class 1  Class 2  Class 3  Class 4  Class 5  Class 6  Class 7  Class 8  Class 9
0       0         3702       58      935      667      157      347      361      274      419       62      422
1       1         3398      448       50      234      881      317      490       55      511      353       59
2       2         5798     1210       52      482      541      642      212       75      202     2246      136
3       3         6461      180     1750       51       76      494     1025      617     1516      107      645
4       4         8058      744      382      762      208     2092      869     2355      286      284       76
5       5         3282      124      248      877      200       61      334      347      384      362      345
6       6         9048      101      236     1210     1697       63      201      966     1367     1102     2105
7       7         2138       50      269      259      153       91      513       50      180      339      234
8       8         5453     1898      868      402      522      146      800      143       50       86      538
9       9         2662      187      210       56      565      747      195      118       85       59      440

================================================================================
 라운드별 글로벌 모델 정확도
================================================================================
       Overall_Accuracy  Poisoned_Acc([1,5,8])
Round                                         
1                0.1215                 0.0000
2                0.4027                 0.2010
3                0.5572                 0.3403
4                0.6230                 0.4590
5                0.6688                 0.5500
6                0.7090                 0.6373
7                0.7311                 0.6723
8                0.7451                 0.7080
9                0.7440                 0.6933
10               0.7420                 0.6697
11               0.7557                 0.6973
12               0.7582                 0.7093
13               0.7634                 0.7087
14               0.7746                 0.7277
15               0.7697                 0.7473
16               0.7727                 0.7313
17               0.7766                 0.7397
18               0.7744                 0.7380
19               0.7802                 0.7633
20               0.7774                 0.7450
21               0.7693                 0.7203
22               0.7766                 0.7497
23               0.7756                 0.7337
24               0.7719                 0.7290
25               0.7721                 0.7350
26               0.7707                 0.7273
27               0.7746                 0.7410
28               0.7675                 0.7220
29               0.7673                 0.7257
30               0.7705                 0.7243
31               0.7711                 0.7380
32               0.7708                 0.7360
33               0.7717                 0.7343
34               0.7678                 0.7187
35               0.7646                 0.7080
36               0.7659                 0.7210
37               0.7676                 0.7207
38               0.7654                 0.7193
39               0.7586                 0.7023
40               0.7653                 0.7250
41               0.7626                 0.7087
42               0.7631                 0.7117
43               0.7682                 0.7340
44               0.7594                 0.7000
45               0.7716                 0.7357
46               0.7625                 0.7237
47               0.7679                 0.7267
48               0.7607                 0.7060
49               0.7663                 0.7260
50               0.7576                 0.6863
51               0.7608                 0.7043
52               0.7583                 0.6970
53               0.7559                 0.6957
54               0.7580                 0.7070
55               0.7631                 0.7140
56               0.7652                 0.7183
57               0.7660                 0.7220
58               0.7609                 0.7020
59               0.7657                 0.7380
60               0.7523                 0.6783
61               0.7595                 0.7080
62               0.7570                 0.6913
63               0.7611                 0.7153
64               0.7543                 0.6923
65               0.7625                 0.7160
66               0.7595                 0.7073
67               0.7593                 0.7103
68               0.7600                 0.7083
69               0.7595                 0.7020
70               0.7618                 0.7183
71               0.7587                 0.7030
72               0.7574                 0.6977
73               0.7571                 0.7117
74               0.7569                 0.7060
75               0.7584                 0.7103
76               0.7518                 0.6867
77               0.7634                 0.7230
78               0.7386                 0.6387
79               0.7730                 0.7450
80               0.7452                 0.6510
81               0.7653                 0.7220
82               0.7567                 0.6920
83               0.7630                 0.7207
84               0.7523                 0.6817
85               0.7627                 0.7300
86               0.7528                 0.6903
87               0.7569                 0.6957
88               0.7464                 0.6617
89               0.7621                 0.7107
90               0.7525                 0.6830
91               0.7593                 0.7077
92               0.7601                 0.7107
93               0.7548                 0.6793
94               0.7518                 0.6770
95               0.7626                 0.7207
96               0.7459                 0.6650
97               0.7579                 0.7027
98               0.7684                 0.7273
99               0.7489                 0.6640
100              0.7591                 0.7083
101              0.7599                 0.7123
102              0.7631                 0.7130
103              0.7600                 0.7083
104              0.7576                 0.7003
105              0.7605                 0.7067
106              0.7565                 0.6937
107              0.7591                 0.7087
108              0.7521                 0.6750
109              0.7625                 0.7097
110              0.7501                 0.6707
111              0.7572                 0.6953
112              0.7550                 0.6960
113              0.7592                 0.7093
114              0.7526                 0.6880
115              0.7632                 0.7240
116              0.7470                 0.6610
117              0.7597                 0.7057
118              0.7645                 0.7293
119              0.7476                 0.6683
120              0.7611                 0.7143
121              0.7494                 0.6767
122              0.7582                 0.7080
123              0.7454                 0.6620
124              0.7578                 0.7117
125              0.7669                 0.7320
126              0.7548                 0.6847
127              0.7646                 0.7180
128              0.7621                 0.7003
129              0.7588                 0.7067
130              0.7593                 0.7027
131              0.7650                 0.7127
132              0.7508                 0.6620
133              0.7646                 0.7207
134              0.7522                 0.6803
135              0.7531                 0.6847
136              0.7473                 0.6650
137              0.7617                 0.7140
138              0.7575                 0.6940
139              0.7547                 0.6890
140              0.7473                 0.6600
141              0.7641                 0.7257
142              0.7516                 0.6797
143              0.7667                 0.7263
144              0.7437                 0.6603
145              0.7570                 0.6890
146              0.7514                 0.6773
147              0.7581                 0.7043
148              0.7520                 0.6803
149              0.7549                 0.6877
150              0.7615                 0.7017
151              0.7772                 0.7550
152              0.7429                 0.6457
153              0.7651                 0.7270
154              0.7241                 0.5847
155              0.7643                 0.7373
156              0.7472                 0.6597
157              0.7500                 0.6717
158              0.7605                 0.7193
159              0.7522                 0.6880
160              0.7580                 0.7107
161              0.7594                 0.7130
162              0.7582                 0.7103
163              0.7541                 0.6860
164              0.7522                 0.6860
165              0.7579                 0.7027
166              0.7496                 0.6733
167              0.7594                 0.7020
168              0.7367                 0.6293
169              0.7652                 0.7287
170              0.7488                 0.6710
171              0.7519                 0.6877
172              0.7683                 0.7380
173              0.7533                 0.6873
174              0.7550                 0.6893
175              0.7548                 0.6943
176              0.7662                 0.7313
177              0.7483                 0.6713
178              0.7656                 0.7313
179              0.7504                 0.6823
180              0.7577                 0.7057
181              0.7573                 0.7070
182              0.7519                 0.6767
183              0.7567                 0.7023
184              0.7517                 0.6800
185              0.7681                 0.7403
186              0.7486                 0.6700
187              0.7608                 0.7153
188              0.7539                 0.6917
189              0.7562                 0.7043
190              0.7517                 0.6893
191              0.7575                 0.7107
192              0.7492                 0.6773
193              0.7596                 0.7163
194              0.7696                 0.7390
195              0.7530                 0.6863
196              0.7559                 0.6927
197              0.7551                 0.6937
198              0.7554                 0.7023
199              0.7502                 0.6743
200              0.7595                 0.7123

================================================================================
 라운드별 모델 합성 가중치
================================================================================
           client_0_weight  client_1_weight  client_2_weight  client_3_weight  client_4_weight  client_5_weight  client_6_weight  client_7_weight  client_8_weight  client_9_weight
Round 1           0.137413         0.062465         0.105622         0.176748         0.114871         0.129020         0.138037         0.015616         0.051695         0.068514
Round 2           0.118935         0.085035         0.091103         0.155072         0.113503         0.113960         0.154844         0.036186         0.060673         0.070689
Round 3           0.107809         0.100708         0.089501         0.149213         0.129710         0.112500         0.122991         0.044058         0.067561         0.075949
Round 4           0.117759         0.094622         0.105038         0.141722         0.130582         0.113219         0.112643         0.042365         0.068410         0.073638
Round 5           0.104295         0.101430         0.110230         0.129364         0.133097         0.113159         0.120220         0.050836         0.067833         0.069536
Round 6           0.120645         0.092463         0.117349         0.122236         0.123387         0.117296         0.121412         0.053650         0.064561         0.067001
Round 7           0.122200         0.095123         0.115114         0.125902         0.124170         0.127429         0.109996         0.048587         0.060777         0.070702
Round 8           0.123480         0.107139         0.119988         0.119653         0.122050         0.117994         0.107766         0.051905         0.058452         0.071573
Round 9           0.121009         0.105004         0.119691         0.129122         0.113139         0.120053         0.108876         0.048605         0.061850         0.072652
Round 10          0.122332         0.110287         0.116928         0.119105         0.119964         0.115937         0.110162         0.053453         0.058201         0.073630
Round 11          0.116192         0.113226         0.117909         0.119854         0.120353         0.119081         0.108441         0.048875         0.062624         0.073444
Round 12          0.123389         0.118147         0.114559         0.113908         0.117372         0.123042         0.101411         0.052975         0.064924         0.070273
Round 13          0.122846         0.117603         0.111351         0.118262         0.113098         0.124617         0.108799         0.053584         0.061610         0.068231
Round 14          0.119667         0.119502         0.109305         0.119308         0.115114         0.126758         0.107653         0.053147         0.059836         0.069710
Round 15          0.126507         0.121106         0.110909         0.114045         0.114924         0.127366         0.105610         0.053052         0.060503         0.065977
Round 16          0.131823         0.122716         0.108527         0.117885         0.112654         0.129643         0.104152         0.051416         0.060409         0.060775
Round 17          0.128364         0.117349         0.109917         0.121748         0.115222         0.133088         0.108674         0.047840         0.061592         0.056207
Round 18          0.131915         0.123223         0.110101         0.124021         0.104739         0.129938         0.105598         0.047561         0.064645         0.058258
Round 19          0.132493         0.122272         0.110919         0.122081         0.110554         0.130009         0.107524         0.050342         0.057028         0.056778
Round 20          0.133095         0.126004         0.115592         0.119829         0.108347         0.127404         0.103813         0.054797         0.055799         0.055319
Round 21          0.133414         0.117962         0.113648         0.122484         0.105527         0.132056         0.109520         0.050835         0.058346         0.056208
Round 22          0.133346         0.108116         0.120700         0.119546         0.112699         0.131857         0.106925         0.048844         0.055984         0.061983
Round 23          0.133343         0.118414         0.112048         0.119549         0.103238         0.130928         0.112979         0.050230         0.055630         0.063641
Round 24          0.129365         0.120131         0.115375         0.117648         0.108522         0.127764         0.112588         0.048492         0.055119         0.064996
Round 25          0.130295         0.123835         0.103575         0.118685         0.108976         0.128200         0.113486         0.053007         0.053788         0.066153
Round 26          0.128211         0.124587         0.110138         0.117710         0.112778         0.126935         0.114295         0.046961         0.051546         0.066839
Round 27          0.128598         0.125057         0.108339         0.117845         0.116694         0.125691         0.114768         0.045272         0.054593         0.063143
Round 28          0.130148         0.105860         0.110186         0.121546         0.117201         0.128633         0.114105         0.047448         0.057309         0.067565
Round 29          0.129537         0.101985         0.117821         0.122119         0.113758         0.130327         0.115625         0.046594         0.055200         0.067035
Round 30          0.127365         0.114021         0.116958         0.120148         0.116338         0.127227         0.113404         0.043962         0.053842         0.066735
Round 31          0.127059         0.120326         0.119324         0.119456         0.116018         0.126966         0.114978         0.043411         0.050878         0.061586
Round 32          0.127055         0.119020         0.107893         0.120576         0.121115         0.126552         0.114936         0.049001         0.051338         0.062514
Round 33          0.126561         0.123029         0.111400         0.118576         0.113897         0.126046         0.113841         0.048390         0.050044         0.068215
Round 34          0.126130         0.126324         0.114397         0.117957         0.116063         0.125999         0.112830         0.049014         0.051812         0.059474
Round 35          0.123877         0.125010         0.115105         0.116634         0.115182         0.121957         0.109975         0.050314         0.056642         0.065305
Round 36          0.123386         0.126500         0.110755         0.115918         0.113907         0.123940         0.111876         0.045475         0.059771         0.068473
Round 37          0.124524         0.126455         0.114434         0.114455         0.119462         0.125563         0.113110         0.046802         0.048891         0.066304
Round 38          0.123869         0.125878         0.114864         0.114671         0.118435         0.121899         0.111826         0.047745         0.051633         0.069180
Round 39          0.123524         0.124068         0.115561         0.115980         0.118580         0.122739         0.112043         0.044873         0.051800         0.070834
Round 40          0.122428         0.122443         0.115447         0.112227         0.117338         0.123644         0.111475         0.048333         0.054874         0.071791
Round 41          0.122893         0.123558         0.116887         0.114506         0.115290         0.122954         0.112282         0.048066         0.052023         0.071539
Round 42          0.125565         0.125904         0.115358         0.106778         0.117577         0.124732         0.113418         0.045906         0.053062         0.071701
Round 43          0.126593         0.127238         0.116789         0.111499         0.117420         0.126185         0.112248         0.050204         0.051785         0.060038
Round 44          0.125070         0.125510         0.115818         0.114305         0.116752         0.124931         0.110568         0.050593         0.052473         0.063981
Round 45          0.125340         0.127533         0.092803         0.116029         0.118171         0.126000         0.113930         0.053217         0.057049         0.069928
Round 46          0.126691         0.129247         0.107935         0.119789         0.120400         0.126512         0.115185         0.041189         0.059908         0.053143
Round 47          0.123072         0.125937         0.110166         0.117160         0.118789         0.123132         0.112592         0.045287         0.059452         0.064413
Round 48          0.121504         0.124956         0.111362         0.115500         0.117142         0.123107         0.112799         0.048326         0.058892         0.066413
Round 49          0.122664         0.124754         0.112303         0.115198         0.118399         0.123006         0.112764         0.051110         0.048653         0.071149
Round 50          0.123155         0.125745         0.093596         0.116287         0.119398         0.124950         0.111556         0.054876         0.055211         0.075225
Round 51          0.121722         0.121590         0.103172         0.115219         0.117778         0.122844         0.111192         0.052252         0.058307         0.075924
Round 52          0.121560         0.121984         0.108073         0.115813         0.116100         0.122105         0.106603         0.052547         0.060286         0.074928
Round 53          0.121240         0.120751         0.109702         0.114681         0.115861         0.122320         0.108920         0.051524         0.058788         0.076212
Round 54          0.123378         0.124242         0.113815         0.117162         0.117930         0.124266         0.110700         0.052804         0.051239         0.064464
Round 55          0.122257         0.119992         0.115561         0.115310         0.117865         0.123444         0.108245         0.052507         0.055069         0.069749
Round 56          0.126716         0.109033         0.120951         0.118172         0.108802         0.127680         0.115610         0.054059         0.060063         0.058915
Round 57          0.124863         0.117185         0.118385         0.117530         0.114763         0.124429         0.115084         0.053922         0.062449         0.051388
Round 58          0.121886         0.119014         0.115719         0.115619         0.115405         0.122106         0.112164         0.053017         0.060614         0.064456
Round 59          0.123770         0.109662         0.099380         0.118621         0.119654         0.124138         0.115580         0.053070         0.063476         0.072647
Round 60          0.121838         0.115118         0.106981         0.116629         0.117322         0.122150         0.112630         0.050422         0.063054         0.073854
Round 61          0.121855         0.119999         0.094545         0.117190         0.116959         0.122840         0.112797         0.052250         0.062596         0.078967
Round 62          0.120126         0.121079         0.102375         0.116084         0.114800         0.122635         0.112403         0.053252         0.060437         0.076809
Round 63          0.118790         0.120508         0.104687         0.114564         0.115947         0.121373         0.110168         0.054152         0.061937         0.077875
Round 64          0.117656         0.119489         0.108950         0.114890         0.115683         0.120835         0.110436         0.054499         0.061430         0.076132
Round 65          0.117627         0.113256         0.112706         0.114666         0.115745         0.121242         0.111060         0.054375         0.061818         0.077505
Round 66          0.117694         0.116201         0.112752         0.114175         0.116048         0.120542         0.110837         0.054155         0.061875         0.075722
Round 67          0.116892         0.117952         0.112694         0.113449         0.115311         0.119853         0.110953         0.051294         0.062873         0.078728
Round 68          0.118126         0.119498         0.114944         0.115105         0.115673         0.119999         0.111874         0.050939         0.051454         0.082389
Round 69          0.117541         0.118687         0.113669         0.114873         0.116145         0.119960         0.111869         0.050672         0.055622         0.080961
Round 70          0.117397         0.117702         0.113221         0.114906         0.116689         0.119563         0.111517         0.049321         0.059461         0.080221
Round 71          0.118524         0.118015         0.108302         0.115362         0.116650         0.120382         0.112295         0.050229         0.059001         0.081239
Round 72          0.117711         0.116722         0.111036         0.114740         0.116205         0.119663         0.111670         0.051532         0.060099         0.080623
Round 73          0.116741         0.117224         0.110045         0.114244         0.115682         0.119580         0.111511         0.051779         0.061351         0.081843
Round 74          0.116147         0.117671         0.112681         0.114285         0.115584         0.119424         0.111213         0.051515         0.059938         0.081542
Round 75          0.117038         0.117722         0.114133         0.114209         0.113401         0.118633         0.111638         0.049636         0.059880         0.083711
Round 76          0.116947         0.118234         0.114724         0.114225         0.115567         0.118956         0.112516         0.047995         0.057845         0.082989
Round 77          0.116516         0.116883         0.112486         0.114422         0.116445         0.118569         0.112633         0.052623         0.060332         0.079092
Round 78          0.119162         0.119899         0.116592         0.116650         0.118798         0.120299         0.114871         0.054433         0.058439         0.060858
Round 79          0.120453         0.120636         0.116806         0.115947         0.119833         0.121928         0.093773         0.055827         0.062053         0.072743
Round 80          0.118552         0.118862         0.114470         0.115263         0.117796         0.120089         0.102626         0.053555         0.063184         0.075604
Round 81          0.117174         0.118338         0.113988         0.114483         0.117098         0.118936         0.106991         0.050793         0.063456         0.078743
Round 82          0.118050         0.114057         0.114102         0.115373         0.119253         0.120802         0.111680         0.053295         0.051571         0.081817
Round 83          0.117901         0.115773         0.113205         0.113698         0.117001         0.119602         0.111515         0.049078         0.058079         0.084149
Round 84          0.118076         0.117954         0.114660         0.113923         0.117925         0.119902         0.112987         0.050706         0.059514         0.074353
Round 85          0.116770         0.117179         0.112707         0.112387         0.116455         0.118029         0.112681         0.053346         0.059532         0.080914
Round 86          0.119041         0.101263         0.116119         0.115701         0.116580         0.120407         0.114446         0.055136         0.063427         0.077880
Round 87          0.119650         0.110049         0.116048         0.111793         0.118263         0.120709         0.114368         0.056602         0.063187         0.069330
Round 88          0.117081         0.114372         0.113251         0.113307         0.117604         0.119079         0.112481         0.053776         0.063878         0.075170
Round 89          0.118125         0.116561         0.113425         0.114873         0.118401         0.119991         0.113803         0.052573         0.066002         0.066245
Round 90          0.117529         0.117314         0.111943         0.114440         0.117160         0.119144         0.113126         0.049327         0.065411         0.074606
Round 91          0.116192         0.116518         0.111945         0.113837         0.115612         0.117913         0.112960         0.051665         0.063714         0.079644
Round 92          0.116428         0.116476         0.112806         0.113087         0.112958         0.116774         0.112561         0.054229         0.062846         0.081836
Round 93          0.116700         0.117878         0.107172         0.115650         0.115459         0.117880         0.114203         0.055697         0.064682         0.074679
Round 94          0.115926         0.115716         0.109042         0.112978         0.115275         0.117308         0.113420         0.055124         0.066040         0.079170
Round 95          0.115614         0.115431         0.110568         0.112520         0.114367         0.116992         0.106731         0.056680         0.068250         0.082848
Round 96          0.116242         0.116682         0.110475         0.112660         0.115411         0.117285         0.110001         0.056438         0.067181         0.077626
Round 97          0.116077         0.116659         0.112082         0.113010         0.115899         0.117439         0.109880         0.057106         0.065664         0.076185
Round 98          0.117714         0.090432         0.114671         0.114812         0.118499         0.119306         0.113171         0.059326         0.068063         0.084004
Round 99          0.118591         0.104801         0.116828         0.115221         0.118684         0.120378         0.115243         0.056747         0.065834         0.067672
Round 100         0.116183         0.110867         0.115202         0.114353         0.116593         0.118764         0.113132         0.054967         0.064499         0.075440
Round 101         0.115572         0.113364         0.113255         0.114252         0.113583         0.118335         0.110291         0.055318         0.065077         0.080953
Round 102         0.119204         0.118087         0.079413         0.117650         0.118410         0.121694         0.114254         0.056491         0.068579         0.086218
Round 103         0.117448         0.116657         0.096659         0.115106         0.116965         0.119776         0.110871         0.055609         0.067132         0.083777
Round 104         0.116506         0.116239         0.104776         0.113526         0.115235         0.118078         0.111272         0.056419         0.063421         0.084528
Round 105         0.115292         0.115272         0.108501         0.112720         0.114797         0.116260         0.111335         0.057416         0.064872         0.083534
Round 106         0.114939         0.115074         0.110025         0.112609         0.114614         0.116072         0.111176         0.056599         0.063998         0.084893
Round 107         0.114439         0.114584         0.110682         0.111793         0.113799         0.115875         0.110572         0.057931         0.063963         0.086364
Round 108         0.115314         0.115657         0.111591         0.112851         0.114801         0.116498         0.112135         0.056518         0.064666         0.079969
Round 109         0.114461         0.113585         0.111668         0.111387         0.114072         0.115695         0.111463         0.058812         0.065194         0.083664
Round 110         0.114204         0.113590         0.111947         0.110905         0.113667         0.115164         0.111404         0.058474         0.066153         0.084492
Round 111         0.114892         0.113647         0.112168         0.112409         0.113585         0.115856         0.111940         0.053603         0.065284         0.086617
Round 112         0.114901         0.114045         0.112039         0.112579         0.113123         0.115831         0.110698         0.054830         0.064638         0.087316
Round 113         0.113984         0.113824         0.111961         0.112263         0.113110         0.115170         0.110784         0.057390         0.063863         0.087651
Round 114         0.113844         0.113531         0.111913         0.112673         0.113518         0.115161         0.111732         0.057979         0.062106         0.087544
Round 115         0.118052         0.117131         0.101107         0.117123         0.118044         0.118998         0.112137         0.060962         0.046633         0.089814
Round 116         0.117271         0.116518         0.107669         0.115808         0.110676         0.118312         0.113477         0.058301         0.055004         0.086965
Round 117         0.114756         0.114587         0.109171         0.113623         0.111670         0.116413         0.112065         0.059212         0.060113         0.088390
Round 118         0.118264         0.086448         0.111155         0.117244         0.116386         0.119288         0.115400         0.059823         0.064612         0.091380
Round 119         0.117155         0.100373         0.112768         0.114869         0.115908         0.117935         0.113588         0.054969         0.066935         0.085499
Round 120         0.115736         0.106686         0.110570         0.114572         0.114145         0.116685         0.112141         0.057150         0.066964         0.085350
Round 121         0.115318         0.110364         0.110645         0.113589         0.113700         0.116026         0.110961         0.056646         0.067487         0.085265
Round 122         0.115275         0.104727         0.110111         0.113615         0.113715         0.116044         0.111663         0.059184         0.068153         0.087512
Round 123         0.114371         0.109775         0.111111         0.113721         0.113425         0.116201         0.112143         0.056617         0.065860         0.086777
Round 124         0.113608         0.111166         0.109875         0.112522         0.112663         0.115149         0.111265         0.057931         0.067230         0.088589
Round 125         0.116574         0.115226         0.110767         0.115959         0.094583         0.115906         0.114439         0.059767         0.066804         0.089976
Round 126         0.118649         0.101808         0.109422         0.117689         0.107551         0.118055         0.116227         0.057364         0.063374         0.089859
Round 127         0.116201         0.107542         0.110694         0.115342         0.111598         0.117457         0.113075         0.057044         0.063831         0.087214
Round 128         0.117030         0.112618         0.102604         0.116553         0.114903         0.118061         0.113076         0.056271         0.064987         0.083898
Round 129         0.117137         0.110251         0.107680         0.115520         0.116448         0.118154         0.112454         0.054520         0.065435         0.082400
Round 130         0.116034         0.112697         0.107331         0.114309         0.115783         0.116967         0.111414         0.057191         0.065205         0.083069
Round 131         0.118151         0.116017         0.094184         0.116987         0.117656         0.118832         0.114237         0.056332         0.063277         0.084326
Round 132         0.116540         0.115621         0.104103         0.116124         0.116047         0.117545         0.112459         0.054737         0.064093         0.082730
Round 133         0.114887         0.113973         0.108524         0.114333         0.114676         0.115990         0.110476         0.056602         0.064585         0.085957
Round 134         0.115009         0.114451         0.110624         0.114274         0.113609         0.115973         0.110717         0.054802         0.063289         0.087252
Round 135         0.115337         0.115136         0.111728         0.114397         0.114768         0.114049         0.111464         0.056691         0.064763         0.081667
Round 136         0.117596         0.116750         0.112423         0.116831         0.117363         0.117442         0.114174         0.061805         0.066661         0.058954
Round 137         0.115221         0.113601         0.111979         0.113696         0.115085         0.115740         0.111963         0.061517         0.067400         0.073798
Round 138         0.115329         0.113402         0.112769         0.113762         0.114790         0.115744         0.111032         0.061820         0.067270         0.074080
Round 139         0.114389         0.112362         0.112633         0.113741         0.114510         0.115680         0.111544         0.060933         0.065800         0.078407
Round 140         0.117529         0.115610         0.115147         0.115999         0.117443         0.118213         0.114327         0.062297         0.061997         0.061439
Round 141         0.115603         0.112873         0.112446         0.113711         0.114395         0.116479         0.111422         0.061484         0.065733         0.075854
Round 142         0.115631         0.113836         0.112206         0.114358         0.115014         0.116440         0.112283         0.059767         0.056062         0.084402
Round 143         0.114143         0.112474         0.110671         0.112698         0.113485         0.114841         0.110533         0.060307         0.063298         0.087550
Round 144         0.115995         0.113605         0.112669         0.113439         0.114820         0.116573         0.112876         0.055126         0.067023         0.077873
Round 145         0.116444         0.089168         0.112523         0.115318         0.116940         0.117842         0.114680         0.061772         0.068777         0.086536
Round 146         0.115959         0.100945         0.111413         0.113988         0.115484         0.116584         0.113370         0.058118         0.066302         0.087837
Round 147         0.115301         0.106679         0.112136         0.113478         0.115311         0.116534         0.112801         0.060483         0.068757         0.078520
Round 148         0.114467         0.110339         0.106256         0.113137         0.114304         0.115964         0.111314         0.060508         0.067704         0.086006
Round 149         0.113792         0.111552         0.108146         0.111995         0.113655         0.114888         0.110641         0.058293         0.068462         0.088578
Round 150         0.116457         0.114763         0.099055         0.115421         0.116568         0.117644         0.113518         0.063916         0.069958         0.072701
Round 151         0.117566         0.099344         0.101383         0.116095         0.118092         0.119175         0.114579         0.060730         0.069962         0.083074
Round 152         0.116395         0.108022         0.108552         0.115022         0.116337         0.117657         0.112293         0.057693         0.067132         0.080896
Round 153         0.114029         0.109934         0.109923         0.113642         0.114906         0.116489         0.110794         0.058517         0.067481         0.084284
Round 154         0.113951         0.111969         0.112307         0.113302         0.114600         0.115836         0.111514         0.056686         0.066343         0.083492
Round 155         0.111869         0.112231         0.110569         0.111890         0.112268         0.115616         0.111738         0.058822         0.067450         0.087547
Round 156         0.113140         0.112967         0.112919         0.111956         0.113251         0.115047         0.110349         0.057508         0.065839         0.087026
Round 157         0.115309         0.114715         0.113590         0.114257         0.115421         0.116899         0.112353         0.061571         0.067950         0.067934
Round 158         0.114055         0.113616         0.111686         0.113245         0.114155         0.115610         0.111461         0.061791         0.064895         0.079486
Round 159         0.113936         0.112619         0.108922         0.112967         0.113763         0.115290         0.111413         0.060779         0.066223         0.084088
Round 160         0.112552         0.110608         0.109096         0.111721         0.113015         0.113946         0.110843         0.061323         0.069004         0.087893
Round 161         0.112810         0.110952         0.108185         0.111628         0.112591         0.113540         0.110621         0.061085         0.069274         0.089312
Round 162         0.112599         0.108795         0.109401         0.111823         0.112479         0.113227         0.110642         0.060135         0.070450         0.090447
Round 163         0.113160         0.111272         0.110624         0.112769         0.113088         0.114227         0.111678         0.052983         0.071553         0.088648
Round 164         0.112555         0.111089         0.110854         0.112361         0.112651         0.113780         0.110460         0.059030         0.067004         0.090215
Round 165         0.112798         0.110957         0.108423         0.112448         0.113120         0.113497         0.110599         0.062020         0.067940         0.088198
Round 166         0.112553         0.110948         0.109302         0.111821         0.112440         0.113296         0.110246         0.060578         0.068885         0.089932
Round 167         0.111990         0.110003         0.108533         0.111364         0.110963         0.112021         0.109826         0.064207         0.069506         0.091587
Round 168         0.115067         0.112754         0.112088         0.114086         0.114360         0.115474         0.112952         0.061551         0.071434         0.070234
Round 169         0.113387         0.110756         0.109349         0.112509         0.113083         0.113610         0.111335         0.064016         0.072150         0.079805
Round 170         0.112815         0.110980         0.109386         0.112247         0.112412         0.113365         0.111126         0.062196         0.071208         0.084266
Round 171         0.112549         0.110378         0.109669         0.111850         0.112282         0.113250         0.110635         0.061599         0.069952         0.087836
Round 172         0.114004         0.093250         0.111059         0.113172         0.114012         0.114782         0.110997         0.063537         0.072156         0.093031
Round 173         0.114103         0.102252         0.110816         0.112390         0.112619         0.113970         0.110009         0.062826         0.069146         0.091870
Round 174         0.113284         0.106085         0.110549         0.112145         0.112489         0.113394         0.110473         0.058929         0.069220         0.093431
Round 175         0.112467         0.108012         0.109766         0.111104         0.112203         0.112696         0.109576         0.060794         0.070715         0.092668
Round 176         0.112752         0.109559         0.106224         0.111065         0.111897         0.112724         0.109648         0.060920         0.071340         0.093869
Round 177         0.112386         0.110200         0.108018         0.111020         0.112101         0.112743         0.110516         0.060793         0.070690         0.091534
Round 178         0.113717         0.111569         0.092527         0.112958         0.113860         0.114319         0.112104         0.064640         0.073313         0.090993
Round 179         0.112938         0.111378         0.100850         0.112112         0.113020         0.113876         0.111391         0.061604         0.071434         0.091398
Round 180         0.112231         0.110420         0.104894         0.111275         0.111955         0.112993         0.110764         0.063222         0.071558         0.090687
Round 181         0.114423         0.097398         0.109430         0.113103         0.114270         0.115022         0.113063         0.062260         0.071764         0.089268
Round 182         0.114339         0.103992         0.110682         0.112916         0.113841         0.114972         0.112297         0.062414         0.070766         0.083782
Round 183         0.114010         0.105863         0.100120         0.112638         0.113440         0.114413         0.111932         0.065262         0.072658         0.089664
Round 184         0.113803         0.108730         0.105026         0.112247         0.113275         0.112117         0.111851         0.063890         0.072763         0.086296
Round 185         0.113668         0.097209         0.108594         0.112503         0.113327         0.113431         0.111029         0.067958         0.070959         0.091322
Round 186         0.113626         0.104436         0.109396         0.112165         0.112685         0.113628         0.110654         0.063973         0.067850         0.091588
Round 187         0.112392         0.105633         0.109236         0.111003         0.111674         0.112972         0.109915         0.065055         0.069167         0.092953
Round 188         0.112195         0.108864         0.109864         0.111543         0.111955         0.112681         0.110280         0.064853         0.065513         0.092252
Round 189         0.112065         0.109429         0.109181         0.111685         0.111989         0.112680         0.110539         0.065219         0.064456         0.092757
Round 190         0.111892         0.109944         0.108403         0.111310         0.111526         0.112176         0.110194         0.066562         0.066242         0.091751
Round 191         0.112207         0.109177         0.107739         0.110597         0.111456         0.112163         0.109953         0.065465         0.068365         0.092879
Round 192         0.111729         0.110224         0.109057         0.111218         0.111713         0.111892         0.110362         0.063190         0.069429         0.091187
Round 193         0.111465         0.109087         0.106569         0.110971         0.111282         0.111796         0.109869         0.065914         0.070679         0.092369
Round 194         0.115389         0.104756         0.086334         0.114595         0.115069         0.115098         0.114036         0.066827         0.072314         0.095581
Round 195         0.114767         0.107164         0.098059         0.113962         0.113841         0.114233         0.112753         0.059245         0.070441         0.095536
Round 196         0.113266         0.107702         0.103723         0.112529         0.112501         0.113277         0.111208         0.060923         0.070205         0.094667
Round 197         0.112232         0.107807         0.105545         0.111291         0.111559         0.112237         0.110539         0.063647         0.071691         0.093452
Round 198         0.112033         0.108943         0.107089         0.111227         0.110049         0.111862         0.110309         0.064952         0.071609         0.091929
Round 199         0.111875         0.109452         0.108211         0.110940         0.110752         0.111517         0.109973         0.065360         0.069750         0.092170
Round 200         0.111307         0.108175         0.107654         0.110431         0.110434         0.110815         0.109475         0.066943         0.071624         0.093141

================================================================================
 라운드별 시간 측정 결과 (초)
================================================================================
           cli 0 train  cli 1 train  cli 2 train  cli 3 train  cli 4 train  cli 5 train  cli 6 train  cli 7 train  cli 8 train  cli 9 train  agg time  cli eval time  global eval time  total time
Round 1       9.308758     8.905024    14.254429    14.235194    19.128098     5.915837    16.216403     5.910452    13.345443     6.056191  0.438926      37.801837          4.218021   45.301542
Round 2       9.408724     5.937510    14.111912    10.742204    16.408895     8.850422    18.848788     5.953021     9.495261     6.159273  0.359388      37.069616          3.990767   44.050598
Round 3       5.736403     7.198233    10.298123    12.686516    13.471171     8.689865    20.311198     4.793072    12.544272     6.291494  0.378512      37.261762          4.407820   44.704468
Round 4       9.306914     5.848347    14.394496    15.438087    13.839889     7.675183    22.244140     4.290985     8.629261     6.880895  0.382605      39.607263          3.683408   46.163849
Round 5       9.331385     8.951045     9.724737    16.100135    19.602903     8.415900    21.367820     3.649289    12.914637     3.231012  0.348280      41.166834          2.674882   46.382486
Round 6       9.395693     9.156674    14.002018    15.080783    19.767851     8.301455    21.539228     4.841781    12.756652     5.770904  0.357216      37.278173          4.157668   44.432439
Round 7       9.640156     5.967621     9.746020    15.692647    19.780052     5.479768    21.099699     5.564701     9.499763     7.094421  0.358066      37.107275          4.246259   44.401877
Round 8       9.769741     8.717715    14.460261    15.984351    16.580543     8.124276    16.312252     3.664093    13.051602     7.202272  0.366185      38.181074          4.290298   45.423361
Round 9       9.424388     4.869396    12.835613    12.769480    15.638327     8.329996    22.006702     4.920100     8.337492     6.998700  0.403440      36.465462          3.963013   43.439626
Round 10      9.223059     8.601949    11.044040    14.853965    17.178769     8.511113    21.483526     3.239134    13.253864     4.285277  0.360157      40.965367          3.166494   46.603099
Round 11      7.075221     8.337774    14.504479    15.796091    19.179537     7.828776    17.555871     5.258082    11.546683     6.610132  0.355521      37.655277          4.420404   45.052950
Round 12      9.751413     8.820008    10.470770    10.017624    17.866954     7.434050    22.399226     5.318340    13.834877     4.671078  0.370277      37.349587          4.306389   44.664292
Round 13      6.667986     9.184232    13.481323    14.528323    13.558249     8.181282    18.287573     5.612325    13.385282     7.361015  0.354605      35.972349          4.109876   43.221344
Round 14      9.754078     8.616087    14.353034    11.187386    18.411296     8.567293    16.493904     5.204913    12.674766     6.634431  0.374261      36.827023          2.967251   43.015314
Round 15      8.833568     8.698107    13.379048     8.752635    18.126293     7.993596    21.549765     5.597588    13.538784     6.723244  0.350069      41.661485          2.595500   46.720383
Round 16      9.219759     7.036974    14.020206    15.738307    19.987429     7.763594    21.399484     4.097998    13.591606     4.685201  0.373954      37.781337          4.263767   44.881847
Round 17      8.978389     5.687389    10.868011    11.138314    14.162043     8.259922    19.780900     5.667250    13.271097     6.741714  0.354820      38.279485          4.127884   45.371643
Round 18      6.265520     8.974261    10.573492    16.203285    19.523254     7.896092    22.213257     5.528839     9.767464     3.811967  0.390249      37.485870          4.131947   44.711905
Round 19      5.964783     7.828791    10.299973    11.055782    19.910197     5.954706    22.171749     5.026414    12.599862     7.302094  0.366643      40.120926          2.904549   46.317405
Round 20      9.048993     5.476499    14.428967    14.755997    17.678559     7.912264    21.905158     3.482539    13.246125     6.863648  0.364483      40.400528          3.180280   46.074867
Round 21      9.009423     6.159482    13.898749    15.556331    16.141388     8.021241    18.302045     5.901570    13.458284     6.621173  0.371846      36.953537          4.119536   44.213810
Round 22      9.286139     7.753283     9.576631    15.788731    13.575395     8.606709    19.741944     5.686353    11.036453     7.025390  0.380187      38.459620          4.376012   46.037925
Round 23      8.274955     8.483348     9.006494    15.548121    16.907160     7.007044    21.183846     3.135430    13.448308     6.910317  0.340183      38.446944          4.212843   45.728971
Round 24      6.462690     8.248476    11.778517    10.205969    19.375508     7.305001    21.737783     5.657326    10.655083     6.988003  0.387834      37.688748          4.211908   44.924237
Round 25      5.689294     8.366704    14.184700    11.235415    18.282890     8.081191    17.014267     5.117387    13.335374     4.125958  0.354298      41.590711          2.791518   47.136934
Round 26      8.817971     8.696819    14.366333    16.455181    18.860705     7.947169    22.210768     4.959563     8.070714     6.740308  0.349119      41.624969          2.789435   46.970739
Round 27      9.328247     7.696724    13.206043    14.752300    19.626359     8.165473    20.614936     5.169068    13.582368     6.795823  0.396107      38.293628          4.230340   45.633377
Round 28      9.196011     8.103644    13.704562    15.658439    15.307895     8.541318    15.597692     5.586551    13.292548     4.789139  0.386276      38.118173          4.056762   45.446160
Round 29      6.547949     5.705410    11.457145    11.676414    19.720709     4.908127    22.197484     5.429065    13.063585     7.273922  0.385440      37.805059          4.393216   45.290624
Round 30      9.542702     5.717310    13.230418    14.635982    15.205264     8.167452    18.163805     5.630617    13.592658     3.873740  0.353343      37.341235          4.184631   44.568346
Round 31      9.014209     6.611739    11.410506    15.848035    19.430943     5.071290    22.174452     3.595049    12.171349     4.053795  0.408860      38.607686          4.146453   45.876311
Round 32      8.879945     6.633216     9.813122    16.233764    19.047394     8.475925    21.006003     5.689049     7.891880     6.574195  0.354607      39.853277          3.114232   45.827325
Round 33      8.963230     6.841125    14.447409    11.342261    19.186800     7.748594    21.903260     3.293659    13.790658     6.394395  0.357824      36.378572          4.276826   43.740608
Round 34      9.318186     9.052947    12.234030    12.331001    15.482606     5.183761    21.693158     4.656205     9.371526     6.382187  0.397797      37.578865          4.149815   44.855644
Round 35      9.336246     6.870731    11.290490    15.746917    16.895377     8.526556    18.894532     5.650638     8.852047     6.319175  0.352992      34.695954          4.515754   42.432972
Round 36      9.133682     7.633302    14.457579    12.781389    12.428011     7.554603    21.677032     3.634377    10.204333     6.663128  0.382125      41.827681          2.628469   47.323317
Round 37      9.735787     8.024584    13.862588    15.885379     9.714902     8.264315    21.772228     5.890233    13.384737     6.432141  0.400496      41.338162          2.986811   46.965363
Round 38      7.007324     8.468605    14.104271    15.257932    19.168722     8.238803    17.078008     3.174292    13.244551     6.971866  0.381384      38.006557          4.470768   45.454440
Round 39      9.435723     8.468498    14.335247    12.995376    15.860718     8.223998    21.376195     3.342638     8.409470     6.907156  0.398242      36.813185          4.467863   44.412543
Round 40      9.237244     8.731056    14.149986    13.314481    15.680442     7.279365    18.742510     3.035572     9.966066     6.307786  0.345791      36.443791          4.395584   43.965601
Round 41      6.376987     8.886163    14.527788    11.455550    18.102457     5.533713    20.015740     3.421158     9.805339     6.675014  0.350309      38.462112          4.327547   45.976357
Round 42      6.365546     8.449473     9.552997    15.579715    18.846397     8.131468    14.914719     4.900935    13.002136     6.893176  0.407027      38.704591          3.967183   45.882904
Round 43      4.832009     5.455220    13.930059    12.588623    19.869248     8.063777    21.420192     5.119466    13.071487     6.502471  0.351821      41.062157          2.785318   46.305981
Round 44      8.656961     8.594748    13.666648    14.384467    18.312699     8.485996    21.997420     5.601362    12.188400     6.955420  0.368740      37.421672          3.978528   44.276181
Round 45      9.411806     8.665647    12.151701    14.079820    13.307880     8.417794    15.884447     4.290353    13.363181     6.555799  0.372419      37.152184          4.195009   44.435258
Round 46      9.660818     8.751888    13.161155    11.618027    19.332282     8.122567    19.718860     5.543409    10.482281     4.090992  0.386156      37.739419          4.568977   45.211578
Round 47      9.311696     7.978015     9.565757    14.888560    16.766446     5.168191    15.744755     5.229043    12.883832     6.501446  0.407495      36.946485          3.473395   43.520612
Round 48      9.526590     8.545327    12.652547    15.232916    11.850456     8.347585    21.438248     5.287323    13.595725     6.306344  0.346554      41.103874          2.672367   46.584955
Round 49      5.253961     7.674649    13.999042    15.742043    19.219897     8.275504    19.913995     5.432309    13.424367     6.656225  0.379592      39.635004          4.133824   46.404066
Round 50      9.286429     8.352441    11.249293    15.212739    19.635697     4.914241    18.608116     5.127051    13.752732     6.339462  0.352242      38.109734          4.175665   45.059113
Round 51      9.150689     7.647217    14.865745    10.638464    14.472661     6.024177    21.482876     4.111241    13.263654     4.956951  0.356462      37.967721          4.158903   45.251342
Round 52      9.742026     8.287722     8.887292    15.904724    12.924516     7.621852    20.182266     5.544941    13.202637     6.900641  0.369733      37.067587          4.487511   44.736982
Round 53      9.508099     8.282799    13.657597    11.502697    13.545657     7.906391    21.441981     5.495622    12.451615     6.925406  0.392282      39.403070          2.618425   44.854389
Round 54      5.585076     8.834486    13.857754    15.850178    19.811561     7.923331    22.220035     4.945151    13.177007     6.229838  0.361405      39.855416          4.015527   46.766459
Round 55      9.300309     8.779677    14.003693    15.429438    18.139490     8.542702    21.519979     3.081115     9.355562     3.892681  0.364268      37.646172          4.565695   45.272263
Round 56      5.802891     8.676393    14.297633    12.515053    19.214027     6.996684    16.312412     5.352951    10.736374     5.028327  0.354316      36.494852          4.196895   43.598955
Round 57      9.473355     7.455104    13.671446    15.566055    19.016337     8.475474    16.102364     5.878218     8.645307     6.366404  0.380763      38.411687          4.034895   45.453313
Round 58      8.902884     5.417281    10.845748    15.829306    18.923696     7.868799    14.581894     5.039275     9.759831     6.194663  0.386059      38.358357          3.403850   44.744226
Round 59      8.929772     8.573695     8.629348    13.842261    19.940721     7.977225    21.873848     5.285399    13.023612     5.157261  0.342336      40.707573          2.611875   45.843009
Round 60      8.518215     8.608765    13.698948    15.381937    19.870843     7.532133    21.676804     3.250443    13.112522     6.691279  0.349001      38.306318          4.287297   45.476793
Round 61      7.772214     6.755535    14.412896    11.194370    19.691520     8.369162    14.640779     5.660141    10.171855     6.973539  0.378980      35.761476          4.079335   42.926263
Round 62      9.317809     8.546764    10.796994     9.527607    17.119603     5.408963    20.754950     3.342897    11.973167     5.045317  0.386279      38.778590          3.841177   45.629937
Round 63      9.325950     8.739985     7.797142    15.138378    19.636909     6.266891    21.972074     5.477753     9.631211     6.324343  0.345601      42.499817          2.499103   47.586217
Round 64      9.179444     8.325575     7.845752    15.670509    19.259643     8.334711    21.609339     4.576961    13.562937     6.584623  0.344794      39.763965          4.238648   46.974603
Round 65      9.508461     5.571067    14.194720    15.776754    19.294939     4.699726    21.519649     5.439226    13.547886     6.535657  0.352140      36.263952          4.012233   43.273097
Round 66      9.682164     7.973056    14.265724    12.988542    13.097515     8.722260    16.028009     5.677203    12.387066     6.907914  0.400476      37.345840          4.425312   44.939996
Round 67      6.088757     8.322368    12.591078    15.376775    16.792622     8.125895    16.009462     5.914374    13.897456     6.667179  0.380976      37.333834          4.169079   44.504440
Round 68      5.751971     8.263696    14.285526    13.045099    16.330164     8.213324    20.667899     5.065721    12.778413     6.718285  0.379209      39.113736          3.197868   45.362688
Round 69      8.918602     4.791574    14.432202    11.917163    19.135497     8.339827    19.147120     5.291610    13.558870     6.303503  0.399728      40.554917          3.157326   46.403656
Round 70      9.545539     8.757346    13.982000    12.529131    18.206234     7.971516    21.373525     3.335133    13.342306     6.197845  0.442994      37.478616          4.163758   44.822699
Round 71      7.915309     8.612272    11.355893    10.643998    16.308833     8.262705    20.159020     3.404939    12.933651     7.020887  0.363089      34.496096          4.464901   42.017269
Round 72      9.363826     7.069782    11.954854    16.003947    14.835397     8.142705    16.433995     5.691753    13.855951     6.942073  0.448621      37.323727          4.155429   44.609993
Round 73      5.947234     7.951084    13.224666    15.740142    13.622204     4.880563    21.456341     5.206359    13.257285     6.960007  0.403303      38.014526          3.975532   45.124529
Round 74      9.187502     8.887535    10.264176    16.025287    19.467749     8.288962    21.416694     4.371693     8.539534     6.709381  0.397117      41.316176          2.436630   46.583014
Round 75      9.231955     8.187564     7.793371    15.759820    18.711108     7.506517    21.695237     5.714784    13.846281     6.896862  0.355038      39.124151          4.605304   46.645583
Round 76      9.647168     9.028863    10.011357    15.964912    14.885899     8.196106    22.257908     5.693882    13.454176     7.446510  0.387200      36.222292          4.538520   43.794580
Round 77      7.163177     7.622922    14.654176    13.722872    19.538395     5.469308    15.103359     4.192313    11.391993     3.927880  0.371799      38.444294          4.477870   46.061550
Round 78      9.430370     8.627256     9.516926    14.807851    15.665371     8.131269    17.285076     3.510681    13.359344     6.836842  0.353457      37.955882          4.261895   45.329046
Round 79      9.204549     9.362257    13.782920    16.265044    13.605465     7.979734    22.089992     5.914804     8.416332     4.840860  0.360407      38.937002          2.861611   44.459646
Round 80      9.506579     8.989809    14.155359    15.606793    20.126382     8.585261    13.340601     4.562242    13.207871     6.396826  0.350183      41.133708          3.193795   47.018594
Round 81      9.046557     8.674113    14.397123    13.349979    18.481199     7.748493    22.407689     3.269244    13.690296     7.113821  0.432822      38.520960          4.206840   45.981023
Round 82      9.254149     8.196150    14.362695    12.259120    20.428290     7.215255    20.917873     5.730196     8.819583     7.222168  0.353485      38.142761          4.351263   45.632831
Round 83      7.911523     8.440374    13.994671    12.098681    18.732023     5.894948    14.875266     5.764588    13.319119     4.252985  0.353551      38.221023          4.309611   45.697906
Round 84      8.676224     9.050173    10.507040    12.399465    13.635053     7.668822    21.935838     5.355448     8.493507     6.936458  0.381998      40.860816          2.850186   46.818362
Round 85      4.436453     6.666308    14.282977    16.300572    19.439725     8.511379    20.018624     5.435143    13.515642     6.808108  0.383232      40.647216          3.289975   46.759437
Round 86      9.228233     8.175909    14.399035    15.612474    14.938003     8.610722    21.472391     5.258832    10.927203     4.180276  0.372085      36.265963          4.419593   43.766704
Round 87      5.445518     6.386584    14.741353    13.832606    14.561341     7.551228    17.227623     5.205882    13.864047     6.216944  0.393329      36.186584          4.299468   43.686900
Round 88      6.207971     9.181054    14.373138    12.409826    15.954086     7.538691    14.487315     5.387852    12.884428     6.458378  0.366531      40.455917          2.611427   45.704525
Round 89      8.808719     8.911361    14.699130    15.769716    19.674449     7.589552    21.922630     5.538081     8.110395     6.655176  0.378562      39.830345          4.360701   46.926315
Round 90      5.877198     9.010050    12.252663    15.553561    19.969657     7.909848    21.510879     4.991068     8.089882     7.235337  0.392270      36.632782          4.364619   44.177229
Round 91      8.442672     8.169803     8.974719    12.110841    20.295329     8.311078    20.460418     5.453064    11.063985     6.695675  0.411100      36.983880          4.302830   44.323478
Round 92      9.138230     7.391166    10.465893    12.731398    15.583234     7.673572    15.710072     5.593895    13.020304     6.895334  0.379601      39.763965          3.883410   46.790997
Round 93      7.591097     6.788488    13.870049    15.933807    16.267154     8.407627    22.429078     3.254686     9.115546     7.043403  0.402863      40.064206          2.647307   45.496852
Round 94      9.442210     8.384877    14.244379    15.748782    19.122082     8.409642    16.288514     5.912836    13.892968     6.680223  0.346705      41.310860          3.205803   47.082948
Round 95      9.566693     8.552296    14.145089    15.398689    19.883914     7.939927    20.173225     3.586812    13.348782     6.738049  0.367654      38.726999          4.114676   46.024520
Round 96      9.577834     8.620433     9.841870    11.661170    16.850274     5.697614    21.987277     5.188642    11.975849     7.208971  0.377322      36.712439          4.424792   44.278508
Round 97      9.177540     7.363903     9.706759    15.269734    18.586892     8.442081    17.140657     5.415848    11.165999     6.955237  0.417126      37.185861          4.255472   44.631549
Round 98      9.341177     8.435484    11.657144    12.976151    19.890998     8.334081    22.419277     5.348367     9.074340     5.663329  0.492436      40.013739          3.602277   46.826321
Round 99      9.079886     8.909945    14.434214    15.092127    19.262377     8.323165    13.451426     5.393637    12.364686     6.709709  0.344762      42.567017          2.689797   47.954219
Round 100     8.949615     7.226810    14.467532    15.757722    19.496265     8.532621    16.358746     5.925163    13.580041     6.688585  0.355742      40.444086          4.273315   47.637015
Round 101     9.435750     8.312150    11.867526    11.039182    14.030278     8.123937    22.407120     5.482257    13.842985     6.372257  0.356751      38.240331          4.443678   45.857610
Round 102     7.485822     8.265438    13.694677    11.626608    17.170375     8.012567    15.527632     6.028087    13.736963     4.403827  0.355906      37.772838          4.416070   45.110526
Round 103     8.401181     8.893673    12.278224    12.928994    18.803540     8.216207    14.852105     3.377795    11.017998     7.104146  0.352446      38.287640          4.446030   45.964438
Round 104     8.590308     6.243719    14.555313    14.179274    20.370970     5.204988    21.319950     5.292243     8.742709     4.337036  0.442639      40.748456          2.645852   46.406672
Round 105     8.921560     8.679142    14.122751    15.485505    17.490013     5.960617    21.758443     5.622375    13.052068     6.938423  0.392613      39.676699          4.152087   47.002399
Round 106     5.655258     8.554053    13.731967    12.339056    20.073055     5.974107    22.247391     3.269335    12.026955     7.181140  0.341742      38.511924          4.333283   45.802768
Round 107     6.045880     6.044282    10.274323    11.537361    19.231972     8.734280    16.983799     5.703042    13.633901     6.822256  0.364688      27.964797          2.339963   32.655784
Round 108     4.383449     4.390403     7.122816     8.621380    11.525694     4.480234    11.569355     2.707448     7.340131     3.922981  0.390702      23.951777          2.463380   28.809396
Round 109     4.667322     3.878105     7.072518     6.692719    11.010583     4.801605    11.722514     2.242035     7.353969     3.455906  0.334302      24.082547          2.430676   28.885451
Round 110     4.642673     4.349219     7.640491     7.630263     9.878658     4.001384    11.489841     2.883375     7.012071     3.215442  0.356176      24.015425          2.446463   28.817487
Round 111     4.917980     4.417998     7.213798     7.561965     9.925926     4.542233    11.554992     2.776633     6.550047     3.847311  0.338390      23.852099          2.469025   28.677772
Round 112     4.591470     4.601377     7.799284     8.330070     9.818883     3.711439    11.241238     2.687334     7.426607     3.020225  0.355594      23.816117          2.362511   28.783513
Round 113     4.765501     4.246920     6.546970     8.597156    12.121539     4.166485    11.496093     2.741668     4.921975     3.437188  0.339628      23.828553          2.359008   28.516310
Round 114     5.172349     4.060354     6.926013     8.475822    11.264416     4.400946    11.768488     3.035248     7.091811     3.560951  0.338766      23.879478          2.432388   28.634453
Round 115     4.289055     4.073356     7.628971     8.616381    10.350128     3.965109    11.275878     3.287117     6.041548     3.547031  0.346915      23.798227          2.348693   28.451019
Round 116     4.406264     4.319252     7.312940     8.888567    11.329069     3.683559    10.974502     3.236408     5.970727     3.549631  0.333275      23.877798          2.367760   28.656045
Round 117     4.388630     4.368778     6.996924     8.196754    10.679233     3.857481    11.674400     2.394978     6.740761     3.566558  0.339041      23.876914          2.352015   28.659362
Round 118     4.720361     4.502769     7.320816     8.006366     9.959326     4.828516    11.005338     2.926610     7.281865     3.053117  0.341490      23.853666          2.374915   28.670317
Round 119     5.059367     4.719557     6.735450     7.694694    10.752491     4.749749    11.774760     2.716489     6.823306     3.656923  0.339787      23.853944          2.377439   28.615614
Round 120     4.357923     4.204545     7.472762     8.569261    10.432817     4.687270    10.488683     2.602089     7.288218     2.995580  0.355347      23.625688          2.467633   28.500929
Round 121     5.237858     4.315290     7.536911     8.022569     7.569982     3.727436    11.794708     2.505012     6.385636     3.207034  0.340024      23.878829          2.357990   28.657831
Round 122     4.798899     5.010247     6.981147     9.401624    11.343276     4.196164     8.860182     2.514214     7.229658     3.436382  0.335844      23.821309          2.346551   28.489353
Round 123     4.685480     4.908281     8.050003     7.716437    10.049198     3.818909    11.630471     2.934336     6.879749     3.265866  0.339460      23.822602          2.375631   28.700851
Round 124     4.872656     4.770874     8.118150     8.304662    10.828321     4.397876    10.637242     2.869606     6.877180     3.042303  0.341233      23.832461          2.361059   28.501196
Round 125     3.544894     4.103525     8.212484     8.808358    10.210388     4.201507    11.163527     3.029100     7.156116     3.499708  0.349443      23.946376          2.426051   28.765971
Round 126     4.238870     4.027849     5.799400     8.950429     9.718377     3.915168    10.849920     2.831840     6.534514     3.209734  0.338594      24.074177          2.412898   28.834237
Round 127     4.409907     4.605560     7.910580     8.067988    10.382297     3.759958    11.723263     2.765628     6.665732     3.029985  0.337897      23.817823          2.382719   28.621908
Round 128     5.077342     4.820014     7.797581     8.995493     9.703484     4.108995    10.810265     1.854145     6.628201     3.034660  0.339250      23.866363          2.359301   28.533965
Round 129     5.214830     4.032198     6.969452     8.608178     9.637979     3.964293    11.221755     2.556994     7.106259     3.992429  0.333892      23.809511          2.391889   28.603751
Round 130     4.884507     4.618325     7.366542     7.355484    11.145772     4.754979    11.506141     3.284246     6.499291     3.898890  0.357420      23.933573          2.361841   28.623178
Round 131     4.215183     4.315283     7.217510     8.751122    11.012878     4.056122     8.292671     3.020233     6.934999     3.715541  0.335833      23.898987          2.391598   28.621606
Round 132     4.453370     4.777769     7.937904     8.682909     9.993003     4.307462    11.946938     2.744663     6.915842     4.091134  0.333868      23.675371          2.339448   28.330691
Round 133     4.987410     4.412699     7.600754     8.583649     9.610148     4.309935    11.023336     3.039646     7.112898     3.894544  0.338510      23.894770          2.378978   28.728258
Round 134     4.033223     4.094323     7.398170     8.795946     9.940768     2.885005    11.040637     2.770457     7.072951     3.765478  0.336753      23.943718          2.583689   29.035913
Round 135     4.754386     4.406528     6.761306     8.891703    10.320828     4.670327    11.528925     2.819048     7.501732     3.166350  0.336638      23.966449          2.357293   28.628860
Round 136     4.885984     4.091258     8.044421     8.130575    10.368220     2.962431    11.818065     2.995579     6.285303     3.310950  0.347137      23.795001          2.470902   28.789274
Round 137     4.341727     4.393658     7.544514     7.386383    11.471163     4.043684    12.163743     2.971995     5.392788     3.835693  0.339611      23.832095          2.373511   28.532335
Round 138     4.482317     4.232426     8.252710     7.910933    10.017924     4.201193    11.309388     2.552784     6.817062     3.260450  0.338768      23.869937          2.380910   28.582566
Round 139     5.190297     4.851109     7.499669     8.462100     9.462876     3.625532    11.435077     2.965620     6.714892     3.588419  0.338277      23.758182          2.352564   28.454695
Round 140     4.507362     4.495410     8.169681     8.561203     8.986377     4.861619    11.030088     2.692967     6.168420     3.749830  0.333392      23.716083          2.458341   28.469533
Round 141     3.967101     3.915196     7.382055     9.022294     9.671124     3.757541     9.762347     3.136800     7.870238     3.056958  0.339825      23.948459          2.379631   28.750942
Round 142     4.495476     4.468364     7.266694     6.400514    11.398819     4.763909    11.672418     2.657148     6.459006     3.763144  0.341321      23.861632          2.370026   28.526014
Round 143     4.690476     4.788874     7.582360     7.313485    10.212839     4.929760    11.328468     3.068447     6.139655     3.672666  0.338382      24.166681          2.349052   28.867736
Round 144     5.064685     3.397493     7.096622     7.666169    10.367515     4.744985    12.416295     2.454010     6.496438     3.840858  0.341061      23.847552          2.342355   28.498712
Round 145     4.402071     4.923077     6.996796     8.261114     9.939489     3.917764    12.575359     2.379378     6.987215     3.688601  0.333204      23.802142          2.417416   28.619989
Round 146     5.020565     4.876293     6.660874     9.146158    10.350001     4.610558    11.589417     2.741265     7.151167     3.429252  0.335397      24.168470          2.339836   28.801878
Round 147     4.748217     5.247146     7.078884     8.478773    11.200540     3.886348    10.928643     2.816515     5.951643     3.306360  0.340671      24.023713          2.349849   28.676448
Round 148     4.714015     4.511935     8.397353     9.511565    10.569582     3.812564     8.424672     3.134983     6.442499     3.287559  0.336533      23.920561          2.361105   28.655861
Round 149     4.432827     4.403067     6.805768     8.937511    10.525415     4.676325    10.914089     2.970215     6.770040     3.687978  0.349341      23.580853          2.496022   28.389390
Round 150     4.522542     4.635611     7.233430     8.923680     8.843354     4.239888    11.041797     2.816968     6.816792     3.413921  0.342650      23.865441          2.420359   28.688281
Round 151     5.145941     4.506082     6.791388     5.421781    10.971459     4.220281    11.372767     2.491766     7.339194     2.992353  0.361514      23.920585          2.375593   28.619850
Round 152     5.281995     4.213550     7.633393     7.267471    10.134665     3.846540    11.740807     2.999207     6.648013     3.423444  0.347453      23.991772          2.422878   28.817652
Round 153     4.633566     4.165260     8.194681     8.103669    11.017795     4.167142    12.184915     2.740690     6.790371     3.117542  0.339347      24.185379          2.436461   28.967439
Round 154     4.680698     5.016252     7.840528     7.673660    10.421788     4.287410    11.398345     3.347881     7.144573     3.313395  0.336052      24.000109          2.417733   28.734697
Round 155     4.927528     4.492682     7.773541     8.237788     9.538948     4.248102    10.807148     2.660628     6.738481     3.882778  0.338732      23.942310          2.378448   28.628745
Round 156     4.076874     4.443254     7.027957     8.776092     9.158133     4.023193    12.268772     3.063475     6.645277     3.524534  0.340413      23.980446          2.418481   28.728274
Round 157     4.868767     5.278111     7.039824     7.913406     9.928869     4.004467    11.524395     2.844978     5.598377     3.097759  0.359092      23.633278          2.410862   28.630542
Round 158     3.907768     4.152289     7.300102     7.799038     9.958529     4.410152    10.961035     2.667854     7.444787     3.215807  0.336987      24.112185          2.387980   28.777709
Round 159     5.091957     4.253720     7.142836     7.984053    10.090230     4.342998    10.614561     2.914101     6.906764     3.651711  0.338020      23.799942          2.367866   28.493499
Round 160     4.421938     4.397864     8.244378     8.389163    10.432741     3.993045    10.455512     2.067269     7.055340     3.342395  0.363116      23.690510          2.437019   28.694305
Round 161     5.447246     4.297171     8.111663     7.757360    10.726429     3.660626    11.495783     2.592889     7.016256     2.910146  0.353598      23.887924          2.428311   28.659601
Round 162     4.643850     4.072346     5.774572     8.273903    10.825620     4.084560    11.377635     3.331556     7.392573     2.962009  0.335507      24.085643          2.461874   28.885983
Round 163     4.425986     4.456726     7.259750     7.183180     9.817959     4.892352    12.248309     3.171892     5.559464     2.758388  0.334378      23.937202          2.462811   28.802263
Round 164     3.911044     4.011546     8.500844     7.102543     9.366059     4.374152    11.333338     3.263864     6.294107     3.383355  0.334236      23.949690          2.344328   28.650480
Round 165     5.013215     4.742185     8.031779     8.038587    10.817297     4.187725    11.373487     2.604276     6.963708     3.374093  0.333519      23.726956          2.374480   28.552834
Round 166     4.452560     4.477035     7.612328     8.013781    10.366570     4.330209     9.861194     2.748579     6.864806     3.742699  0.342194      24.065326          2.383592   28.860244
Round 167     4.669027     4.643243     7.934449     7.130312    10.531648     4.062531    12.227717     2.837005     6.662763     3.522366  0.360039      24.059255          2.382045   29.016798
Round 168     3.920025     4.808768     7.494596     7.758631     9.928130     3.777212    12.576162     3.105125     6.857347     3.777167  0.336868      23.801860          2.370778   28.471639
Round 169     3.956206     3.875210     7.186121     8.349613    10.800076     3.909769    11.608521     2.552638     6.326192     3.514412  0.337768      23.937033          2.415043   28.772556
Round 170     3.728648     4.215221     7.830171     8.458920    10.838601     4.225256    11.716226     2.724067     6.951390     3.668690  0.353340      24.108691          2.348793   28.762706
Round 171     4.358690     4.481105     6.576256     9.424971    10.765378     3.865761    12.035306     2.381309     7.265007     3.224195  0.337048      24.047454          2.374052   28.793602
Round 172     5.067891     5.198125     6.259122     8.993009     9.507648     4.044807    11.392871     2.395000     7.028072     3.093853  0.352735      24.032431          2.396677   29.032909
Round 173     4.629949     4.594705     7.511905     8.747083    10.269829     4.157674    11.839215     2.519079     6.163949     3.551267  0.337820      23.974071          2.462126   28.925920
Round 174     4.567221     4.259770     7.304956     8.268064    10.611938     4.563904    11.601773     2.810131     7.551349     3.434533  0.332447      23.888882          2.326603   28.528483
Round 175     4.921343     3.892858     7.517537     8.288480    10.251734     3.807383    11.177451     2.674765     7.060559     3.776363  0.356333      23.804908          2.439226   28.651206
Round 176     4.599437     4.224406     7.490492     7.893336     9.040349     3.642883    11.953749     3.069427     7.784847     3.422228  0.335014      23.848708          2.471961   28.684692
Round 177     4.679564     4.389661     7.833832     7.575719     9.441572     4.210367    11.663417     2.529866     7.646816     3.249510  0.336684      23.916098          2.343909   28.598829
Round 178     4.728841     4.125564     6.649529     7.916903    10.558941     4.609684    11.385703     2.922776     7.335316     3.614374  0.337663      23.958259          2.354805   28.683048
Round 179     5.468412     3.786533     7.611976     8.762651    10.395479     4.654446    11.618609     2.616326     6.770977     3.118166  0.336424      24.276034          2.358904   29.015290
Round 180     4.719868     4.365584     7.115365     8.491790    10.029136     4.841754    11.696592     2.830113     7.236192     3.719109  0.337862      24.009163          2.374379   28.684895
Round 181     4.590493     4.275164     7.697530     7.791840    11.462567     4.081517    10.681475     2.596683     6.346906     3.195477  0.337597      24.066689          2.366883   28.739044
Round 182     4.865323     3.648660     7.295719     8.414824    10.066804     4.562301    11.350544     3.092379     7.040513     3.149343  0.336936      23.913014          2.402586   28.632507
Round 183     5.023350     4.612125     7.384655     8.886820    10.543282     4.381736    11.707184     2.900884     4.949237     3.154437  0.369608      24.072675          2.341045   28.744579
Round 184     4.414789     4.361587     6.530676     8.963061    10.886729     4.512476    12.665519     3.227265     6.724087     4.181210  0.336242      23.816679          2.366972   28.570417
Round 185     4.893964     4.232308     6.599652     7.655317    11.171951     3.568446    11.951980     2.451386     6.013186     3.269472  0.334516      23.796948          2.411325   28.493189
Round 186     4.605651     4.204145     5.754884     9.179073     9.391593     4.172005    11.976898     3.430178     7.096578     3.148009  0.360134      23.891298          2.508088   28.836362
Round 187     4.707763     4.275651     7.247546     8.328141    10.503785     4.182160    12.314184     2.732625     6.980598     3.418056  0.336848      23.838658          2.474507   28.750613
Round 188     4.654432     4.854840     7.991976     8.325738     9.981328     4.440301    10.097941     2.402424     7.862838     3.317046  0.360442      23.874948          2.422611   28.819020
Round 189     5.051576     4.422865     7.776874     8.241953    10.069901     4.116789    11.623443     3.017776     6.519711     3.149939  0.336583      23.850861          2.349750   28.505150
Round 190     4.364345     4.541698     7.266615     8.326562     9.489830     4.529183    12.339513     2.358728     7.219773     2.844848  0.335434      23.970327          2.384471   28.761983
Round 191     4.261248     4.322408     8.122458     8.227123    10.326011     3.003539    11.561893     2.870978     6.864909     4.017892  0.339484      24.048499          2.395546   28.777674
Round 192     4.018115     4.861913     7.125286     8.112677    11.283134     4.042413    10.387936     3.179115     6.386190     3.190444  0.333442      23.979220          2.393003   28.714939
Round 193     4.312981     3.856376     7.804782     7.678568    10.144217     4.361821    11.779118     2.911396     7.387237     3.319046  0.331837      23.969980          2.329945   28.580747
Round 194     4.614617     3.781398     7.553282     8.913754    10.511301     3.977246    12.509047     2.999823     6.587980     3.661824  0.334935      23.792089          2.420100   28.584071
Round 195     4.670316     4.386283     7.474303     8.853264    10.861175     4.796106    10.921068     2.858489     7.525648     3.677026  0.348392      23.820076          2.455538   28.584938
Round 196     4.098058     4.588092     7.769642     9.052984     9.719980     3.900278    11.098969     2.816630     7.136522     3.488155  0.334219      23.873508          2.379714   28.541306
Round 197     4.704138     4.438230     8.198012     9.312288    10.937876     4.247014     9.975573     2.455329     6.307942     3.242269  0.336907      23.775494          2.425250   28.494370
Round 198     5.536101     4.628164     7.578609     8.340115     9.531137     4.445889    11.508253     2.792389     7.190252     3.317358  0.334341      23.912050          2.372009   28.844994
Round 199     5.287596     3.911885     6.577040     7.803329     9.183127     4.877333    11.074661     2.947953     6.555061     4.017652  0.342016      23.986394          2.404355   28.754309
Round 200     4.838263     4.753480     7.298669     7.908620    10.114417     3.525648    11.890416     2.867960     6.738625     3.295175  0.333073      23.763751          2.394577   28.479250

총 시뮬레이션 시간: 7509.46초

================================================================================
 시뮬레이션 파라미터
================================================================================
NUM_CLIENTS: 10
NUM_ROUNDS: 200
LOCAL_EPOCHS: 2
DIRICHLET_ALPHA: 0.5
MIN_SAMPLES_PER_CLASS: 50
RANDOM_SEED: 42
NUM_COMMITTEE_MEMBERS: 3
EWMA_BETA: 0.5
CONTRIBUTION_SCALING_FACTOR: 1.5
NUM_NOISE_ATTACKERS: 0
NUM_DATAF_ATTACKERS: 3
DATAF_POISON_LEVEL: 3
COMMITTEE_EVAL_SKIPPED: False
