================================================================================
 데이터 분할 현황
================================================================================
   Client  Num Samples  Class 0  Class 1  Class 2  Class 3  Class 4  Class 5  Class 6  Class 7  Class 8  Class 9
0       0         3702       58      935      667      157      347      361      274      419       62      422
1       1         3398      448       50      234      881      317      490       55      511      353       59
2       2         5798     1210       52      482      541      642      212       75      202     2246      136
3       3         6461      180     1750       51       76      494     1025      617     1516      107      645
4       4         8058      744      382      762      208     2092      869     2355      286      284       76
5       5         3282      124      248      877      200       61      334      347      384      362      345
6       6         9048      101      236     1210     1697       63      201      966     1367     1102     2105
7       7         2138       50      269      259      153       91      513       50      180      339      234
8       8         5453     1898      868      402      522      146      800      143       50       86      538
9       9         2662      187      210       56      565      747      195      118       85       59      440

================================================================================
 라운드별 글로벌 모델 정확도
================================================================================
       Overall_Accuracy  Poisoned_Acc([1,5,8])
Round                                         
1                0.1337                 0.0000
2                0.3756                 0.1343
3                0.5738                 0.4157
4                0.6272                 0.5237
5                0.6500                 0.5083
6                0.6910                 0.5830
7                0.7103                 0.6133
8                0.7274                 0.6463
9                0.7319                 0.6550
10               0.7514                 0.7057
11               0.7423                 0.6667
12               0.7445                 0.6497
13               0.7528                 0.6930
14               0.7547                 0.6943
15               0.7571                 0.7070
16               0.7653                 0.7180
17               0.7525                 0.6763
18               0.7637                 0.7357
19               0.7665                 0.7287
20               0.7643                 0.7073
21               0.7625                 0.7037
22               0.7676                 0.7363
23               0.7635                 0.7067
24               0.7643                 0.7173
25               0.7613                 0.7300
26               0.7645                 0.7147
27               0.7616                 0.7040
28               0.7596                 0.7177
29               0.7636                 0.7340
30               0.7635                 0.7327
31               0.7614                 0.7080
32               0.7620                 0.7093
33               0.7581                 0.7307
34               0.7579                 0.7060
35               0.7573                 0.7097
36               0.7523                 0.6900
37               0.7615                 0.7090
38               0.7600                 0.7043
39               0.7616                 0.7073
40               0.7597                 0.7100
41               0.7557                 0.7053
42               0.7535                 0.6930
43               0.7561                 0.7097
44               0.7534                 0.7070
45               0.7618                 0.7367
46               0.7484                 0.6600
47               0.7521                 0.6910
48               0.7527                 0.6900
49               0.7604                 0.7117
50               0.7554                 0.7023
51               0.7508                 0.6937
52               0.7547                 0.6953
53               0.7563                 0.7007
54               0.7497                 0.6697
55               0.7576                 0.7050
56               0.7541                 0.6880
57               0.7476                 0.6720
58               0.7553                 0.7070
59               0.7601                 0.6967
60               0.7496                 0.6680
61               0.7585                 0.7090
62               0.7489                 0.6807
63               0.7645                 0.7353
64               0.7444                 0.6590
65               0.7606                 0.7250
66               0.7488                 0.6837
67               0.7657                 0.7370
68               0.7490                 0.6773
69               0.7608                 0.7210
70               0.7519                 0.6853
71               0.7599                 0.7317
72               0.7547                 0.6960
73               0.7534                 0.6963
74               0.7492                 0.6860
75               0.7496                 0.6887
76               0.7484                 0.6883
77               0.7484                 0.6813
78               0.7529                 0.7020
79               0.7522                 0.7020
80               0.7527                 0.7007
81               0.7519                 0.6860
82               0.7445                 0.6567
83               0.7525                 0.6910
84               0.7546                 0.7003
85               0.7520                 0.6943
86               0.7569                 0.7150
87               0.7472                 0.6750
88               0.7548                 0.7067
89               0.7428                 0.6647
90               0.7528                 0.7077
91               0.7431                 0.6710
92               0.7579                 0.7250
93               0.7377                 0.6403
94               0.7566                 0.7147
95               0.7422                 0.6690
96               0.7522                 0.6957
97               0.7491                 0.6783
98               0.7558                 0.7003
99               0.7526                 0.6937
100              0.7579                 0.7063

================================================================================
 라운드별 모델 합성 가중치
================================================================================
           client_0_weight  client_1_weight  client_2_weight  client_3_weight  client_4_weight  client_5_weight  client_6_weight  client_7_weight  client_8_weight  client_9_weight
Round 1           0.121020         0.085663         0.084693         0.165609         0.121027         0.140521         0.150715         0.008447         0.049588         0.072717
Round 2           0.111138         0.088670         0.097794         0.148660         0.124364         0.136002         0.140035         0.022743         0.054817         0.075776
Round 3           0.112876         0.100989         0.097437         0.134978         0.135256         0.114684         0.134808         0.034477         0.060990         0.073504
Round 4           0.118846         0.103892         0.095937         0.135560         0.113046         0.109484         0.134480         0.048546         0.062010         0.078200
Round 5           0.115337         0.108975         0.098147         0.132626         0.118314         0.106300         0.127929         0.050977         0.066956         0.074440
Round 6           0.118083         0.117418         0.095999         0.126268         0.117620         0.113126         0.124348         0.054389         0.060534         0.072216
Round 7           0.122392         0.117425         0.092069         0.124463         0.121133         0.117067         0.116756         0.053861         0.064340         0.070495
Round 8           0.118284         0.116835         0.098196         0.125074         0.121346         0.117833         0.117808         0.053180         0.062377         0.069065
Round 9           0.118926         0.118243         0.103342         0.124105         0.118904         0.117482         0.114876         0.054158         0.060649         0.069316
Round 10          0.118375         0.119024         0.105117         0.121283         0.118409         0.119298         0.115260         0.055957         0.058370         0.068906
Round 11          0.122700         0.115372         0.109498         0.123394         0.118295         0.111398         0.113730         0.055410         0.062702         0.067502
Round 12          0.124367         0.115296         0.110926         0.124288         0.116071         0.112573         0.114354         0.054648         0.061279         0.066198
Round 13          0.126082         0.114206         0.111427         0.119709         0.117889         0.116365         0.112751         0.053310         0.063457         0.064804
Round 14          0.125208         0.115996         0.114103         0.115565         0.117552         0.119151         0.110945         0.054718         0.062460         0.064302
Round 15          0.126206         0.118282         0.114775         0.115411         0.116648         0.121154         0.110333         0.053632         0.059808         0.063751
Round 16          0.128371         0.116162         0.115535         0.117037         0.114724         0.123143         0.106319         0.053902         0.060873         0.063934
Round 17          0.129546         0.116169         0.115415         0.118381         0.116278         0.125784         0.105356         0.051588         0.061289         0.060194
Round 18          0.130960         0.119919         0.112505         0.119186         0.115703         0.126497         0.106089         0.050003         0.061589         0.057550
Round 19          0.131549         0.120029         0.112214         0.118755         0.113067         0.128275         0.106408         0.048541         0.061588         0.059576
Round 20          0.129868         0.120804         0.113479         0.118395         0.115639         0.128684         0.105264         0.048825         0.059736         0.059306
Round 21          0.129195         0.118635         0.117055         0.118770         0.113697         0.129219         0.107876         0.049301         0.058296         0.057957
Round 22          0.129767         0.115672         0.114974         0.119731         0.115077         0.128956         0.107990         0.050598         0.057285         0.059950
Round 23          0.129523         0.118995         0.113560         0.120938         0.116090         0.128877         0.106315         0.049446         0.056055         0.060202
Round 24          0.128054         0.120731         0.113356         0.120834         0.117233         0.127923         0.107429         0.047489         0.055149         0.061800
Round 25          0.129438         0.117950         0.114661         0.120242         0.117841         0.128792         0.106442         0.048125         0.054935         0.061574
Round 26          0.129155         0.119993         0.115099         0.118641         0.116000         0.128840         0.108048         0.050202         0.051606         0.062417
Round 27          0.129865         0.111843         0.116629         0.119598         0.118649         0.129377         0.110008         0.048753         0.051118         0.064161
Round 28          0.130005         0.108658         0.117524         0.116754         0.118211         0.129784         0.112004         0.049428         0.052078         0.065553
Round 29          0.129394         0.112667         0.114653         0.116446         0.117991         0.128631         0.112346         0.050441         0.050644         0.066786
Round 30          0.129755         0.117543         0.116442         0.118157         0.113973         0.128106         0.113516         0.045946         0.050626         0.065937
Round 31          0.128403         0.117625         0.117000         0.118008         0.115645         0.127385         0.113862         0.045443         0.049559         0.067071
Round 32          0.130224         0.107403         0.119132         0.119543         0.118480         0.128624         0.108678         0.048509         0.049348         0.070059
Round 33          0.130433         0.109198         0.120397         0.117449         0.116475         0.128298         0.111111         0.046126         0.049953         0.070559
Round 34          0.130009         0.115064         0.115200         0.117263         0.117990         0.128845         0.112985         0.046282         0.050274         0.066088
Round 35          0.128328         0.113517         0.115450         0.117694         0.119125         0.128008         0.112993         0.046872         0.051286         0.066727
Round 36          0.129842         0.119315         0.102998         0.120074         0.122487         0.129973         0.104254         0.048971         0.053711         0.068374
Round 37          0.128428         0.121161         0.106296         0.118294         0.121645         0.128293         0.106413         0.049561         0.052111         0.067797
Round 38          0.127412         0.121788         0.108375         0.118187         0.119205         0.126981         0.107507         0.051083         0.052405         0.067057
Round 39          0.127849         0.123644         0.107443         0.119180         0.112831         0.126900         0.108739         0.051678         0.052639         0.069098
Round 40          0.126231         0.123964         0.109173         0.117848         0.113977         0.125849         0.109148         0.052311         0.053128         0.068371
Round 41          0.125906         0.122190         0.108871         0.118045         0.115847         0.125879         0.110260         0.052005         0.050779         0.070220
Round 42          0.125474         0.123588         0.110816         0.117718         0.117064         0.126217         0.111730         0.050932         0.050542         0.065918
Round 43          0.124831         0.123511         0.111747         0.115273         0.117634         0.125560         0.111232         0.051585         0.051954         0.066675
Round 44          0.123553         0.124028         0.112651         0.115515         0.118056         0.124319         0.110990         0.048994         0.053836         0.068058
Round 45          0.123978         0.114510         0.114059         0.116117         0.118819         0.124211         0.111391         0.050828         0.056072         0.070014
Round 46          0.124848         0.108726         0.116438         0.117812         0.119706         0.125599         0.112191         0.050647         0.053472         0.070559
Round 47          0.124434         0.113683         0.115973         0.117650         0.117414         0.125772         0.112421         0.050112         0.051292         0.071248
Round 48          0.123880         0.116712         0.116627         0.117192         0.117558         0.124996         0.111508         0.050285         0.051819         0.069423
Round 49          0.123481         0.119324         0.115078         0.117414         0.116419         0.125176         0.111182         0.049899         0.054970         0.067057
Round 50          0.122556         0.120472         0.115194         0.116288         0.116239         0.123122         0.110723         0.050582         0.056159         0.068666
Round 51          0.122816         0.121429         0.115905         0.116937         0.115623         0.123394         0.110867         0.045822         0.057552         0.069654
Round 52          0.120329         0.121994         0.115413         0.115626         0.116264         0.123139         0.110359         0.047270         0.058457         0.071149
Round 53          0.119894         0.121957         0.114723         0.115327         0.116201         0.122824         0.110480         0.048449         0.059100         0.071045
Round 54          0.120117         0.122382         0.115592         0.115642         0.116875         0.122717         0.110881         0.049693         0.060007         0.066093
Round 55          0.119517         0.122354         0.114982         0.115367         0.116133         0.122237         0.110166         0.050368         0.060223         0.068653
Round 56          0.119446         0.120112         0.115028         0.114439         0.116226         0.121629         0.110505         0.050875         0.061341         0.070399
Round 57          0.119416         0.119967         0.113805         0.114630         0.115453         0.121315         0.110571         0.051417         0.061760         0.071666
Round 58          0.119099         0.120463         0.111786         0.114027         0.116492         0.121235         0.109938         0.051265         0.061498         0.074196
Round 59          0.119961         0.121632         0.112787         0.114579         0.109871         0.122469         0.109901         0.051861         0.062801         0.074138
Round 60          0.120877         0.123259         0.101547         0.115137         0.112384         0.123565         0.110432         0.053286         0.062435         0.077076
Round 61          0.120024         0.122194         0.104408         0.114875         0.113339         0.122224         0.110079         0.053552         0.061385         0.077920
Round 62          0.119926         0.121911         0.106672         0.113560         0.114504         0.120877         0.109827         0.053794         0.060325         0.078604
Round 63          0.120756         0.122605         0.101069         0.113885         0.114419         0.121401         0.109611         0.053520         0.061540         0.081195
Round 64          0.121657         0.116350         0.105322         0.115114         0.116097         0.121909         0.110455         0.051001         0.062100         0.079995
Round 65          0.120638         0.114704         0.107526         0.115117         0.116600         0.121603         0.110305         0.051560         0.060751         0.081197
Round 66          0.120137         0.116546         0.109793         0.115339         0.116248         0.121724         0.110135         0.049841         0.059664         0.080573
Round 67          0.121248         0.107744         0.107495         0.116405         0.118357         0.122959         0.111848         0.050623         0.061272         0.082049
Round 68          0.120687         0.110530         0.109469         0.115648         0.117935         0.122154         0.111548         0.050580         0.060965         0.080484
Round 69          0.120701         0.113369         0.104967         0.116190         0.118642         0.122453         0.111346         0.051564         0.061050         0.079718
Round 70          0.120104         0.114791         0.106342         0.115357         0.118067         0.121923         0.111239         0.051522         0.060545         0.080109
Round 71          0.119884         0.116166         0.106470         0.115202         0.117139         0.121785         0.111492         0.052065         0.060732         0.079065
Round 72          0.120358         0.117906         0.109548         0.116216         0.117169         0.122293         0.111221         0.052500         0.061004         0.071784
Round 73          0.120254         0.118696         0.109842         0.116809         0.117547         0.121791         0.110973         0.053088         0.062383         0.068617
Round 74          0.119681         0.118054         0.110879         0.115698         0.116236         0.121248         0.111155         0.052408         0.062857         0.071782
Round 75          0.119055         0.117934         0.111624         0.115449         0.116020         0.120377         0.109878         0.052570         0.062285         0.074809
Round 76          0.118585         0.117969         0.112282         0.115583         0.115516         0.119935         0.110134         0.052622         0.060682         0.076693
Round 77          0.117849         0.117861         0.112980         0.115127         0.115811         0.119107         0.110336         0.052615         0.060830         0.077485
Round 78          0.117247         0.117604         0.112598         0.114948         0.114267         0.118803         0.110695         0.052934         0.061638         0.079266
Round 79          0.116917         0.117363         0.112462         0.114802         0.114666         0.118287         0.110500         0.052256         0.062035         0.080714
Round 80          0.116781         0.117671         0.113039         0.114647         0.114769         0.118452         0.110949         0.052545         0.061117         0.080029
Round 81          0.117202         0.117818         0.112837         0.115132         0.113126         0.118497         0.110951         0.052452         0.060908         0.081077
Round 82          0.117038         0.117463         0.112896         0.114795         0.114093         0.118086         0.110786         0.052560         0.061321         0.080963
Round 83          0.116758         0.117030         0.112490         0.114479         0.114936         0.117208         0.110674         0.052522         0.062135         0.081768
Round 84          0.116262         0.116832         0.111463         0.114602         0.115344         0.116564         0.110760         0.052839         0.062685         0.082649
Round 85          0.116784         0.117110         0.112683         0.113888         0.115807         0.117161         0.110349         0.050441         0.063023         0.082754
Round 86          0.117258         0.117601         0.112899         0.114758         0.116573         0.117935         0.104873         0.052138         0.062721         0.083245
Round 87          0.117245         0.117340         0.113370         0.114345         0.116507         0.118261         0.106894         0.053177         0.061600         0.081261
Round 88          0.116937         0.116733         0.113185         0.114501         0.116208         0.117805         0.107497         0.053519         0.062152         0.081464
Round 89          0.116646         0.116711         0.113545         0.114519         0.116329         0.117611         0.108163         0.052207         0.062606         0.081663
Round 90          0.116452         0.116489         0.113133         0.114447         0.116294         0.117646         0.108854         0.051717         0.061937         0.083031
Round 91          0.118250         0.112534         0.114988         0.116239         0.118321         0.119516         0.110944         0.052440         0.061069         0.075698
Round 92          0.117752         0.113475         0.112831         0.115570         0.117777         0.118476         0.110774         0.052612         0.062441         0.078292
Round 93          0.118290         0.114999         0.112626         0.116023         0.118146         0.118876         0.111999         0.053102         0.062893         0.073046
Round 94          0.118070         0.114596         0.112163         0.115737         0.116307         0.118660         0.112161         0.053532         0.063019         0.075753
Round 95          0.117509         0.115142         0.112664         0.115525         0.115916         0.118313         0.111577         0.053095         0.062981         0.077278
Round 96          0.116754         0.115490         0.112427         0.113959         0.115026         0.118005         0.111139         0.052714         0.064051         0.080434
Round 97          0.116921         0.115972         0.112450         0.114013         0.115190         0.114522         0.110688         0.053422         0.064882         0.081942
Round 98          0.116134         0.115609         0.111947         0.113722         0.115048         0.114681         0.110655         0.054382         0.064424         0.083397
Round 99          0.116159         0.115947         0.110046         0.113837         0.115474         0.115346         0.111105         0.054569         0.062929         0.084588
Round 100         0.115597         0.115422         0.109672         0.113614         0.115415         0.115177         0.110871         0.055584         0.063350         0.085299

================================================================================
 라운드별 시간 측정 결과 (초)
================================================================================
           cli 0 train  cli 1 train  cli 2 train  cli 3 train  cli 4 train  cli 5 train  cli 6 train  cli 7 train  cli 8 train  cli 9 train  agg time  cli eval time  global eval time  total time
Round 1       8.772582     8.328951    10.078681    14.421041    18.216549     8.311095    13.819739     5.473265    12.544282     6.653559  0.420749      38.375013          3.536054   44.826987
Round 2       8.957236     8.021270    12.438855    15.249868    14.931981     8.355973    20.835736     5.504370     9.431241     7.192142  0.390416      35.557604          4.001727   42.593208
Round 3       6.933740     5.133698    10.242168    11.466903    18.906743     6.036168    21.007562     4.137846    10.873497     3.966876  0.360094      37.313700          4.199287   44.470055
Round 4       9.432577     5.680904    13.442193    14.955317    13.872233     6.077477    20.603875     5.240545     8.955559     7.165506  0.362718      36.587724          3.173186   42.807845
Round 5       8.477035     8.732458    13.831832    15.622375    15.759243     8.061996    20.249815     5.380371    12.969045     4.096725  0.354459      40.488426          3.073249   46.048395
Round 6       9.495634     8.202487    11.431258    15.441598    19.339868     7.867435    19.392234     5.038551    10.855941     6.960014  0.374356      36.097037          4.257686   43.309390
Round 7       8.965829     7.676437     8.052955    15.659834    18.962747     6.373528    16.634976     3.427809    10.742234     7.181249  0.356451      37.183365          4.066713   44.227319
Round 8       8.987272     7.630630    12.112579    10.646899    17.781779     8.483481    15.941726     4.183514    11.227013     6.586174  0.362041      37.584006          4.419834   45.078224
Round 9       8.557693     8.920775    13.962427    14.554143    14.200845     8.135339    17.843200     5.290380    13.246814     3.909588  0.380998      37.711608          3.609903   44.236760
Round 10      9.339486     8.712193     9.513982    15.565892    19.217058     8.306010    17.256158     5.644843    12.786733     6.478112  0.353571      40.848253          3.105584   46.455051
Round 11      8.921263     8.223763    12.177834    15.248457    17.621807     8.275779    21.865059     3.516646    13.777353     6.993225  0.355923      37.513800          4.201830   44.792916
Round 12      9.591601     7.325259    14.222593    15.619150    18.864862     8.245854    16.409128     5.489367     8.501459     6.731993  0.390260      36.314838          4.365380   43.840021
Round 13      9.609303     7.830266     9.392754    10.451688    18.198780     8.558249    18.914760     5.969909    11.749624     4.978785  0.369170      39.008248          3.982111   46.085280
Round 14      7.651849     8.170327    14.398887    15.561243    16.507840     5.633969    15.609467     5.920223    10.892575     4.484906  0.379524      36.609553          4.450655   44.120194
Round 15      9.544068     4.630602     9.163453    14.866638    18.866598     7.901154    19.168727     3.459147    12.690865     6.968112  0.357230      41.927361          2.583828   47.058148
Round 16      9.179746     8.625708    13.983694    15.866753    19.620530     8.521188    17.877745     5.214818    12.984344     6.959976  0.355907      39.769605          3.982500   46.282781
Round 17      9.372253     9.027955    14.370895    12.542223    19.780565     8.668484    21.459719     5.417543    10.797770     6.867472  0.388255      37.793021          4.235266   45.093223
Round 18      7.855071     5.390855    13.676143    15.771830    17.754977     8.406150    18.275754     5.723000    13.186902     7.138784  0.354677      37.381842          4.457222   44.951009
Round 19      7.224718     8.618097    14.724155    15.857123    15.716739     8.616052    19.035120     4.156211    10.190148     4.297728  0.356305      35.412736          4.342632   42.958590
Round 20      9.139913     7.626368    11.316955    10.574691    19.625949     5.232664    16.053874     4.923339    14.006174     7.120214  0.464415      37.165048          4.412549   44.771554
Round 21      8.795347     8.396880    14.644637    15.903345    19.871167     6.162908    15.171025     5.257494    13.893195     4.179365  0.347027      41.923002          2.540082   47.045774
Round 22      9.158521     9.063177    14.221035    15.941031    19.581056     8.154071    22.150503     5.661503     6.549242     6.703834  0.377088      39.226459          4.547288   46.449433
Round 23      8.985040     8.144607     9.271841    15.675526    16.299221     8.115892    22.381618     5.996583     8.285394     7.430074  0.367286      37.764985          4.380562   45.188225
Round 24      9.785470     7.339077    14.230016    11.917308    19.740252     6.417270    16.789077     5.702298    12.468716     6.866470  0.378317      38.321844          4.225958   45.579230
Round 25      9.525558     8.504889     9.379639    15.460622    12.813854     5.964781    19.661257     5.991892    13.420545     4.907511  0.355352      38.461122          4.261662   45.652375
Round 26      6.504922     5.339004    14.677905    16.061241    20.439165     8.388141    22.657586     3.061534     9.219663     6.926506  0.368877      38.467201          4.267382   45.784887
Round 27      8.478002     6.942868    14.466424    12.158355     9.662274     8.178242    19.856473     5.537508    13.475331     7.004835  0.373242      41.139665          2.868574   46.683712
Round 28      9.198994     8.643445    12.455504    15.744442    20.220446     7.428341    21.431304     5.801417    12.685427     7.457662  0.360670      38.465710          4.636979   46.274000
Round 29      5.545008     7.892693     8.802897    16.060986    18.481146     8.288794    22.116429     3.524671    13.789331     6.802767  0.356932      38.441851          4.326531   45.927061
Round 30      8.780488     8.756250    14.488174    11.972529    16.158991     7.222861    17.074326     4.636249     8.877903     6.859605  0.351930      36.716979          4.236038   44.146152
Round 31      8.605204     6.820213    13.930330    12.567677    13.865497     7.169680    15.647244     5.747374    13.631542     4.510032  0.359837      38.880303          2.582685   44.312747
Round 32      8.950093     8.465456    13.906347     9.526580    19.274043     8.276391    22.037335     5.450721    13.234046     7.052153  0.352052      41.622322          3.075447   47.155694
Round 33      9.147118     7.474901    13.518217    15.313990    19.116610     8.775532    18.217380     4.975742    13.332773     7.362252  0.408910      38.266092          4.244902   45.414726
Round 34      7.429376     8.696199     8.975772    11.746436    19.522063     8.733371    22.422078     5.446432    12.233464     4.221908  0.369372      38.023847          4.592196   45.560745
Round 35      9.283492     5.227222    12.413090    13.151603    14.643858     8.525604    17.816066     5.541955     9.195888     6.367084  0.424924      37.521976          4.154618   44.632298
Round 36      8.980416     5.130784    13.931918    13.330535    13.449570     8.246417    19.506291     4.646318     9.860098     6.732598  0.387336      37.638645          4.365570   45.006713
Round 37      7.102081     8.121244    14.747707    13.317707    19.404971     8.202605    14.317744     3.603587    12.502876     4.189928  0.388686      41.025013          2.444064   45.979220
Round 38      8.921441     8.076348    14.101337    13.254040    19.722158     8.395916    21.554849     5.262847    12.592177     6.264951  0.364234      38.043775          3.918689   45.110990
Round 39      6.701260     8.493675    13.417614    11.684695    19.997460     5.888798    22.488778     5.983163    10.836131     6.739454  0.364803      38.616213          4.536485   46.432777
Round 40      9.369533     8.926590    10.583491    12.627477    19.668232     7.861311    22.623685     3.229494    10.151213     6.664299  0.350206      38.554640          4.374583   45.958951
Round 41      9.492486     8.082839    14.052203    11.288285    15.659281     6.861290    21.716420     4.509861     8.031605     5.094803  0.376093      38.609691          4.564991   46.325897
Round 42      9.175195     8.079484    14.023711    15.580011    18.879091     7.870484    13.637959     3.394975    13.419497     6.469364  0.348425      40.924345          2.656020   46.535995
Round 43      8.802337     7.787720    14.295732    16.629787    20.229892     8.403938    13.334209     5.800797    12.945829     7.005241  0.380170      40.743344          3.962190   47.305013
Round 44      9.651943     8.643582    14.487990    15.918713    17.907562     8.188949    14.456745     5.803855    11.998529     6.772129  0.367769      39.952921          3.326632   46.155647
Round 45      9.523242     8.977954    14.294137    16.206809    14.920959     5.443634    22.322482     3.369007    14.021313     6.675652  0.364948      37.276712          4.514174   44.783978
Round 46      6.075408     8.917077    12.450691    14.510041    19.496301     5.720521    16.952668     5.400914    12.481184     7.122759  0.405937      37.858778          4.340657   45.202849
Round 47      7.917230     5.252620    14.304307    12.139791    15.846535     8.927580    16.894083     3.704088    12.459239     5.342225  0.363173      36.155050          4.395548   43.712788
Round 48      9.371027     4.985355    14.197699    10.349904    19.455361     5.964009    20.874261     5.917484     9.591217     6.699874  0.401453      40.553102          2.616069   46.197029
Round 49      9.666793     8.952963    14.530053     9.627835    18.530624     8.490846    21.793519     6.083949    13.074103     7.119189  0.367263      41.516835          3.193206   47.271149
Round 50      9.858704     7.857333    13.128328    16.348396    19.611008     5.928148    21.724219     5.440917    12.399111     6.889827  0.395215      37.900266          4.369186   45.249156
Round 51      9.564795     9.032318    12.857745    15.863929    13.139528     8.155432    19.875406     5.843260    10.297522     7.305645  0.352625      36.973902          4.399046   44.511722
Round 52      9.292736     8.364248    14.269055    16.307325    13.043920     8.419671    15.870491     5.550529    13.487062     5.037373  0.386449      37.992708          4.106783   45.106626
Round 53      8.764096     5.785285    14.059091    14.361246    19.644691     7.590799    20.048436     3.290155     7.584038     7.337165  0.353348      37.369829          2.548864   42.905504
Round 54      9.090012     6.548342    14.163298    15.438494    18.562735     8.114282    12.312279     5.720517    13.631003     7.338189  0.362216      40.418003          4.467961   47.539645
Round 55      8.941149     5.671652    14.158419    12.861908    19.345216     8.687264    22.030640     4.636138    13.044604     7.058665  0.373475      36.213572          4.503078   43.824525
Round 56      4.862688     4.859205     8.339149    12.123163    15.523242     8.211587    11.946739     5.445196     7.271742     3.147669  0.337944      23.979955          2.353902   28.646197
Round 57      4.454806     4.386104     8.412885     8.312762     9.519462     4.184527    10.627979     2.683374     7.235932     3.342883  0.342047      23.850594          2.383457   28.605132
Round 58      4.564799     4.048097     7.621906     8.315039     8.418122     4.564540    12.423624     3.065589     6.270540     3.761663  0.337582      23.969586          2.371705   28.867052
Round 59      4.687968     3.898160     7.217535     8.148139    10.869684     3.954835    11.468856     3.400567     7.156041     3.310837  0.341866      24.064332          2.373854   28.909142
Round 60      4.899969     4.397266     8.016374     8.330295    10.302761     4.525416    10.975158     2.536331     7.227374     2.993597  0.356857      24.027882          2.383221   28.902075
Round 61      4.803036     5.159855     7.186311     8.957680     9.942374     3.893515     9.554088     2.856024     6.305064     3.501965  0.336477      23.851918          2.356912   28.591268
Round 62      4.315944     4.034167     8.366716     8.792969    10.950252     4.160935    11.387471     2.295623     7.050877     3.286932  0.338316      23.743241          2.388178   28.566810
Round 63      5.236336     4.059365     7.315044     7.649926    10.124606     4.123886    11.514909     2.464423     8.128525     3.783480  0.341337      23.921788          2.375640   28.795595
Round 64      4.487961     4.438116     7.007431     7.559617     9.195760     4.497395    12.077721     2.807103     7.774180     3.866931  0.344812      23.983531          2.363308   28.692533
Round 65      5.352121     3.786661     7.913540     8.559307     8.662450     4.721782    10.638314     2.427958     6.693103     4.125644  0.352701      24.037719          2.432811   28.804173
Round 66      4.251690     4.655478     8.449485     8.876458     9.909606     4.676444    12.196076     2.521678     7.360418     3.574865  0.391118      24.026571          2.380696   28.961063
Round 67      4.405052     4.252764     7.859639     8.403674     9.236847     4.510073    10.191937     2.908771     7.318876     3.217786  0.340988      23.946650          2.476900   28.849153
Round 68      4.501433     4.471323     7.447433     7.992326     9.774728     3.689896    11.403095     3.272012     6.453586     3.418515  0.345857      23.966686          2.423374   28.715764
Round 69      5.081373     4.088244     7.346436     8.346436     9.656137     3.999080    10.953110     2.691128     6.794127     3.563429  0.342427      23.856605          2.428349   28.907305
Round 70      4.054705     3.949878     8.042206     7.844863     8.769005     3.893469    11.083014     3.064965     8.041180     3.433648  0.341339      23.932220          2.392541   28.855700
Round 71      4.261364     3.830762     6.923223     6.635007    10.859273     4.753359    11.575776     2.640386     7.206032     3.170198  0.342775      23.870790          2.336445   28.501060
Round 72      4.558960     3.688052     7.016114     8.541625     9.965582     4.803152     9.469048     2.533352     6.341202     3.373671  0.338888      23.855851          2.402606   28.650501
Round 73      5.142113     4.315515     8.104449     8.332680     8.686593     4.768349    11.729664     2.696144     5.971320     3.196726  0.375921      23.991041          2.411060   28.805754
Round 74      5.414778     4.707225     8.497911     8.455775     9.877254     4.596493    10.408986     2.578533     6.367296     3.505817  0.341039      23.859893          2.453799   28.790868
Round 75      4.622588     4.539184     7.161482     8.638114    11.118193     4.441797    11.173144     2.902617     7.177752     3.653078  0.347721      23.944604          2.387634   28.953169
Round 76      4.810901     4.118564     5.803621     8.270856     9.736902     4.189327    11.231909     2.731605     7.046479     3.230724  0.336995      23.775602          2.364936   28.444561
Round 77      5.335425     4.925242     6.632343     6.619384    11.113371     4.100361    11.599425     2.787231     6.772355     2.829416  0.390369      23.896528          2.354913   28.619388
Round 78      4.561482     4.630080     7.082878     8.306182     9.477556     4.013869    11.016103     3.158321     6.505838     3.981452  0.337817      23.894892          2.380911   28.632847
Round 79      4.435733     4.203411     7.250978     7.786448    10.274208     3.869446    10.896641     1.757285     6.713530     3.416084  0.387400      23.870068          2.357260   28.575583
Round 80      5.615410     4.534093     8.027280     8.085970     9.921170     3.945900    10.046319     2.764409     6.350073     2.781336  0.339552      23.921316          2.396547   28.903766
Round 81      4.886483     4.074801     7.115927     7.979982    10.430281     4.252670    11.146369     2.738452     6.853513     3.045295  0.415140      23.731855          2.438756   28.786415
Round 82      4.722119     4.530724     7.070140     9.054410    10.694237     3.991429    11.809047     2.744345     5.487836     3.628308  0.337928      23.860316          2.361054   28.596955
Round 83      4.808846     3.657139     7.113355     8.054356    10.870903     4.623890     9.963167     2.712777     7.744008     3.523577  0.361330      24.057738          2.419649   28.839572
Round 84      4.946523     4.484745     6.963050     8.934602     9.673331     4.344353    11.612182     2.763900     6.294975     3.828768  0.340376      23.663261          2.413880   28.428742
Round 85      4.784564     3.948370     6.754167     8.183871     9.963854     4.255142    12.227100     2.999197     7.146594     3.477019  0.342045      24.076742          2.357575   28.799098
Round 86      5.481896     3.807145     7.097951     8.152549    10.417617     4.206123    12.493152     2.664883     7.056846     2.372531  0.371861      23.847012          2.423245   28.637722
Round 87      5.065221     4.370256     6.601094     6.236677    11.132721     4.375820    11.366068     3.085658     7.106471     3.700275  0.337705      23.888105          2.447979   28.750681
Round 88      4.303213     4.103348     7.978718     8.502757     9.944720     4.246990    10.855033     3.269156     6.706269     3.675551  0.341854      23.977247          2.365629   28.751194
Round 89      4.789599     3.982916     7.882051     8.402154    10.596691     4.897656    10.697803     3.065393     6.508693     3.357559  0.335022      24.027107          2.367468   28.747683
Round 90      4.440180     4.012891     6.314018     9.140978     9.525144     4.449831    11.365917     3.061366     5.685749     4.036695  0.339370      23.817861          2.356206   28.523018
Round 91      4.060433     4.195651     7.814727     7.843841     7.583336     4.239035    10.837413     3.059290     7.221854     3.718176  0.338615      23.713551          2.358415   28.561295
Round 92      4.478640     3.874787     7.229337     7.809688     8.491346     4.122841    11.487090     3.122378     7.523559     3.414773  0.343613      23.789423          2.373187   28.705610
Round 93      5.490978     4.284808     5.945359     8.788935     9.600962     4.457145     9.986575     2.922584     7.573261     2.968037  0.353424      23.923079          2.456700   28.874828
Round 94      4.600326     4.779539     6.921344     7.590014     9.887085     4.011521    10.039266     3.009524     6.770308     3.976227  0.340260      23.778263          2.339614   28.416686
Round 95      4.458375     4.065823     6.051360     8.311257     9.585223     4.289039    11.572682     2.748846     6.786311     3.227772  0.351753      23.850450          2.380514   28.784535
Round 96      4.875281     4.473853     6.926078     7.731689    11.589687     4.891263    11.059664     2.599258     5.943537     2.924617  0.338779      23.875403          2.344785   28.516435
Round 97      4.393753     4.216115     6.832353     8.098286     9.483658     4.377932    11.430801     2.551246     7.156649     3.766261  0.338374      23.605964          2.378591   28.339394
Round 98      4.714744     4.886789     6.661214     9.139612     9.409299     3.972393    11.766288     2.699818     5.553070     3.662961  0.344126      23.767870          2.410909   28.535857
Round 99      4.272782     3.494600     7.788383     8.302945     7.250899     4.516270    11.439957     3.254046     7.450573     3.876383  0.337040      23.729151          2.335937   28.434817
Round 100     4.679093     4.730603     7.113557     6.857572    11.318277     3.942204    10.655234     2.869689     7.388179     3.027039  0.340540      23.703534          2.362816   28.373274

총 시뮬레이션 시간: 3781.88초

================================================================================
 시뮬레이션 파라미터
================================================================================
NUM_CLIENTS: 10
NUM_ROUNDS: 100
LOCAL_EPOCHS: 2
DIRICHLET_ALPHA: 0.5
MIN_SAMPLES_PER_CLASS: 50
RANDOM_SEED: 42
NUM_COMMITTEE_MEMBERS: 3
EWMA_BETA: 0.25
CONTRIBUTION_SCALING_FACTOR: 1.5
NUM_NOISE_ATTACKERS: 0
NUM_DATAF_ATTACKERS: 3
DATAF_POISON_LEVEL: 3
COMMITTEE_EVAL_SKIPPED: False
