================================================================================
 데이터 분할 현황
================================================================================
   Client  Num Samples  Class 0  Class 1  Class 2  Class 3  Class 4  Class 5  Class 6  Class 7  Class 8  Class 9
0       0         7099      390       53       65      317      472     2247     1317     1608      558       72
1       1         2791      447       42      625       49      916      185       37       36      329      125
2       2         4507      230       47      663      448      824       42      184      226      378     1465
3       3         4575       36      814      901      249      237       30      429       83     1266      530
4       4         3392      162      522      107      185       45      633     1004      513      154       67
5       5         4619       90      156       30     1525       30      489      185     1398      141      575
6       6         3897       50      582      487      113      370      743     1305       33      179       35
7       7         3302      126      271      707      112       67      501      422     1018       32       46
8       8         3909     1428      175       82      497       30       30       34       30     1032      571
9       9        11909     2041     2338     1333     1505     2009      100       83       55      931     1514

================================================================================
 라운드별 글로벌 모델 정확도
================================================================================
Round	Accuracy
1	0.1428
2	0.3911
3	0.5327
4	0.6228
5	0.6846
6	0.699
7	0.7234
8	0.7386
9	0.75
10	0.7585


================================================================================
 라운드별 모델 합성 가중치
================================================================================
          client_0_weight  client_1_weight  client_2_weight  client_3_weight  client_4_weight  client_5_weight  client_6_weight  client_7_weight  client_8_weight  client_9_weight
Round 1               0.1              0.1              0.1              0.1              0.1              0.1              0.1              0.1              0.1              0.1
Round 2               0.1              0.1              0.1              0.1              0.1              0.1              0.1              0.1              0.1              0.1
Round 3               0.1              0.1              0.1              0.1              0.1              0.1              0.1              0.1              0.1              0.1
Round 4               0.1              0.1              0.1              0.1              0.1              0.1              0.1              0.1              0.1              0.1
Round 5               0.1              0.1              0.1              0.1              0.1              0.1              0.1              0.1              0.1              0.1
Round 6               0.1              0.1              0.1              0.1              0.1              0.1              0.1              0.1              0.1              0.1
Round 7               0.1              0.1              0.1              0.1              0.1              0.1              0.1              0.1              0.1              0.1
Round 8               0.1              0.1              0.1              0.1              0.1              0.1              0.1              0.1              0.1              0.1
Round 9               0.1              0.1              0.1              0.1              0.1              0.1              0.1              0.1              0.1              0.1
Round 10              0.1              0.1              0.1              0.1              0.1              0.1              0.1              0.1              0.1              0.1

================================================================================
 라운드별 시간 측정 결과 (초)
================================================================================
          cli 0 train  cli 1 train  cli 2 train  cli 3 train  cli 4 train  cli 5 train  cli 6 train  cli 7 train  cli 8 train  cli 9 train  agg time  cli eval time  global eval time  total time
Round 1      8.089994     3.542600     7.026188     4.629325     4.291081     5.423607     4.711838     3.472082     3.819478    14.667235  0.343546              0          2.710082    3.054074
Round 2      9.043080     3.751820     5.137056     5.239635     4.322247     5.872570     5.474137     4.012976     4.972102    13.282505  0.234117              0          2.371826    2.606178
Round 3      9.311713     3.700458     5.991068     6.737179     4.322658     5.403646     5.407295     4.096936     2.788843    13.860607  0.254510              0          2.319156    2.574070
Round 4      7.354433     4.236112     5.829825     5.440886     5.231683     6.104731     5.425670     3.973768     5.812251    14.223170  0.228439              0          2.339321    2.567975
Round 5      6.617856     3.788731     5.665944     5.999326     4.949752     5.602905     4.968197     3.866027     4.819984    16.211101  0.246788              0          2.329520    2.576732
Round 6      8.182019     3.224355     5.525517     6.934767     4.096905     5.558072     5.386845     3.559687     5.633914    10.885166  0.226800              0          2.333358    2.560378
Round 7      8.039445     3.712857     5.717207     5.702845     4.095999     5.800850     5.122413     3.875653     5.112856    14.855821  0.259760              0          2.307398    2.567568
Round 8      9.396476     3.995457     5.618994     5.630377     4.187640     5.672127     5.029957     4.455511     5.305383    15.583857  0.240189              0          2.322597    2.563165
Round 9      8.969655     3.825327     5.979888     5.630270     4.698219     5.808666     5.345412     4.731568     4.917151    16.458165  0.230257              0          2.357491    2.588015
Round 10    10.109012     3.778304     5.670923     5.964166     4.135517     5.861232     4.596068     4.456017     5.274635    16.222732  0.241927              0          2.337665    2.579975

총 시뮬레이션 시간: 26.24초
