================================================================================
 데이터 분할 현황
================================================================================
   Client  Num Samples  Class 0  Class 1  Class 2  Class 3  Class 4  Class 5  Class 6  Class 7  Class 8  Class 9
0       0         3702       58      935      667      157      347      361      274      419       62      422
1       1         3398      448       50      234      881      317      490       55      511      353       59
2       2         5798     1210       52      482      541      642      212       75      202     2246      136
3       3         6461      180     1750       51       76      494     1025      617     1516      107      645
4       4         8058      744      382      762      208     2092      869     2355      286      284       76
5       5         3282      124      248      877      200       61      334      347      384      362      345
6       6         9048      101      236     1210     1697       63      201      966     1367     1102     2105
7       7         2138       50      269      259      153       91      513       50      180      339      234
8       8         5453     1898      868      402      522      146      800      143       50       86      538
9       9         2662      187      210       56      565      747      195      118       85       59      440

================================================================================
 라운드별 글로벌 모델 정확도
================================================================================
       Overall_Accuracy  Poisoned_Acc([1,5,8])
Round                                         
1                0.1445                 0.0037
2                0.3394                 0.1720
3                0.5437                 0.3573
4                0.6219                 0.4773
5                0.6584                 0.5347
6                0.6897                 0.6173
7                0.7209                 0.6530
8                0.7260                 0.6620
9                0.7340                 0.6740
10               0.7394                 0.6693
11               0.7501                 0.7100
12               0.7482                 0.6747
13               0.7480                 0.6813
14               0.7594                 0.7153
15               0.7608                 0.7130
16               0.7632                 0.7093
17               0.7627                 0.7277
18               0.7637                 0.7057
19               0.7752                 0.7433
20               0.7691                 0.7303
21               0.7648                 0.7303
22               0.7687                 0.7490
23               0.7626                 0.7203
24               0.7663                 0.7323
25               0.7677                 0.7320
26               0.7668                 0.7310
27               0.7655                 0.7087
28               0.7651                 0.7167
29               0.7670                 0.7297
30               0.7673                 0.7270

================================================================================
 라운드별 모델 합성 가중치
================================================================================
          client_0_weight  client_1_weight  client_2_weight  client_3_weight  client_4_weight  client_5_weight  client_6_weight  client_7_weight  client_8_weight  client_9_weight
Round 1          0.101615         0.108374         0.093683         0.154638         0.145950         0.109547         0.136280         0.025127         0.043853         0.080932
Round 2          0.091793         0.102048         0.119454         0.142364         0.145561         0.101075         0.142502         0.042612         0.051126         0.061464
Round 3          0.101162         0.085494         0.120958         0.138479         0.138906         0.114146         0.122854         0.051381         0.059555         0.067066
Round 4          0.112964         0.122193         0.106872         0.117972         0.141051         0.120000         0.116880         0.039650         0.052037         0.070381
Round 5          0.128474         0.102465         0.110673         0.127001         0.118117         0.110921         0.127826         0.052701         0.049319         0.072503
Round 6          0.130175         0.104757         0.112486         0.117930         0.121900         0.112530         0.121255         0.054406         0.055277         0.069284
Round 7          0.135519         0.109888         0.115783         0.128296         0.104303         0.113905         0.113346         0.052808         0.054319         0.071832
Round 8          0.131404         0.116445         0.107859         0.125746         0.111395         0.120249         0.101438         0.054961         0.063881         0.066621
Round 9          0.126477         0.116979         0.110238         0.120154         0.110127         0.121555         0.106260         0.055347         0.063521         0.069343
Round 10         0.121127         0.112557         0.109148         0.119120         0.111235         0.125115         0.110558         0.055957         0.065697         0.069485
Round 11         0.122678         0.121188         0.097196         0.118785         0.118401         0.122411         0.112750         0.058045         0.063812         0.064734
Round 12         0.124442         0.113970         0.105380         0.120807         0.116452         0.121298         0.113021         0.053479         0.066722         0.064431
Round 13         0.121237         0.111587         0.110076         0.120359         0.113397         0.121796         0.111741         0.055765         0.065750         0.068293
Round 14         0.125322         0.109868         0.113799         0.119865         0.115797         0.125517         0.104770         0.053592         0.064698         0.066772
Round 15         0.126584         0.115591         0.108860         0.120524         0.115648         0.125356         0.107440         0.050518         0.063746         0.065732
Round 16         0.132008         0.120317         0.104585         0.121233         0.114281         0.126541         0.100390         0.053627         0.064668         0.062349
Round 17         0.131249         0.122248         0.107936         0.119161         0.113881         0.130538         0.103295         0.048638         0.063527         0.059526
Round 18         0.135155         0.126261         0.100611         0.123415         0.106370         0.132771         0.104657         0.047575         0.062766         0.060419
Round 19         0.133356         0.123273         0.109514         0.122283         0.108178         0.129345         0.103035         0.045209         0.061328         0.064479
Round 20         0.135009         0.126035         0.104803         0.124764         0.102243         0.130937         0.111252         0.043319         0.059524         0.062114
Round 21         0.132503         0.124105         0.110973         0.123535         0.110067         0.128410         0.112919         0.038435         0.054550         0.064502
Round 22         0.132222         0.118249         0.111289         0.122143         0.114309         0.129070         0.114548         0.040231         0.058811         0.059129
Round 23         0.129468         0.118624         0.115440         0.118030         0.114212         0.126557         0.112801         0.046116         0.057927         0.060826
Round 24         0.131555         0.123770         0.109730         0.115020         0.113614         0.130292         0.114166         0.042799         0.052955         0.066099
Round 25         0.129201         0.124243         0.111469         0.117329         0.117941         0.127665         0.111779         0.040151         0.052168         0.068054
Round 26         0.130219         0.127633         0.114535         0.118694         0.107040         0.129681         0.104125         0.044559         0.054326         0.069187
Round 27         0.131806         0.128680         0.110428         0.122531         0.108476         0.125327         0.109713         0.048674         0.050462         0.063903
Round 28         0.129367         0.128272         0.108810         0.119402         0.115397         0.126433         0.110714         0.044562         0.053200         0.063843
Round 29         0.128731         0.126192         0.115616         0.115006         0.119450         0.128171         0.113845         0.039624         0.050397         0.062968
Round 30         0.131549         0.124941         0.116343         0.120734         0.115684         0.131396         0.113226         0.038522         0.045788         0.061817

================================================================================
 라운드별 시간 측정 결과 (초)
================================================================================
          cli 0 train  cli 1 train  cli 2 train  cli 3 train  cli 4 train  cli 5 train  cli 6 train  cli 7 train  cli 8 train  cli 9 train  agg time  cli eval time  global eval time  total time
Round 1      3.340013     4.107735     5.408314     7.755549     8.908272     4.249474    11.559175     2.124202     7.232933     3.684367  0.399873      24.113519          2.349425   29.049149
Round 2      5.564687     3.636466     7.736442     6.536056    10.940331     4.194868    11.309519     3.353116     6.059619     3.187183  0.337920      23.603225          2.333205   28.260014
Round 3      5.449783     4.553108     7.209801     8.639513    10.044266     4.149786    11.072079     2.320654     7.127630     3.281085  0.341722      23.791650          2.347048   28.455301
Round 4      4.391070     4.409260     5.932649     8.497109    10.803573     4.006853    11.974571     3.218263     6.750984     3.680099  0.346799      23.634080          2.341542   28.300026
Round 5      4.622206     5.301294     7.873559     7.824739    10.648455     4.287766     9.514461     3.330771     6.774006     3.728312  0.339178      23.632825          2.384858   28.339812
Round 6      5.005020     3.242388     8.460027     8.362783    10.139518     4.237893    12.338789     2.958945     7.221784     3.439662  0.332728      23.798766          2.444752   28.558754
Round 7      5.222298     5.074479     6.776704     7.348947    10.782398     4.634467    10.991280     3.046794     7.445154     3.607653  0.342355      23.590225          2.355001   28.265306
Round 8      4.439285     4.637361     7.020164     7.417103    11.551422     4.138720    11.393831     2.915065     7.491725     4.175924  0.344771      23.512149          2.435692   28.261694
Round 9      5.280820     4.394732     7.505075     8.252242    10.653680     4.730138    11.565486     3.091839     7.058690     3.022120  0.337149      23.717345          2.343066   28.350681
Round 10     4.800327     5.060558     7.379105     8.249346    10.478829     4.172297    12.714709     2.649513     7.378328     3.613919  0.338836      23.690248          2.335110   28.330417
Round 11     4.576785     4.695980     6.833268     8.451209    10.853938     4.512101    10.965422     2.823058     7.508663     3.664043  0.334391      23.752462          2.408121   28.451454
Round 12     4.780720     4.561454     8.257833     8.336477    11.137825     4.678771     7.693419     2.646220     6.775261     4.102576  0.336539      23.691238          2.378487   28.458160
Round 13     5.105596     4.601241     7.896603     8.625990     9.700771     3.814530    12.202490     3.168120     6.669912     3.728598  0.338391      23.929191          2.371275   28.939012
Round 14     4.850160     4.826325     6.727532     8.707325    11.161204     4.039782    12.338123     3.321946     7.149396     4.205960  0.337912      23.816629          2.356056   28.524666
Round 15     5.312448     4.623383     7.549209     8.512168    11.053066     4.666650    11.848822     2.943349     7.738032     3.442427  0.357658      23.985824          2.363630   28.719359
Round 16     4.432224     4.781535     7.119465     8.650504    10.661103     5.251010    13.002381     3.153625     7.695160     3.580078  0.349568      23.951793          2.354877   28.663314
Round 17     5.150857     4.697499     7.138281     9.008301    10.269483     5.204226    11.655024     3.196236     7.269119     3.909766  0.360555      23.600112          2.389215   28.309085
Round 18     4.823153     5.254706     8.323449     8.969931    10.866302     4.477611    11.649932     2.945770     7.054447     3.674711  0.341648      23.853701          2.397160   28.562108
Round 19     4.965864     4.817846     8.313650     8.343149    10.609118     4.232313    13.048491     2.674079     7.084170     3.389782  0.339899      23.815818          2.408328   28.525821
Round 20     4.415391     5.042287     7.768393     8.625314    11.420061     4.658878    12.487043     2.715120     7.150911     3.711025  0.339028      23.960774          2.336174   28.594198
Round 21     5.133828     4.930041     8.358500     8.837949    11.014411     4.518839    11.966916     3.118217     7.874138     3.101565  0.339463      23.860926          2.391324   28.604417
Round 22     5.028189     5.186474     7.601887     9.256382    10.761760     3.676341    12.047161     3.283254     7.637554     3.644804  0.341902      24.156861          2.419625   29.191657
Round 23     5.159297     4.740914     7.764995     7.907135    11.414995     4.697757    11.520357     3.158461     7.193558     3.828926  0.346838      23.999146          2.355521   28.691644
Round 24     5.257867     4.474151     7.382913     9.252942    10.528469     4.686493    12.837276     2.808264     7.336306     4.131403  0.336874      23.997975          2.416514   28.856483
Round 25     5.305627     4.882677     8.485564     8.439969    11.017184     4.516480    12.004051     3.115106     6.806854     3.612761  0.356019      23.693911          2.360371   28.372714
Round 26     5.106081     4.713635     8.412226     8.529405    11.113990     4.699252    11.890438     2.859125     6.420257     3.770618  0.335540      23.774915          2.352579   28.448283
Round 27     5.542037     4.621486     8.320684     9.106627    10.886668     4.214365     9.917277     2.645793     7.871582     3.600263  0.338110      23.910175          2.368057   28.676428
Round 28     5.561914     4.605070     8.127355     8.210350    11.702904     4.353645    12.182901     2.735429     7.288500     3.523125  0.336582      23.736379          2.390977   28.415312
Round 29     5.256224     4.318044     7.989025     8.569474    11.160477     4.794989    12.051621     3.309932     7.420557     3.739492  0.388232      23.743448          2.410927   28.530415
Round 30     4.732847     4.831102     7.860388     8.157856     7.787855     4.628098    11.198477     2.939717     7.566344     3.879624  0.368953      24.041983          2.356733   28.730893

총 시뮬레이션 시간: 856.44초

================================================================================
 시뮬레이션 파라미터
================================================================================
NUM_CLIENTS: 10
NUM_ROUNDS: 30
LOCAL_EPOCHS: 2
DIRICHLET_ALPHA: 0.5
MIN_SAMPLES_PER_CLASS: 50
RANDOM_SEED: 42
NUM_COMMITTEE_MEMBERS: 3
EWMA_BETA: 0.5
CONTRIBUTION_SCALING_FACTOR: 1.5
NUM_NOISE_ATTACKERS: 0
NUM_DATAF_ATTACKERS: 3
DATAF_POISON_LEVEL: 3
COMMITTEE_EVAL_SKIPPED: False
