================================================================================
 데이터 분할 현황
================================================================================
   Client  Num Samples  Class 0  Class 1  Class 2  Class 3  Class 4  Class 5  Class 6  Class 7  Class 8  Class 9
0       0         4682      954     1646      304      495       89       30      187      744      203       30
1       1         7982      278      527      576     1638       40     3525      120      867      144      267
2       2         3812       34      984      206       77     1080       45      672       31      617       66
3       3         2755      158       81      307      669       59       32       81     1027       44      297
4       4         3229      415      596      151      316      594      135       81      288      501      152
5       5         6399     1916       35      146      210       47      337       73      503       32     3100
6       6         3837      200      466     1170      112       55      281      332      447      666      108
7       7         2587       76       32      116      517     1390       30       30      127       31      238
8       8         8678      138      262      681      736      667      188     2520      687     2650      149
9       9         6039      831      371     1343      230      979      397      904      279      112      593

================================================================================
 라운드별 글로벌 모델 평가 결과
================================================================================
           Loss  Accuracy       AUC
Round                              
1      3.560819    0.1222  0.707312
2      1.835631    0.4253  0.897135
3      1.127256    0.6551  0.946720
4      0.998724    0.7090  0.958191
5      0.938436    0.7316  0.963291
6      0.907025    0.7497  0.966373
7      0.879536    0.7609  0.968644
8      0.874153    0.7681  0.969961
9      0.872391    0.7653  0.970834
10     0.881953    0.7708  0.971195
11     0.868522    0.7739  0.971990
12     0.881229    0.7753  0.972198
13     0.912309    0.7731  0.972002
14     0.906157    0.7798  0.972159
15     0.929588    0.7745  0.972289
16     0.939471    0.7750  0.971920
17     0.941358    0.7712  0.971687
18     0.966925    0.7721  0.971517
19     0.949473    0.7761  0.971909
20     0.957812    0.7738  0.971614
21     0.986743    0.7754  0.971161
22     1.003867    0.7729  0.970975
23     1.015230    0.7751  0.970925
24     0.995893    0.7717  0.970980
25     0.987645    0.7745  0.971363
26     0.998834    0.7742  0.970857
27     1.007359    0.7730  0.970866
28     1.019921    0.7732  0.970854
29     1.038366    0.7715  0.969829
30     1.019090    0.7749  0.970638
31     1.018152    0.7733  0.970679
32     1.026865    0.7747  0.970488
33     1.027854    0.7716  0.970286
34     1.037251    0.7733  0.970165
35     1.015756    0.7733  0.970247
36     1.048406    0.7714  0.969709
37     1.029269    0.7724  0.970484
38     1.031072    0.7741  0.970372
39     1.028136    0.7759  0.970897
40     1.031294    0.7729  0.970226
41     1.040343    0.7737  0.970106
42     1.034638    0.7713  0.969936
43     1.047104    0.7713  0.969749
44     1.029641    0.7701  0.969861
45     1.059306    0.7693  0.969269
46     1.059795    0.7686  0.969060
47     1.043035    0.7709  0.969847
48     1.062093    0.7710  0.969621
49     1.072568    0.7699  0.969189
50     1.068188    0.7714  0.969127
51     1.086458    0.7697  0.968800
52     1.056371    0.7713  0.970147
53     1.061080    0.7741  0.969833
54     1.075891    0.7713  0.969067
55     1.069039    0.7726  0.969459
56     1.062368    0.7730  0.970101
57     1.078231    0.7711  0.969187
58     1.074067    0.7699  0.969004
59     1.094091    0.7651  0.968717
60     1.093813    0.7699  0.968845
61     1.068693    0.7721  0.969256
62     1.081606    0.7709  0.969138
63     1.089098    0.7708  0.969473
64     1.082528    0.7706  0.969656
65     1.089874    0.7704  0.969384
66     1.059126    0.7731  0.969873
67     1.083524    0.7692  0.969493
68     1.082740    0.7703  0.969675
69     1.088251    0.7711  0.969742
70     1.083907    0.7724  0.969479
71     1.088148    0.7711  0.969424
72     1.105456    0.7705  0.969266
73     1.066156    0.7719  0.969904
74     1.071530    0.7728  0.969783
75     1.084615    0.7717  0.969633
76     1.070768    0.7728  0.970015
77     1.058518    0.7726  0.969935
78     1.062904    0.7762  0.970215
79     1.057499    0.7739  0.969976
80     1.068515    0.7736  0.969962
81     1.082725    0.7710  0.970021
82     1.076970    0.7740  0.969757
83     1.081696    0.7736  0.969740
84     1.085421    0.7732  0.969737
85     1.091149    0.7748  0.969877
86     1.085171    0.7734  0.969817
87     1.100177    0.7744  0.969632
88     1.096575    0.7727  0.969357
89     1.088600    0.7738  0.969612
90     1.102835    0.7740  0.969879
91     1.094259    0.7742  0.969606
92     1.101880    0.7733  0.969527
93     1.090922    0.7750  0.969687
94     1.108128    0.7745  0.969331
95     1.115666    0.7741  0.969674
96     1.114016    0.7739  0.969541
97     1.126343    0.7723  0.969649
98     1.112282    0.7752  0.969539
99     1.103471    0.7760  0.970393
100    1.109511    0.7757  0.970030

================================================================================
 라운드별 시간 측정 결과 (초)
================================================================================
           cli 0 train  cli 1 train  cli 2 train  cli 3 train  cli 4 train  cli 5 train  cli 6 train  cli 7 train  cli 8 train  cli 9 train  agg time  cli eval time  global eval time  total time
Round 1      15.642063    22.870839    12.237999     7.893861     8.964623    18.473915    11.367612     6.577740    28.573681    21.644830  0.364070              0          2.785306    3.149518
Round 2      13.590515    24.885725    14.368523     7.759269    11.011526    16.951558    12.130431     7.450770    27.856551    13.090901  0.318195              0          2.336417    2.654751
Round 3      16.124774    22.608439    12.943668     7.258012    10.150578    19.530506    13.487025     8.224885    29.041223    18.600774  0.367070              0          2.330019    2.697242
Round 4      16.483594    19.595795    11.250134     8.934589     9.749654    17.698997    12.207104     8.341032    27.267689    18.837993  0.341124              0          2.372825    2.714097
Round 5      12.151450    24.553774    13.463662     9.317667     9.262213    20.335027    13.616945     8.755001    27.206807    17.948142  0.357759              0          2.343592    2.701560
Round 6      14.926036    26.188272    12.478604     9.013466    10.388601    20.270957    12.765998     7.333368    27.060508    14.076597  0.325828              0          2.345698    2.671668
Round 7      13.594709    23.750552    13.214397     8.731205    12.066182    19.834262    12.125847     6.522549    28.959315    19.991211  0.338876              0          2.449365    2.788379
Round 8      15.641974    24.706464    13.218188     8.504062     9.974374    20.415611    11.138133     9.009677    26.388162    20.275335  0.332993              0          2.339559    2.672674
Round 9      14.484318    24.428352    13.022820     9.954550     9.523398    22.095746    12.821967     8.184860    28.546451    19.326064  0.366399              0          2.413469    2.780000
Round 10     14.068201    26.336066    11.933268     9.531727    11.210665    21.445639    11.811319     7.901459    27.542361    19.325943  0.373298              0          2.384758    2.758191
Round 11     14.336902    25.621480    12.638815     9.665306     9.857964    21.003491    12.195178     8.865729    28.292414    19.481472  0.310119              0          2.358664    2.668909
Round 12     14.541318    25.904739    12.115542     8.091732     9.917894    21.449480    12.166051     9.312351    27.345955    19.964036  0.324369              0          2.356037    2.680540
Round 13     14.008514    24.156085    11.577198     9.301948    10.528957    20.850483    12.166602     8.382753    30.045737    19.551658  0.313341              0          2.344352    2.657798
Round 14     14.811739    18.611399    12.296519     9.767505    11.032598    19.552970    11.362251     8.830638    29.652828    20.473782  0.344610              0          2.342550    2.687312
Round 15     14.902560    26.171622    12.434889     9.008241     8.906528    22.095865    11.915593     9.169465    26.554344    18.903358  0.328959              0          2.417678    2.746772
Round 16     14.725587    25.688739    11.911166     8.894228    10.709587    21.637429    11.168454     8.042552    27.445627    19.602309  0.312917              0          2.352536    2.665569
Round 17     16.351031    26.773101    12.574994     8.923613    11.303200    20.688860    12.987338     8.553254    26.364993    19.463621  0.364832              0          2.362964    2.727950
Round 18     14.601719    22.969290    12.612485     9.300623    10.197364    20.569240    13.314837     8.240228    29.589011    19.821818  0.310163              0          2.304902    2.615206
Round 19     15.279633    25.815246    13.627550     8.939112     9.925701    19.292542    13.124920     8.615321    28.715840    20.131253  0.321281              0          2.363863    2.685256
Round 20     14.123999    26.916178    13.376085     9.000195    10.460066    19.858564    13.069244     8.418271    29.647877    17.997313  0.309788              0          2.347211    2.657101
Round 21     15.500660    22.807661    12.171809     9.234484    10.076422    22.101674    11.980058     8.755880    27.942667    19.171119  0.320742              0          2.325327    2.646184
Round 22     13.839303    23.752718    12.950759     8.827733    10.191371    21.999848    13.221773     8.033220    28.819740    19.754658  0.318024              0          2.487046    2.805191
Round 23     15.644596    24.978268    12.731273     9.143055     9.836704    21.583451    12.912466     7.459177    27.553994    20.363576  0.330830              0          2.408771    2.739724
Round 24     15.651380    24.133892    12.426015     8.789737    10.523844    19.703737    12.316596     8.694649    29.808219    20.134097  0.317174              0          2.406665    2.723948
Round 25     15.586854    26.203704    11.967739     8.379828    10.377266    21.093937    12.424842     9.136653    28.141264    19.546535  0.328717              0          2.335325    2.664180
Round 26     16.417392    26.505290    13.334777    10.241976     8.282847    20.877904    12.216444     8.356388    30.258093    19.713118  0.331113              0          2.332546    2.663862
Round 27     11.650047    27.410119    11.375127     9.518015    10.653422    21.610562    11.529392     8.171582    26.182582    19.285501  0.373402              0          2.337266    2.710807
Round 28     12.774292    24.583401    11.785879     8.750020    10.624214    20.638396    12.060584     8.989046    27.689722    20.662296  0.336146              0          2.372991    2.709280
Round 29     15.110599    27.060291    13.314835     9.479282    10.919513    19.959935    13.071739     7.797824    26.993717    16.389487  0.331253              0          2.404002    2.735385
Round 30     13.711052    25.710624    11.712493     9.050854    10.918958    20.605309    12.072271     8.308799    29.629886    20.428028  0.317096              0          2.348311    2.665517
Round 31     15.397511    25.346865    12.573378     6.883219    10.785879    19.771946    13.105046     8.068428    29.070931    19.532604  0.332583              0          2.336839    2.669527
Round 32     14.991491    26.184128    11.703814     9.870838    11.589087    20.663451    12.292344     7.031840    27.818152    19.086004  0.348155              0          2.334093    2.682375
Round 33     15.311111    25.852849    10.893517     8.978863    10.036607    19.729930    11.807762     8.357404    28.352882    20.445736  0.329041              0          2.373925    2.703113
Round 34     15.709515    24.986662    12.687262     8.517307    11.088728    22.297904    12.355339     7.842999    28.396735    19.187614  0.349366              0          2.401718    2.751225
Round 35     14.190522    28.562555    13.185489     8.623736     9.639967    18.709120    12.452916     7.957860    28.768521    20.100986  0.334753              0          2.328629    2.663507
Round 36     15.359769    26.906912    12.927282     8.839776    10.889034    20.418700    12.522354     8.876914    28.860835    19.268777  0.327781              0          2.350101    2.678012
Round 37     15.346084    24.437413    12.785627     9.810721    10.244961    22.187708    12.820274     8.209037    17.996445    18.689672  0.353930              0          2.353622    2.707683
Round 38     15.229465    26.148339    12.855949     8.900596    10.634244    22.116651    11.910759     8.477421    21.241350    19.541902  0.326782              0          2.408130    2.735053
Round 39     14.851153    26.065679    13.865708     8.681424    10.583375    21.533968    11.319297     8.381462    28.839405    14.242653  0.346987              0          2.478226    2.825343
Round 40     14.753750    25.136534    12.271310     9.137702    10.802800    21.758186    11.900330     8.648814    28.681837    20.064411  0.326861              0          2.491425    2.818420
Round 41     15.266601    25.296427    11.659233     9.175308    11.540130    20.832386    13.857798     9.070527    26.728344    19.058596  0.344811              0          2.350752    2.695681
Round 42     15.820876    28.078972    12.523119     8.866066    10.268298    17.881310    12.098660     7.555106    27.956342    20.377095  0.320145              0          2.335034    2.655301
Round 43     15.937272    27.421448    12.671072     9.681631    10.377048    21.198279    11.372600     7.591791    28.587359    19.531651  0.327644              0          2.419035    2.746816
Round 44     15.372471    20.813157    11.814188     8.729585    11.363545    19.898046    13.375058     8.326912    28.571359    18.426653  0.334901              0          2.325985    2.661024
Round 45     10.792809    24.840806    11.843733     8.817993    10.096325    21.798215    12.830767     8.013054    29.752071    18.420115  0.325792              0          2.350234    2.676169
Round 46     15.703603    22.840274    12.457442     8.509007     9.911747    21.331820    13.230855     8.637418    28.526370    19.631999  0.322239              0          2.355426    2.677806
Round 47     16.176470    26.375650    12.538175     9.186453    11.036323    20.818708    11.822575     5.893237    27.853741    18.849857  0.325502              0          2.336666    2.662295
Round 48     14.500684    25.348932    12.364645     8.896213     9.965588    21.257921    12.527600     8.846164    28.185575    19.444737  0.322913              0          2.326729    2.649782
Round 49     14.844573    25.474355    13.685016     9.135458    11.018888    20.539441    12.335024     8.506316    27.970466    18.788815  0.339433              0          2.411195    2.750772
Round 50     14.587064    25.597405    12.155921     9.219616    10.738052    21.692348    13.237480     6.591729    29.378715    19.150311  0.311226              0          2.338102    2.649439
Round 51     14.817521    27.331520    13.075031     8.302260    10.754170    21.710947    12.065370     8.192469    27.081833    18.373601  0.309297              0          2.322729    2.632145
Round 52     16.156278    25.700857    12.054719     9.415005    10.461419    21.514547     9.780592     8.277965    27.262093    19.914983  0.323473              0          2.331885    2.655509
Round 53     15.448770    25.965616    12.656137     8.822623    10.852197    22.000262    11.781455     7.816777    25.465648    18.762735  0.355956              0          2.385497    2.741600
Round 54     14.730592    26.353885    12.717535     9.582228    10.927159    20.785904    13.240658     8.054138    26.963269    19.305413  0.325962              0          2.340944    2.667040
Round 55     14.434800    26.527680    12.021467     8.892200     9.500021    21.380430    13.317306     8.574098    27.316358    19.055748  0.316877              0          2.338007    2.655020
Round 56     15.483403    24.380641    12.372361     9.034338    10.513926    22.173456    10.425348     8.104502    27.932164    20.128923  0.323711              0          2.337790    2.661641
Round 57     15.194991    25.049926    13.440384     9.537896    10.514302    21.353356    12.467438     8.414104    26.209581    18.093815  0.338934              0          2.358187    2.697232
Round 58     15.300537    21.895899    12.365739     8.478442    10.471152    21.577207    12.862212     8.971466    28.223067    19.670594  0.330836              0          2.388296    2.719267
Round 59     16.179924    25.594255    10.705195     9.024713    10.209466    20.169925    12.119618     8.339590    27.409861    19.659999  0.340984              0          2.316706    2.657817
Round 60     15.515720    21.101503    13.276227     9.503172    10.538619    22.226382    11.767540     7.873762    28.632838    20.142300  0.342568              0          2.351257    2.693959
Round 61     15.210889    26.478822    12.960051     9.035206    11.019424    21.451887    12.455783     8.116228    28.215269    19.112818  0.320258              0          2.431525    2.751928
Round 62     15.385499    25.704709    12.474480     9.233125    10.350710    20.807892    13.245504     8.627666    25.893096    18.537064  0.344778              0          2.340775    2.685686
Round 63     15.431032    26.347656    12.034457     8.449412     9.926989    20.850245    13.154905     8.236443    27.942268    19.889704  0.328717              0          2.435102    2.763963
Round 64     14.913218    16.540171    12.891814     8.435564    10.935412    20.838306    12.983105     8.754713    28.230616    20.682872  0.313121              0          2.330722    2.643952
Round 65     15.952701    26.481891    12.665529     8.576421    10.217662    21.390392    10.899928     8.242474    26.165664    19.940515  0.316389              0          2.334714    2.651238
Round 66     15.562872    25.721595    13.006692     7.968113     7.343784    20.797467    12.205716     8.823773    28.119794    19.085574  0.340420              0          2.325199    2.665753
Round 67     15.735965    25.494018    12.265651     8.531663    11.140004    21.570021    11.702121     8.253337    28.624032    19.707424  0.354887              0          2.346766    2.701794
Round 68     15.845897    26.642866    13.028707     9.520387    11.237354    19.799247    12.598857     8.924661    27.129641    19.008588  0.338336              0          2.379503    2.718019
Round 69     15.550992    25.644869    12.956308     9.534312    11.134835    21.976468    11.898677     8.418338    27.811402    19.834435  0.350056              0          2.361804    2.711993
Round 70     12.926669    25.996130    12.598829     8.235813    10.375450    21.343793    12.615195     8.947316    28.350079    18.891774  0.361645              0          2.373335    2.735108
Round 71     15.201301    26.552345    12.523458     8.828081     9.581459    20.087065    13.343019     8.451521    28.035265    17.333933  0.338307              0          2.383918    2.722360
Round 72     15.760513    26.681374    12.891437     8.404020    11.027629    21.304934    12.139816     8.213101    28.641441    17.818591  0.318124              0          2.337979    2.656212
Round 73     14.179427    25.691700    14.020597     8.342543    10.661633    19.775613    12.616379     8.939388    27.315315    20.443722  0.345480              0          2.443209    2.788847
Round 74     15.528933    25.407117    12.608329     9.436306    10.685069    21.324889    12.805439     8.018571    27.251791    20.134444  0.312291              0          2.358055    2.670447
Round 75     15.292274    25.692115    12.887438     8.549859    10.204038    21.591347    12.447436     8.238653    28.402495    19.286813  0.335816              0          2.335871    2.671822
Round 76     15.708601    24.838347    12.435057     9.044863     8.309455    19.679037    11.866609     8.527949    28.390926    20.320725  0.349792              0          2.396986    2.746912
Round 77     14.401844    26.437283    13.028211     9.761113    10.119500    21.591760    12.115210     8.947147    20.527997    20.099911  0.313366              0          2.368040    2.681539
Round 78     14.170338    26.563718    11.879377     9.127548    10.780708    20.670358    12.193208     8.807552    24.621723    19.980424  0.356386              0          2.359107    2.715625
Round 79     15.115362    25.038774    12.634038     9.508593    10.392870    20.985999    12.684011     7.975641    25.894778    19.375859  0.329892              0          2.335126    2.665168
Round 80     15.281522    25.825852    12.597685     8.881044     9.972335    20.050231    12.964068     8.679001    28.018779    20.799274  0.349517              0          2.364763    2.714415
Round 81     14.559737    27.056448    12.647114     8.653080    11.138710    16.863312    12.634768     8.732446    27.275972    20.250974  0.316913              0          2.333036    2.650077
Round 82     15.023718    26.762293    12.087146     9.578269    10.425751    20.365731    12.221580     8.824755    28.085606    18.243191  0.345824              0          2.351673    2.697628
Round 83     16.297378    23.924456    12.544734     9.415712     7.393334    20.062766    13.110703     8.152789    28.378190    20.224944  0.334108              0          2.328961    2.663203
Round 84     12.094411    25.821159    12.290043     9.562850     9.742872    21.170648    11.616788     8.813411    27.884669    19.918950  0.328959              0          2.363222    2.692317
Round 85     14.966850    25.494637    12.660128     9.090896     9.874961    19.939378    12.576026     8.133002    28.868355    19.187704  0.325886              0          2.351368    2.677373
Round 86     15.401406    26.715521    13.372290     8.944685    11.088612    21.192115    12.505591     8.855396    28.854058    18.973094  0.364958              0          2.409501    2.774594
Round 87     14.006692    26.029635    12.300299     9.122325    11.652213    21.704712    13.853617     7.911407    26.674628    20.198530  0.363166              0          2.430089    2.793392
Round 88     15.141095    24.898089    12.608927     8.789266    11.148101    17.715472    12.005715     8.825565    28.983636    21.536636  0.328820              0          2.376574    2.705539
Round 89     15.269628    26.704129    11.635169     8.982108    10.392252    21.006910    12.194708     8.208900    28.766327    20.095042  0.323010              0          2.377972    2.701160
Round 90     14.826493    25.379839    12.527446     9.480624    10.765786    18.727004    12.668823     8.700480    27.329446    21.278002  0.331478              0          2.331347    2.662954
Round 91     14.742795    27.632044    12.915508     8.696474    11.403221    20.302159    12.885543     8.648513    28.091087    17.239861  0.328474              0          2.337376    2.665986
Round 92     12.465901    25.904901    12.152167     9.685811    10.464358    20.686680    12.758880     8.453759    29.832158    19.231127  0.329147              0          2.361297    2.690577
Round 93     15.224705    24.894969    11.686253     8.966425    10.503041    20.766489    11.217630     8.542187    29.087532    19.530589  0.329678              0          2.330293    2.660120
Round 94     15.361514    26.858587    12.487952     9.457185    11.323241    20.161533    12.797935     8.609343    24.556532    18.870728  0.357085              0          2.340528    2.697756
Round 95     15.405027    26.905798    11.549557     9.015446    10.590428    20.765592    12.912763     8.230514    26.616184    18.427758  0.332042              0          2.389502    2.721658
Round 96     14.446724    26.211320    11.948188     9.592411     9.876919    17.166135    12.524130     7.581016    28.213466    20.091982  0.327489              0          2.318700    2.646305
Round 97     15.864386    24.737789    12.367238     9.772431    10.201437    19.285896    12.776940     7.926738    27.795746    21.057920  0.320316              0          2.416898    2.737373
Round 98     14.970071    27.155502    10.604060     8.860436    10.469853    19.640510    12.307931     8.551561    28.754831    19.459353  0.320028              0          2.359171    2.679334
Round 99     14.602435    24.717846    12.699754     8.627417    11.154419    19.644182    12.965227     9.563351    27.534142    20.706513  0.327742              0          2.391405    2.719282
Round 100    14.178500    25.235882    12.806775     8.846594    10.510857    20.303870    13.889553     8.132978    28.861847    20.380094  0.367923              0          2.421233    2.789283

총 시뮬레이션 시간: 270.37초


NUM_CLIENTS = 10
BATCH_SIZE = 32
NUM_ROUNDS = 100
LOCAL_EPOCHS = 5
LEARNING_RATE = 0.01
DIRICHLET_ALPHA = 0.5
MIN_SAMPLES_PER_CLASS = 30