================================================================================
 데이터 분할 현황
================================================================================
   Client  Num Samples  Class 0  Class 1  Class 2  Class 3  Class 4  Class 5  Class 6  Class 7  Class 8  Class 9
0       0         5849      390      535       78      711       50      335     2028      710      485      527
1       1         4908       88       85       55      218       34      471     1024     1205      733      995
2       2         6473     1086      717     1296      241      217     1538      710       64      244      360
3       3         3944      354      417      999      321      158       45      212      580      618      240
4       4         5827      978       38      377      267     2668      838       96      147      133      285
5       5         3340      226       37      172       30      202       98      144      117      848     1466
6       6         6916      806      133     1074      971       90     1066      403      404     1388      581
7       7         6089      681     1593      477     1909       31      193      171      684       56      294
8       8         2774      113      458      379       32      679      370      181      197      207      158
9       9         3880      278      987       93      300      871       46       31      892      288       94

================================================================================
 라운드별 글로벌 모델 평가 결과
================================================================================
           Loss  Accuracy       AUC
Round                              
1      2.524276    0.1727  0.788371
2      1.505435    0.4467  0.892854
3      1.084697    0.6097  0.933790
4      0.934967    0.6668  0.949569
5      0.865271    0.7092  0.957884
6      0.813713    0.7275  0.963438
7      0.770635    0.7487  0.967431
8      0.790842    0.7509  0.969496
9      0.739358    0.7676  0.971395
10     0.752259    0.7685  0.972351
11     0.749886    0.7706  0.973171
12     0.719979    0.7763  0.974240
13     0.729848    0.7818  0.974605
14     0.804386    0.7755  0.974105
15     0.753480    0.7847  0.974817
16     0.807430    0.7813  0.974577
17     0.785319    0.7848  0.975103
18     0.827668    0.7841  0.974566
19     0.834661    0.7833  0.974394
20     0.836161    0.7842  0.975113
21     0.803780    0.7882  0.975016
22     0.845306    0.7861  0.974647
23     0.842492    0.7850  0.975024
24     0.840059    0.7844  0.974547
25     0.861192    0.7849  0.974312
26     0.888243    0.7804  0.973948
27     0.864639    0.7842  0.974256
28     0.875741    0.7833  0.974195
29     0.882076    0.7850  0.973993
30     0.893919    0.7811  0.973753

================================================================================
 라운드별 시간 측정 결과 (초)
================================================================================
          client_0_fit_duration  client_9_fit_duration  client_4_fit_duration  client_7_fit_duration  client_5_fit_duration  client_6_fit_duration  client_8_fit_duration  client_3_fit_duration  client_1_fit_duration  client_2_fit_duration  aggregation_duration  individual_eval_duration  global_eval_duration  total_round_duration
Round 1                       0                      0                      0                      0                      0                      0                      0                      0                      0                      0              0.352031                         0              2.787384              3.139550
Round 2                       0                      0                      0                      0                      0                      0                      0                      0                      0                      0              0.309547                         0              2.358048              2.667723
Round 3                       0                      0                      0                      0                      0                      0                      0                      0                      0                      0              0.312860                         0              2.437795              2.750777
Round 4                       0                      0                      0                      0                      0                      0                      0                      0                      0                      0              0.361265                         0              2.367384              2.728818
Round 5                       0                      0                      0                      0                      0                      0                      0                      0                      0                      0              0.321542                         0              2.332264              2.653954
Round 6                       0                      0                      0                      0                      0                      0                      0                      0                      0                      0              0.344464                         0              2.343380              2.687994
Round 7                       0                      0                      0                      0                      0                      0                      0                      0                      0                      0              0.317142                         0              2.428201              2.745497
Round 8                       0                      0                      0                      0                      0                      0                      0                      0                      0                      0              0.317283                         0              2.498965              2.816381
Round 9                       0                      0                      0                      0                      0                      0                      0                      0                      0                      0              0.403149                         0              2.409874              2.813171
Round 10                      0                      0                      0                      0                      0                      0                      0                      0                      0                      0              0.363401                         0              2.361230              2.724779
Round 11                      0                      0                      0                      0                      0                      0                      0                      0                      0                      0              0.362696                         0              2.349798              2.712668
Round 12                      0                      0                      0                      0                      0                      0                      0                      0                      0                      0              0.312171                         0              2.323651              2.635937
Round 13                      0                      0                      0                      0                      0                      0                      0                      0                      0                      0              0.336644                         0              2.458341              2.795134
Round 14                      0                      0                      0                      0                      0                      0                      0                      0                      0                      0              0.304574                         0              2.335571              2.640261
Round 15                      0                      0                      0                      0                      0                      0                      0                      0                      0                      0              0.305499                         0              2.335638              2.641260
Round 16                      0                      0                      0                      0                      0                      0                      0                      0                      0                      0              0.323494                         0              2.415762              2.739395
Round 17                      0                      0                      0                      0                      0                      0                      0                      0                      0                      0              0.318869                         0              2.320272              2.639261
Round 18                      0                      0                      0                      0                      0                      0                      0                      0                      0                      0              0.352348                         0              2.383230              2.735716
Round 19                      0                      0                      0                      0                      0                      0                      0                      0                      0                      0              0.321359                         0              2.411355              2.732856
Round 20                      0                      0                      0                      0                      0                      0                      0                      0                      0                      0              0.380187                         0              2.493649              2.873981
Round 21                      0                      0                      0                      0                      0                      0                      0                      0                      0                      0              0.314502                         0              2.352457              2.667071
Round 22                      0                      0                      0                      0                      0                      0                      0                      0                      0                      0              0.340232                         0              2.375228              2.715620
Round 23                      0                      0                      0                      0                      0                      0                      0                      0                      0                      0              0.353047                         0              2.334608              2.687804
Round 24                      0                      0                      0                      0                      0                      0                      0                      0                      0                      0              0.337861                         0              2.382236              2.720271
Round 25                      0                      0                      0                      0                      0                      0                      0                      0                      0                      0              0.345586                         0              2.441248              2.786983
Round 26                      0                      0                      0                      0                      0                      0                      0                      0                      0                      0              0.373028                         0              2.413662              2.786840
Round 27                      0                      0                      0                      0                      0                      0                      0                      0                      0                      0              0.343547                         0              2.388016              2.731683
Round 28                      0                      0                      0                      0                      0                      0                      0                      0                      0                      0              0.341520                         0              2.433336              2.774998
Round 29                      0                      0                      0                      0                      0                      0                      0                      0                      0                      0              0.325079                         0              2.462366              2.787611
Round 30                      0                      0                      0                      0                      0                      0                      0                      0                      0                      0              0.320813                         0              2.407107              2.728066

총 시뮬레이션 시간: 82.26초


NUM_CLIENTS = 10
BATCH_SIZE = 32
NUM_ROUNDS = 30
LOCAL_EPOCHS = 2
LEARNING_RATE = 0.01
DIRICHLET_ALPHA = 0.5
MIN_SAMPLES_PER_CLASS = 30