================================================================================
 데이터 분할 현황
================================================================================
   Client  Num Samples  Class 0  Class 1  Class 2  Class 3  Class 4  Class 5  Class 6  Class 7  Class 8  Class 9
0       0         3702       58      935      667      157      347      361      274      419       62      422
1       1         3398      448       50      234      881      317      490       55      511      353       59
2       2         5798     1210       52      482      541      642      212       75      202     2246      136
3       3         6461      180     1750       51       76      494     1025      617     1516      107      645
4       4         8058      744      382      762      208     2092      869     2355      286      284       76
5       5         3282      124      248      877      200       61      334      347      384      362      345
6       6         9048      101      236     1210     1697       63      201      966     1367     1102     2105
7       7         2138       50      269      259      153       91      513       50      180      339      234
8       8         5453     1898      868      402      522      146      800      143       50       86      538
9       9         2662      187      210       56      565      747      195      118       85       59      440

================================================================================
 라운드별 글로벌 모델 정확도
================================================================================
       Overall_Accuracy  Poisoned_Acc([0,2,3,4,6,7,8,9])
Round                                                   
1                0.1372                           0.1669
2                0.4284                           0.3924
3                0.5548                           0.4841
4                0.6295                           0.5736
5                0.6723                           0.6226
6                0.6905                           0.6448
7                0.7083                           0.6713
8                0.7249                           0.6884
9                0.7359                           0.7025
10               0.7361                           0.6977
11               0.7411                           0.7036
12               0.7629                           0.7398
13               0.7521                           0.7170
14               0.7528                           0.7194
15               0.7547                           0.7245
16               0.7644                           0.7409
17               0.7629                           0.7316
18               0.7639                           0.7332
19               0.7586                           0.7246
20               0.7662                           0.7426
21               0.7601                           0.7291
22               0.7602                           0.7314
23               0.7526                           0.7226
24               0.7595                           0.7312
25               0.7611                           0.7336
26               0.7558                           0.7256
27               0.7420                           0.7047
28               0.7598                           0.7322
29               0.7503                           0.7208
30               0.7609                           0.7361

================================================================================
 라운드별 모델 합성 가중치
================================================================================
          client_0_weight  client_1_weight  client_2_weight  client_3_weight  client_4_weight  client_5_weight  client_6_weight  client_7_weight  client_8_weight  client_9_weight
Round 1               0.1              0.1              0.1              0.1              0.1              0.1              0.1              0.1              0.1              0.1
Round 2               0.1              0.1              0.1              0.1              0.1              0.1              0.1              0.1              0.1              0.1
Round 3               0.1              0.1              0.1              0.1              0.1              0.1              0.1              0.1              0.1              0.1
Round 4               0.1              0.1              0.1              0.1              0.1              0.1              0.1              0.1              0.1              0.1
Round 5               0.1              0.1              0.1              0.1              0.1              0.1              0.1              0.1              0.1              0.1
Round 6               0.1              0.1              0.1              0.1              0.1              0.1              0.1              0.1              0.1              0.1
Round 7               0.1              0.1              0.1              0.1              0.1              0.1              0.1              0.1              0.1              0.1
Round 8               0.1              0.1              0.1              0.1              0.1              0.1              0.1              0.1              0.1              0.1
Round 9               0.1              0.1              0.1              0.1              0.1              0.1              0.1              0.1              0.1              0.1
Round 10              0.1              0.1              0.1              0.1              0.1              0.1              0.1              0.1              0.1              0.1
Round 11              0.1              0.1              0.1              0.1              0.1              0.1              0.1              0.1              0.1              0.1
Round 12              0.1              0.1              0.1              0.1              0.1              0.1              0.1              0.1              0.1              0.1
Round 13              0.1              0.1              0.1              0.1              0.1              0.1              0.1              0.1              0.1              0.1
Round 14              0.1              0.1              0.1              0.1              0.1              0.1              0.1              0.1              0.1              0.1
Round 15              0.1              0.1              0.1              0.1              0.1              0.1              0.1              0.1              0.1              0.1
Round 16              0.1              0.1              0.1              0.1              0.1              0.1              0.1              0.1              0.1              0.1
Round 17              0.1              0.1              0.1              0.1              0.1              0.1              0.1              0.1              0.1              0.1
Round 18              0.1              0.1              0.1              0.1              0.1              0.1              0.1              0.1              0.1              0.1
Round 19              0.1              0.1              0.1              0.1              0.1              0.1              0.1              0.1              0.1              0.1
Round 20              0.1              0.1              0.1              0.1              0.1              0.1              0.1              0.1              0.1              0.1
Round 21              0.1              0.1              0.1              0.1              0.1              0.1              0.1              0.1              0.1              0.1
Round 22              0.1              0.1              0.1              0.1              0.1              0.1              0.1              0.1              0.1              0.1
Round 23              0.1              0.1              0.1              0.1              0.1              0.1              0.1              0.1              0.1              0.1
Round 24              0.1              0.1              0.1              0.1              0.1              0.1              0.1              0.1              0.1              0.1
Round 25              0.1              0.1              0.1              0.1              0.1              0.1              0.1              0.1              0.1              0.1
Round 26              0.1              0.1              0.1              0.1              0.1              0.1              0.1              0.1              0.1              0.1
Round 27              0.1              0.1              0.1              0.1              0.1              0.1              0.1              0.1              0.1              0.1
Round 28              0.1              0.1              0.1              0.1              0.1              0.1              0.1              0.1              0.1              0.1
Round 29              0.1              0.1              0.1              0.1              0.1              0.1              0.1              0.1              0.1              0.1
Round 30              0.1              0.1              0.1              0.1              0.1              0.1              0.1              0.1              0.1              0.1

================================================================================
 라운드별 시간 측정 결과 (초)
================================================================================
          cli 0 train  cli 1 train  cli 2 train  cli 3 train  cli 4 train  cli 5 train  cli 6 train  cli 7 train  cli 8 train  cli 9 train  agg time  cli eval time  global eval time  total time
Round 1      4.946579     5.138593     6.941589     8.462529     7.518449     4.556152    10.306614     2.141213     5.389021     4.869970  0.349627              0          2.700500    5.761804
Round 2      4.122302     4.148933     6.349544     7.986762    10.399021     5.212970    12.027359     2.944679     7.729478     2.727811  0.256509              0          2.352117    5.136617
Round 3      4.578340     4.197803     7.016400     7.717114    10.283930     4.262314     9.923423     2.925022     7.357935     3.467149  0.237619              0          2.322851    5.101435
Round 4      4.589223     4.115168     7.777503     6.355008    10.118789     4.943376    11.172894     3.207823     8.111840     3.513700  0.257907              0          2.302140    5.180521
Round 5      4.880026     4.944689     7.244557     8.871399     8.272513     4.382561    10.559393     3.482131     7.280233     3.494159  0.244471              0          2.328558    5.118387
Round 6      5.423640     4.559644     7.361845     8.289306     8.052871     4.449590    11.718453     3.371917     6.938391     3.553919  0.243438              0          2.348121    5.243499
Round 7      4.550817     4.726361     7.783076     6.535736    10.398457     4.063830    11.351420     3.341400     7.635956     3.444406  0.228669              0          2.411947    5.319206
Round 8      4.554634     4.358652     6.903939     8.652933     9.895820     4.594602    12.484337     2.977058     7.378693     3.809138  0.263476              0          2.370018    5.244280
Round 9      5.072008     4.540992     7.325476     8.173259    10.056055     4.100661    12.645111     2.759415     6.858998     3.796320  0.225401              0          2.338286    5.095876
Round 10     5.651391     5.145666     7.573565     7.843206    10.434525     4.161838    11.695474     3.103287     7.477206     3.538839  0.261480              0          2.313483    5.179566
Round 11     5.092603     4.747186     7.760401     8.135881    11.436760     4.835771    12.030152     2.814592     7.367656     3.093938  0.239932              0          2.402103    5.674478
Round 12     4.709233     5.261998     6.920851     8.255966    10.662844     4.396636    12.182674     3.009698     6.478623     3.601545  0.240465              0          2.343387    5.146998
Round 13     3.004550     4.593382     8.066969     8.836669    10.878208     4.846985    10.968820     3.253134     6.782558     3.306947  0.248870              0          2.385040    5.170538
Round 14     5.253959     5.020075     6.651948     8.039560     9.997951     4.780279     8.230477     2.634992     7.585907     3.341008  0.245026              0          2.328396    5.137434
Round 15     5.346588     4.449469     7.032306     7.977729    10.198073     5.039665    11.165366     2.533221     7.707571     3.155949  0.242492              0          2.351644    5.143874
Round 16     5.485951     4.489534     7.879418     9.028948    10.627803     4.675960    11.279783     2.540164     6.989321     3.545884  0.235647              0          2.430884    5.210422
Round 17     5.741149     5.407292     7.789179     8.833058     9.663548     4.375952    12.203569     2.593284     7.552962     3.419879  0.242347              0          2.333609    5.131655
Round 18     5.876275     3.897270     7.058522     8.281421    10.101781     5.012420    11.066865     3.465643     7.882946     4.195578  0.226315              0          2.313890    5.090168
Round 19     5.260925     4.788822     7.660532     8.155602    11.229323     3.779070    12.597265     2.924742     7.669241     3.217330  0.235123              0          2.346479    5.157351
Round 20     5.178038     4.591486     8.168338     8.542431     9.897520     5.087640    11.822437     3.388227     7.766171     3.702717  0.223988              0          2.365166    5.106432
Round 21     5.024705     4.649510     7.562325     8.736050    10.948322     4.375605    11.916435     3.415725     7.787293     3.311305  0.225920              0          2.327924    5.176080
Round 22     4.706725     5.352694     8.561993     8.654522     9.709039     4.127972    12.180832     2.626717     6.996093     3.483512  0.256782              0          2.318316    5.105651
Round 23     4.912382     4.302181     8.047994     5.818241    12.043545     4.809789    12.289079     2.790659     6.835663     3.514410  0.241292              0          2.313025    5.182963
Round 24     4.314797     4.650109     6.210391     8.320446    10.727063     4.991834    11.562145     2.573091     7.270369     3.583815  0.248200              0          2.344591    5.114239
Round 25     4.719584     4.626846     7.790118     8.671015    10.655503     4.202075     8.716966     2.691512     7.216624     3.597078  0.240291              0          2.389879    5.172823
Round 26     4.918065     4.274568     6.282114     8.951162    10.740088     4.202143    11.577810     2.792207     7.571644     4.030408  0.249453              0          2.381754    5.363957
Round 27     5.170001     4.422396     7.828881     8.201900    10.669343     2.862669    11.539698     2.926342     7.160821     3.310471  0.269477              0          2.320423    5.134141
Round 28     4.920648     3.699828     7.296671     8.655004    10.885054     4.511366    12.378731     3.026804     7.090853     4.203580  0.288316              0          2.317144    5.292922
Round 29     4.972717     4.663437     8.003935     8.422831    10.951869     4.632436    11.605600     2.939428     7.416184     3.639934  0.250297              0          2.336230    5.127589
Round 30     5.445655     4.992426     6.921762     9.038065    10.435310     4.123713     8.504426     2.701791     7.507800     3.359995  0.229367              0          2.326307    5.414886

총 시뮬레이션 시간: 156.44초

================================================================================
 시뮬레이션 파라미터
================================================================================
NUM_CLIENTS: 10
NUM_ROUNDS: 30
LOCAL_EPOCHS: 2
DIRICHLET_ALPHA: 0.5
MIN_SAMPLES_PER_CLASS: 50
RANDOM_SEED: 42
NUM_COMMITTEE_MEMBERS: 3
EWMA_BETA: 0.5
CONTRIBUTION_SCALING_FACTOR: 1.3
NUM_NOISE_ATTACKERS: 0
NUM_DATAF_ATTACKERS: 3
DATAF_POISON_LEVEL: 3
COMMITTEE_EVAL_SKIPPED: True
