================================================================================
 데이터 분할 현황
================================================================================
   Client  Num Samples  Class 0  Class 1  Class 2  Class 3  Class 4  Class 5  Class 6  Class 7  Class 8  Class 9
0       0         3702       58      935      667      157      347      361      274      419       62      422
1       1         3398      448       50      234      881      317      490       55      511      353       59
2       2         5798     1210       52      482      541      642      212       75      202     2246      136
3       3         6461      180     1750       51       76      494     1025      617     1516      107      645
4       4         8058      744      382      762      208     2092      869     2355      286      284       76
5       5         3282      124      248      877      200       61      334      347      384      362      345
6       6         9048      101      236     1210     1697       63      201      966     1367     1102     2105
7       7         2138       50      269      259      153       91      513       50      180      339      234
8       8         5453     1898      868      402      522      146      800      143       50       86      538
9       9         2662      187      210       56      565      747      195      118       85       59      440

================================================================================
 라운드별 글로벌 모델 정확도
================================================================================
       Overall_Accuracy  Poisoned_Acc([0,2,3,4,6,7,8,9])
Round                                                   
1                0.1193                           0.1466
2                0.4014                           0.3689
3                0.5668                           0.5059
4                0.6368                           0.5875
5                0.6657                           0.6101
6                0.7179                           0.6816
7                0.7224                           0.6857
8                0.7451                           0.7073
9                0.7458                           0.7091
10               0.7566                           0.7235
11               0.7612                           0.7306
12               0.7714                           0.7484
13               0.7688                           0.7385
14               0.7620                           0.7308
15               0.7622                           0.7291
16               0.7746                           0.7491
17               0.7590                           0.7232
18               0.7794                           0.7568
19               0.7739                           0.7435
20               0.7728                           0.7489
21               0.7750                           0.7494
22               0.7728                           0.7468
23               0.7748                           0.7540
24               0.7637                           0.7361
25               0.7637                           0.7344
26               0.7712                           0.7466
27               0.7667                           0.7426
28               0.7577                           0.7314
29               0.7740                           0.7510
30               0.7663                           0.7405
31               0.7694                           0.7450
32               0.7646                           0.7432
33               0.7704                           0.7480
34               0.7661                           0.7435
35               0.7660                           0.7465
36               0.7669                           0.7439
37               0.7648                           0.7441
38               0.7657                           0.7416
39               0.7655                           0.7434
40               0.7674                           0.7484
41               0.7691                           0.7471
42               0.7684                           0.7498
43               0.7713                           0.7495
44               0.7634                           0.7419
45               0.7652                           0.7432
46               0.7704                           0.7470
47               0.7713                           0.7498
48               0.7672                           0.7464
49               0.7682                           0.7461
50               0.7703                           0.7472
51               0.7581                           0.7339
52               0.7682                           0.7526
53               0.7637                           0.7419
54               0.7592                           0.7378
55               0.7631                           0.7450
56               0.7674                           0.7492
57               0.7610                           0.7440
58               0.7645                           0.7445
59               0.7646                           0.7465
60               0.7611                           0.7422
61               0.7646                           0.7475
62               0.7656                           0.7481
63               0.7621                           0.7439
64               0.7635                           0.7501
65               0.7576                           0.7420
66               0.7654                           0.7492
67               0.7640                           0.7470
68               0.7659                           0.7491
69               0.7636                           0.7465
70               0.7590                           0.7430
71               0.7634                           0.7466
72               0.7621                           0.7486
73               0.7645                           0.7530
74               0.7666                           0.7502
75               0.7640                           0.7456
76               0.7629                           0.7525
77               0.7672                           0.7538
78               0.7589                           0.7434
79               0.7588                           0.7458
80               0.7672                           0.7552
81               0.7663                           0.7521
82               0.7632                           0.7500
83               0.7647                           0.7505
84               0.7702                           0.7650
85               0.7668                           0.7509
86               0.7671                           0.7534
87               0.7662                           0.7530
88               0.7624                           0.7478
89               0.7636                           0.7509
90               0.7629                           0.7468
91               0.7654                           0.7516
92               0.7652                           0.7535
93               0.7657                           0.7510
94               0.7655                           0.7519
95               0.7683                           0.7560
96               0.7703                           0.7532
97               0.7636                           0.7476
98               0.7675                           0.7531
99               0.7654                           0.7521
100              0.7682                           0.7509

================================================================================
 라운드별 모델 합성 가중치
================================================================================
           client_0_weight  client_1_weight  client_2_weight  client_3_weight  client_4_weight  client_5_weight  client_6_weight  client_7_weight  client_8_weight  client_9_weight
Round 1                0.1              0.1              0.1              0.1              0.1              0.1              0.1              0.1              0.1              0.1
Round 2                0.1              0.1              0.1              0.1              0.1              0.1              0.1              0.1              0.1              0.1
Round 3                0.1              0.1              0.1              0.1              0.1              0.1              0.1              0.1              0.1              0.1
Round 4                0.1              0.1              0.1              0.1              0.1              0.1              0.1              0.1              0.1              0.1
Round 5                0.1              0.1              0.1              0.1              0.1              0.1              0.1              0.1              0.1              0.1
Round 6                0.1              0.1              0.1              0.1              0.1              0.1              0.1              0.1              0.1              0.1
Round 7                0.1              0.1              0.1              0.1              0.1              0.1              0.1              0.1              0.1              0.1
Round 8                0.1              0.1              0.1              0.1              0.1              0.1              0.1              0.1              0.1              0.1
Round 9                0.1              0.1              0.1              0.1              0.1              0.1              0.1              0.1              0.1              0.1
Round 10               0.1              0.1              0.1              0.1              0.1              0.1              0.1              0.1              0.1              0.1
Round 11               0.1              0.1              0.1              0.1              0.1              0.1              0.1              0.1              0.1              0.1
Round 12               0.1              0.1              0.1              0.1              0.1              0.1              0.1              0.1              0.1              0.1
Round 13               0.1              0.1              0.1              0.1              0.1              0.1              0.1              0.1              0.1              0.1
Round 14               0.1              0.1              0.1              0.1              0.1              0.1              0.1              0.1              0.1              0.1
Round 15               0.1              0.1              0.1              0.1              0.1              0.1              0.1              0.1              0.1              0.1
Round 16               0.1              0.1              0.1              0.1              0.1              0.1              0.1              0.1              0.1              0.1
Round 17               0.1              0.1              0.1              0.1              0.1              0.1              0.1              0.1              0.1              0.1
Round 18               0.1              0.1              0.1              0.1              0.1              0.1              0.1              0.1              0.1              0.1
Round 19               0.1              0.1              0.1              0.1              0.1              0.1              0.1              0.1              0.1              0.1
Round 20               0.1              0.1              0.1              0.1              0.1              0.1              0.1              0.1              0.1              0.1
Round 21               0.1              0.1              0.1              0.1              0.1              0.1              0.1              0.1              0.1              0.1
Round 22               0.1              0.1              0.1              0.1              0.1              0.1              0.1              0.1              0.1              0.1
Round 23               0.1              0.1              0.1              0.1              0.1              0.1              0.1              0.1              0.1              0.1
Round 24               0.1              0.1              0.1              0.1              0.1              0.1              0.1              0.1              0.1              0.1
Round 25               0.1              0.1              0.1              0.1              0.1              0.1              0.1              0.1              0.1              0.1
Round 26               0.1              0.1              0.1              0.1              0.1              0.1              0.1              0.1              0.1              0.1
Round 27               0.1              0.1              0.1              0.1              0.1              0.1              0.1              0.1              0.1              0.1
Round 28               0.1              0.1              0.1              0.1              0.1              0.1              0.1              0.1              0.1              0.1
Round 29               0.1              0.1              0.1              0.1              0.1              0.1              0.1              0.1              0.1              0.1
Round 30               0.1              0.1              0.1              0.1              0.1              0.1              0.1              0.1              0.1              0.1
Round 31               0.1              0.1              0.1              0.1              0.1              0.1              0.1              0.1              0.1              0.1
Round 32               0.1              0.1              0.1              0.1              0.1              0.1              0.1              0.1              0.1              0.1
Round 33               0.1              0.1              0.1              0.1              0.1              0.1              0.1              0.1              0.1              0.1
Round 34               0.1              0.1              0.1              0.1              0.1              0.1              0.1              0.1              0.1              0.1
Round 35               0.1              0.1              0.1              0.1              0.1              0.1              0.1              0.1              0.1              0.1
Round 36               0.1              0.1              0.1              0.1              0.1              0.1              0.1              0.1              0.1              0.1
Round 37               0.1              0.1              0.1              0.1              0.1              0.1              0.1              0.1              0.1              0.1
Round 38               0.1              0.1              0.1              0.1              0.1              0.1              0.1              0.1              0.1              0.1
Round 39               0.1              0.1              0.1              0.1              0.1              0.1              0.1              0.1              0.1              0.1
Round 40               0.1              0.1              0.1              0.1              0.1              0.1              0.1              0.1              0.1              0.1
Round 41               0.1              0.1              0.1              0.1              0.1              0.1              0.1              0.1              0.1              0.1
Round 42               0.1              0.1              0.1              0.1              0.1              0.1              0.1              0.1              0.1              0.1
Round 43               0.1              0.1              0.1              0.1              0.1              0.1              0.1              0.1              0.1              0.1
Round 44               0.1              0.1              0.1              0.1              0.1              0.1              0.1              0.1              0.1              0.1
Round 45               0.1              0.1              0.1              0.1              0.1              0.1              0.1              0.1              0.1              0.1
Round 46               0.1              0.1              0.1              0.1              0.1              0.1              0.1              0.1              0.1              0.1
Round 47               0.1              0.1              0.1              0.1              0.1              0.1              0.1              0.1              0.1              0.1
Round 48               0.1              0.1              0.1              0.1              0.1              0.1              0.1              0.1              0.1              0.1
Round 49               0.1              0.1              0.1              0.1              0.1              0.1              0.1              0.1              0.1              0.1
Round 50               0.1              0.1              0.1              0.1              0.1              0.1              0.1              0.1              0.1              0.1
Round 51               0.1              0.1              0.1              0.1              0.1              0.1              0.1              0.1              0.1              0.1
Round 52               0.1              0.1              0.1              0.1              0.1              0.1              0.1              0.1              0.1              0.1
Round 53               0.1              0.1              0.1              0.1              0.1              0.1              0.1              0.1              0.1              0.1
Round 54               0.1              0.1              0.1              0.1              0.1              0.1              0.1              0.1              0.1              0.1
Round 55               0.1              0.1              0.1              0.1              0.1              0.1              0.1              0.1              0.1              0.1
Round 56               0.1              0.1              0.1              0.1              0.1              0.1              0.1              0.1              0.1              0.1
Round 57               0.1              0.1              0.1              0.1              0.1              0.1              0.1              0.1              0.1              0.1
Round 58               0.1              0.1              0.1              0.1              0.1              0.1              0.1              0.1              0.1              0.1
Round 59               0.1              0.1              0.1              0.1              0.1              0.1              0.1              0.1              0.1              0.1
Round 60               0.1              0.1              0.1              0.1              0.1              0.1              0.1              0.1              0.1              0.1
Round 61               0.1              0.1              0.1              0.1              0.1              0.1              0.1              0.1              0.1              0.1
Round 62               0.1              0.1              0.1              0.1              0.1              0.1              0.1              0.1              0.1              0.1
Round 63               0.1              0.1              0.1              0.1              0.1              0.1              0.1              0.1              0.1              0.1
Round 64               0.1              0.1              0.1              0.1              0.1              0.1              0.1              0.1              0.1              0.1
Round 65               0.1              0.1              0.1              0.1              0.1              0.1              0.1              0.1              0.1              0.1
Round 66               0.1              0.1              0.1              0.1              0.1              0.1              0.1              0.1              0.1              0.1
Round 67               0.1              0.1              0.1              0.1              0.1              0.1              0.1              0.1              0.1              0.1
Round 68               0.1              0.1              0.1              0.1              0.1              0.1              0.1              0.1              0.1              0.1
Round 69               0.1              0.1              0.1              0.1              0.1              0.1              0.1              0.1              0.1              0.1
Round 70               0.1              0.1              0.1              0.1              0.1              0.1              0.1              0.1              0.1              0.1
Round 71               0.1              0.1              0.1              0.1              0.1              0.1              0.1              0.1              0.1              0.1
Round 72               0.1              0.1              0.1              0.1              0.1              0.1              0.1              0.1              0.1              0.1
Round 73               0.1              0.1              0.1              0.1              0.1              0.1              0.1              0.1              0.1              0.1
Round 74               0.1              0.1              0.1              0.1              0.1              0.1              0.1              0.1              0.1              0.1
Round 75               0.1              0.1              0.1              0.1              0.1              0.1              0.1              0.1              0.1              0.1
Round 76               0.1              0.1              0.1              0.1              0.1              0.1              0.1              0.1              0.1              0.1
Round 77               0.1              0.1              0.1              0.1              0.1              0.1              0.1              0.1              0.1              0.1
Round 78               0.1              0.1              0.1              0.1              0.1              0.1              0.1              0.1              0.1              0.1
Round 79               0.1              0.1              0.1              0.1              0.1              0.1              0.1              0.1              0.1              0.1
Round 80               0.1              0.1              0.1              0.1              0.1              0.1              0.1              0.1              0.1              0.1
Round 81               0.1              0.1              0.1              0.1              0.1              0.1              0.1              0.1              0.1              0.1
Round 82               0.1              0.1              0.1              0.1              0.1              0.1              0.1              0.1              0.1              0.1
Round 83               0.1              0.1              0.1              0.1              0.1              0.1              0.1              0.1              0.1              0.1
Round 84               0.1              0.1              0.1              0.1              0.1              0.1              0.1              0.1              0.1              0.1
Round 85               0.1              0.1              0.1              0.1              0.1              0.1              0.1              0.1              0.1              0.1
Round 86               0.1              0.1              0.1              0.1              0.1              0.1              0.1              0.1              0.1              0.1
Round 87               0.1              0.1              0.1              0.1              0.1              0.1              0.1              0.1              0.1              0.1
Round 88               0.1              0.1              0.1              0.1              0.1              0.1              0.1              0.1              0.1              0.1
Round 89               0.1              0.1              0.1              0.1              0.1              0.1              0.1              0.1              0.1              0.1
Round 90               0.1              0.1              0.1              0.1              0.1              0.1              0.1              0.1              0.1              0.1
Round 91               0.1              0.1              0.1              0.1              0.1              0.1              0.1              0.1              0.1              0.1
Round 92               0.1              0.1              0.1              0.1              0.1              0.1              0.1              0.1              0.1              0.1
Round 93               0.1              0.1              0.1              0.1              0.1              0.1              0.1              0.1              0.1              0.1
Round 94               0.1              0.1              0.1              0.1              0.1              0.1              0.1              0.1              0.1              0.1
Round 95               0.1              0.1              0.1              0.1              0.1              0.1              0.1              0.1              0.1              0.1
Round 96               0.1              0.1              0.1              0.1              0.1              0.1              0.1              0.1              0.1              0.1
Round 97               0.1              0.1              0.1              0.1              0.1              0.1              0.1              0.1              0.1              0.1
Round 98               0.1              0.1              0.1              0.1              0.1              0.1              0.1              0.1              0.1              0.1
Round 99               0.1              0.1              0.1              0.1              0.1              0.1              0.1              0.1              0.1              0.1
Round 100              0.1              0.1              0.1              0.1              0.1              0.1              0.1              0.1              0.1              0.1

================================================================================
 라운드별 시간 측정 결과 (초)
================================================================================
           cli 0 train  cli 1 train  cli 2 train  cli 3 train  cli 4 train  cli 5 train  cli 6 train  cli 7 train  cli 8 train  cli 9 train  agg time  cli eval time  global eval time  total time
Round 1       9.197430     5.290789     9.585639     9.328317    16.318036     7.059974    14.239344     4.166438     8.546819     4.030672  0.366938              0          4.967436    9.252286
Round 2       7.710459     5.508154    15.164266    10.574136    20.019861     5.426430    10.584167     3.925240     8.798992     4.553227  0.241697              0          2.525157    5.638033
Round 3       6.065540     9.553507    12.427334    10.864209    20.915091     8.447135    23.641785     3.410821    13.383946     4.329539  0.331546              0          4.312085    8.630144
Round 4       6.299927     5.356587     9.868949    10.814963    12.556420     5.117154    11.224169     3.450854     9.478469     4.685881  0.264989              0          2.675747    5.845486
Round 5       9.724542     8.651675    15.236831    16.411278    21.356936     8.973598    19.146491     6.094409    14.573101     7.338083  0.267848              0          2.756436    5.795353
Round 6       6.104079     5.856866     9.596426    10.695983    13.759822     5.431858    15.318228     3.551755     8.859945     4.538904  0.255266              0          4.606761    8.976813
Round 7       5.140109     9.624160    14.907748    11.758885    20.395886     5.147946    19.954858     4.239310    13.890695     5.696033  0.242514              0          2.583858    5.693161
Round 8       6.306602     5.841410     9.572038    10.572342    13.264135     5.582344    18.928460     3.709758     9.216952     7.511798  0.236629              0          4.520844    8.776113
Round 9       7.300472     5.888326     9.740623    17.607062    19.473758     8.722453    12.415667     3.890989    14.212255     4.282139  0.259300              0          2.667696    5.737682
Round 10      6.122336     5.776691     9.771919    10.671881    21.222171     8.870901    21.415799     6.412915    14.872356     7.896696  0.239397              0          4.520725    8.813744
Round 11      7.981276     5.878461     9.804222    11.185786    13.799364     5.653717    15.373986     3.742801    10.574979     4.012966  0.256830              0          2.664729    5.648316
Round 12     10.221255     9.401991    12.371186    16.763876    21.602486     9.083606    24.003084     5.397446    11.820908     7.276932  0.292754              0          3.393295    6.677253
Round 13      6.155100     5.773063     9.673850    10.693043    13.755537     5.741068    15.568085     3.738158     6.511432     4.591102  0.264818              0          2.757428    7.430634
Round 14     10.070289     9.193459    12.178628    17.112567    21.491565     9.456983    18.902408     6.113769    14.544957     7.202059  0.274371              0          2.570242    5.748521
Round 15      6.251676     6.013287     9.928558    10.819135    14.269979     5.558543    14.978752     3.189120     9.061762     4.796878  0.306645              0          4.753702    9.383305
Round 16      6.263068     9.164557    13.427140    17.577683    11.756231     8.149338    24.059298     5.737188     9.261703     4.658875  0.258173              0          2.621599    5.722926
Round 17      6.454900     6.311477    15.786871    10.794928    21.707687     6.944829    15.123585     3.986849     9.104748     7.172722  0.272615              0          4.720417    9.122234
Round 18      6.343583     9.221467    10.014946    10.938797    16.477021     8.998114    15.964437     3.722639     9.002317     7.024422  0.276155              0          2.590850    5.787146
Round 19     10.446562     9.624116    15.572821    17.123473    14.990189     8.788525    23.931604     5.140576     9.340670     7.254672  0.273949              0          4.501106    8.519701
Round 20      5.858748     6.045283    10.086117    11.560613    12.745441     5.418632    15.752457     3.730493     9.274084     4.550277  0.235318              0          2.763842    5.892639
Round 21      8.583045     9.550004    14.829070    16.659281    21.710955     7.684316    23.963121     6.144190    13.065668     7.662065  0.272340              0          2.720124    5.808852
Round 22      5.955620     6.071350     9.884801    10.862936    13.354390     5.882306    15.405708     3.461441     9.056093     4.545152  0.236198              0          2.616723    7.232111
Round 23      9.855083     8.229902    15.668728    17.391722    19.558672     8.989478    10.360450     5.951741    14.758578     7.655728  0.257884              0          2.518169    5.730586
Round 24      6.518709     5.509586     9.905246    11.312309    15.300038     5.156765    15.296560     3.711399     8.908055     4.545301  0.270723              0          4.509849    8.657802
Round 25     10.211055     5.597693    13.341125    11.265193    13.823143     8.812176    22.661091     6.452093    13.785706     7.352038  0.277819              0          2.679883    5.667974
Round 26     10.242692     5.687896    15.672638    11.247188    13.387611     7.829025    18.535140     3.876744     9.012460     4.612069  0.248518              0          4.218335    8.653777
Round 27      6.291411     6.683064    15.657267    17.326530    13.521317     3.677971    17.864920     3.796755     9.407635     7.171499  0.235278              0          2.698945    5.766574
Round 28      9.929791     5.902077    13.962375    17.264755    13.201341     5.649901    23.899403     3.618773    12.555535     4.550679  0.267390              0          4.493763    8.929249
Round 29      6.513287     8.588332     9.660467    10.917288     9.047471     5.433676    16.922863     3.833740    10.945230     7.041868  0.253016              0          2.570336    5.717434
Round 30      8.944236     6.721936    15.209398    17.735966    21.497167     5.715920    23.211582     5.892492     8.665623     7.929109  0.331485              0          4.263809    8.222397
Round 31      6.605957     5.833192     9.936061    10.774837    10.982850     5.807635    15.169295     3.728593     9.165619     4.264659  0.238811              0          2.723825    5.798383
Round 32      7.584326     9.069721    15.276830    17.053817    20.660288     9.391130    22.944667     5.696196    14.516265     7.320210  0.319191              0          2.763744    5.887425
Round 33      5.867007     5.834252    10.007972    10.914597    13.816142     5.606462    15.449778     3.782855     8.682756     4.583027  0.285973              0          4.667304    9.191968
Round 34     10.206762     9.060410    14.922881     7.265156    17.983375     8.615168    20.489139     5.815655    14.278995     7.641106  0.285720              0          2.658095    5.786150
Round 35      5.942566     5.815122     9.707130    14.647792    16.441371     5.414187    18.779006     3.603396     9.330538     4.630254  0.240769              0          4.519993    9.052273
Round 36      6.266351     9.022825    10.443157    15.119420    15.461796     6.857015    15.152646     3.735178     9.494292     5.841468  0.239654              0          2.552836    5.515740
Round 37      9.955209     9.106522     9.935108    10.982478    17.712338     5.412135    19.515875     3.804887    15.122920     4.317231  0.233894              0          4.719313    8.962177
Round 38      6.111439     7.384795     8.983810    11.308608    13.439517     5.839700    15.214774     3.552714    11.014039     4.494140  0.300288              0          2.624480    5.698985
Round 39      9.184307     9.398142    13.607895    17.060674    21.009174     9.055573    23.763796     6.213723    10.080264     4.445001  0.288600              0          3.401483    6.768681
Round 40      6.345292     5.916587     7.462829    11.343036    13.525642     5.660824    15.216867     3.677533     9.128963     4.353803  0.270336              0          2.644017    5.846241
Round 41     10.301798     9.175364    14.744318    17.426600    20.034473     8.956490    20.972909     5.620209    15.177834     7.350058  0.298962              0          2.678255    5.878483
Round 42      5.957459     5.679868    10.195455    11.016901    13.747152     5.651644    15.385458     3.625681     8.939368     4.653980  0.350653              0          4.441108    9.161105
Round 43      4.993294     5.830769    15.182849    17.405115    16.771165     8.453559    24.002600     4.368241    13.676572     7.963857  0.285145              0          2.605419    5.801487
Round 44      6.324962     5.866374    13.835474    11.154080    13.468279     6.575860    18.877398     3.677411     9.287324     4.540700  0.281827              0          4.910842    9.456334
Round 45      6.284421     5.843248    13.482289    17.826329    21.069062     8.799460    13.769869     5.116387     9.383606     4.529361  0.306199              0          2.590719    5.632738
Round 46      9.500857     8.859090     9.980438    10.620984    19.451607     5.191561    24.050097     3.790265     9.418822     7.764933  0.275200              0          4.805339    9.408875
Round 47      9.668582     5.610954    10.074565    16.114376    13.738516     7.841574    15.297539     3.408229     9.175127     4.527388  0.264744              0          2.549076    5.695598
Round 48      9.828888     5.954700    15.317147    10.612833    21.536251     8.690225    18.235471     6.128985    10.667813     7.667318  0.340363              0          4.183974    7.606110
Round 49      6.420985     6.027013     9.903779    10.984607    13.223489     5.798364    15.236385     3.663751     7.922229     4.563965  0.272182              0          2.803370    6.740291
Round 50      9.823586     9.253335    15.407252    17.485651    21.570000     8.843200    23.522734     4.571951     9.741171     7.353693  0.251439              0          2.549968    5.658291
Round 51      5.815760     5.974224     9.915755    10.685038    13.950465     5.619504    15.308697     3.700477     9.463938     4.760916  0.265522              0          4.677003    9.073933
Round 52      9.732245     9.068029    15.019362    15.491168    20.305658     8.852144    16.078402     5.828634     9.848545     5.758138  0.277383              0          2.624698    5.860774
Round 53      6.026291     5.169246    10.269749    11.005488    13.428156     5.714429    18.557168     3.811248     9.362044     4.406847  0.261528              0          4.414395    8.869236
Round 54      6.472665     9.056161    15.677284    10.887066    13.328882     5.688064    16.320527     6.480206    14.681487     6.040518  0.249550              0          2.515492    5.670581
Round 55     10.491796     5.151563    13.966950    10.873980    13.882873     5.782498    23.852270     5.754676    14.101989     7.597445  0.297096              0          4.363210    9.032813
Round 56      5.080137     9.620128     9.851035    11.617979    13.817436     5.469185    15.623666     3.850572    13.153757     4.668431  0.323589              0          2.633432    5.823229
Round 57      9.923722     8.834547    14.330062    16.729032    15.098423     8.805464    19.271398     3.698907    15.095369     7.533709  0.276918              0          4.933870    9.126480
Round 58      6.461666     5.920658    10.369508    10.882348    13.772058     5.337833    13.835516     3.713512     9.253265     4.306856  0.332420              0          2.785412    5.974868
Round 59      9.994879     9.260096    15.389668    17.247251    20.212968     7.916664    19.914409     6.435111    14.385562     7.705458  0.248344              0          2.622828    5.815322
Round 60      6.436467     5.906554     9.861865    10.883523    12.974760     5.611689    15.193348     3.715770     9.160009     4.810999  0.265047              0          4.488291    9.069932
Round 61      6.808225     5.919166    14.620268    11.699110    21.161327     8.640041    23.920302     5.897405     8.613558     7.287060  0.287986              0          2.597336    5.821785
Round 62     10.111980     8.372730     9.659007    11.032202    13.391571     5.516739    20.191545     3.692851     9.365210     6.226306  0.276428              0          4.552818    9.084381
Round 63      7.638926     5.960502    15.446063    10.966043    13.126832     5.519457    21.956712     3.680778     9.438837     4.865380  0.271756              0          2.478448    5.660464
Round 64     10.529243     5.474978    15.697378    10.391720    21.316159     6.717103    22.792864     3.724956     9.196477     7.683353  0.260907              0          4.691711    8.835054
Round 65      6.458380     7.084065    11.553010    11.559583    13.309044     5.767994    15.356553     3.710831     6.864477     4.765957  0.314324              0          2.760207    5.938621
Round 66      9.400812     9.443842    16.111787    17.360474    16.670559     9.670842    23.792895     5.469573     9.295400     7.496353  0.274214              0          4.935520    8.705133
Round 67      6.678243     5.737461    10.145328    10.763122    13.257256     5.796804    11.530384     3.889624     8.854933     4.684231  0.251427              0          4.224039    8.836227
Round 68      9.863987     9.326824    15.149455    17.632775    21.837430     5.827965    24.346618     4.888638     8.958092     6.084294  0.270463              0          2.658722    5.726279
Round 69      6.347750     5.988515    10.439295    10.926436    14.111487     5.520725    18.569590     3.300224     9.039103     4.395018  0.337502              0          4.709596    9.330427
Round 70      6.427085     5.825665    10.221657    14.856187    13.993849     5.261746    22.005491     5.871249    14.796175     3.339020  0.252062              0          2.640234    5.687767
Round 71      6.332038     5.742965    15.232775    17.798704    16.873231     5.553984    18.306937     5.883815     9.441051     4.515523  0.244781              0          4.480480    9.077028
Round 72      6.104996     5.921153     9.816747    11.228019     9.675638     5.609132    15.499995     4.390468     9.434403     5.141547  0.301671              0          2.767233    5.915723
Round 73     10.518258     9.706448    15.493523    16.236507    21.004764     8.870196    21.883182     5.912842     8.232394     7.333861  0.270405              0          3.075145    6.158781
Round 74      6.466539     5.918780    10.223867    10.955555    13.018047     5.641779    15.436513     3.239399     7.818601     4.881949  0.288565              0          4.314134    9.062987
Round 75      7.643936     9.021066    13.568075    17.001536    21.402074     9.477413    23.652189     6.276484     7.783446     4.475621  0.255812              0          2.594777    5.644581
Round 76      6.177053     5.701079     9.991923    12.584701    16.552362     5.455093    15.492427     3.737127     8.893605     4.793643  0.285035              0          4.612613    8.883058
Round 77      6.476624     4.602175    11.346349    14.109502    21.604246     5.605127    23.128327     6.053530     8.978301     4.805005  0.258806              0          2.591171    5.663324
Round 78      6.292501     8.706599    15.348469    10.850525    13.608389     5.463574    19.262731     6.542194    11.631671     7.179089  0.302425              0          4.724847    9.204567
Round 79      6.232242     5.682606    13.476950     9.633126    20.014169     8.851398    15.577070     3.737691     9.424871     4.759492  0.271351              0          2.646108    5.680061
Round 80     10.229371     9.248651     9.913315    10.733652    18.814673     5.659933    23.290302     6.194145    15.335959     6.763018  0.276767              0          4.524503    8.940396
Round 81      6.653683     6.046558     9.973277    13.237876    13.152871     5.732489    15.542950     5.691214     9.248985     3.786890  0.278189              0          2.558003    5.713759
Round 82     10.422431     9.191952    11.740410    13.789187    21.284712     9.034500    23.663530     6.183302    11.313399     7.657677  0.267811              0          3.264151    6.551162
Round 83      6.513440     5.857950     6.862359    10.706907    13.701705     5.563545    15.137606     3.929336     9.435624     4.674183  0.294599              0          2.761482    6.486283
Round 84     10.277221     7.026152    15.616225    17.681014    20.885045     7.324227    23.584283     3.483925    14.715486     7.684646  0.311850              0          2.666811    5.744771
Round 85      6.243739     5.929846     9.670172    10.478509    13.840017     5.501026    14.716523     3.841254     9.539694     4.540583  0.279102              0          4.693556    9.034943
Round 86      9.754848     9.396085    15.593832    13.015733    20.967031     5.029230    17.279397     5.520366    14.622461     7.616437  0.311138              0          2.633510    5.645749
Round 87      5.885569     6.500089     9.744712    15.604852    13.635166     9.393793    16.227109     3.738168     9.664097     4.634390  0.265128              0          4.700960    9.231752
Round 88     10.210719     4.441709    14.516588    10.702085    15.977358     5.638738    23.295886     5.879660     9.364174     4.694351  0.261245              0          2.612383    5.880756
Round 89     10.469730     9.065309    11.452466    10.560360    15.388335     9.199661    24.159807     3.683336    13.824253     4.727579  0.258562              0          4.494480    9.101038
Round 90      6.172079     5.747304     9.928237    14.350140    13.398749     5.891678    18.505557     3.580938     6.979614     4.693496  0.255395              0          2.672425    5.818338
Round 91     10.086814     8.857528    10.355842    17.482883    15.803054     9.359561    23.228031     6.181390    15.045738     6.504538  0.285269              0          4.715791    8.637727
Round 92      6.416277     5.862231     9.784138     7.749664    13.801960     5.729556    15.640002     3.811313     8.980824     4.652194  0.275764              0          2.786688    6.788807
Round 93     10.400234     9.010739    15.307197    15.027423    16.682083     8.652389    24.268491     5.756883    15.036833     7.973881  0.288206              0          2.645908    5.831988
Round 94      6.324867     5.687453    10.027362    11.122268    13.743181     5.622386    14.810061     3.535890     9.149870     4.616316  0.274830              0          4.714353    8.947237
Round 95      6.388868     5.151837     9.904955    17.506225    19.318472     9.659755    23.770387     6.041400     9.903705     6.284777  0.250502              0          2.765524    5.877460
Round 96      7.073131     5.771152     9.832866    12.843533    14.041805     9.062133    21.304389     3.564731     9.020891     4.641234  0.290551              0          4.853339    9.251645
Round 97      6.418670     5.948371     9.806864    14.420567    13.567378     5.753781    21.441824     3.645422    14.763871     7.232224  0.285900              0          2.617645    5.861449
Round 98     10.424089     6.187516    15.398510    17.644986    18.065772     5.794173    15.350455     5.643306     9.274757     7.864874  0.250656              0          4.467285    9.072292
Round 99      4.922073     8.778901     9.741212    11.196830    13.876371     7.881957    16.766382     5.881245     9.409939     4.797822  0.275754              0          2.660994    5.784154
Round 100    10.330059     9.376011    16.051142    15.126767    21.716641     5.699226    23.802061     4.475426     8.833977     7.406957  0.286192              0          4.791547    8.509617

총 시뮬레이션 시간: 718.97초

================================================================================
 시뮬레이션 파라미터
================================================================================
NUM_CLIENTS: 10
NUM_ROUNDS: 100
LOCAL_EPOCHS: 2
DIRICHLET_ALPHA: 0.5
MIN_SAMPLES_PER_CLASS: 50
RANDOM_SEED: 42
NUM_COMMITTEE_MEMBERS: 3
EWMA_BETA: 0.9
CONTRIBUTION_SCALING_FACTOR: 1.2
NUM_NOISE_ATTACKERS: 0
NUM_DATAF_ATTACKERS: 3
DATAF_POISON_LEVEL: 3
COMMITTEE_EVAL_SKIPPED: True
