================================================================================
 데이터 분할 현황
================================================================================
   Client  Num Samples  Class 0  Class 1  Class 2  Class 3  Class 4  Class 5  Class 6  Class 7  Class 8  Class 9
0       0         3702       58      935      667      157      347      361      274      419       62      422
1       1         3398      448       50      234      881      317      490       55      511      353       59
2       2         5798     1210       52      482      541      642      212       75      202     2246      136
3       3         6461      180     1750       51       76      494     1025      617     1516      107      645
4       4         8058      744      382      762      208     2092      869     2355      286      284       76
5       5         3282      124      248      877      200       61      334      347      384      362      345
6       6         9048      101      236     1210     1697       63      201      966     1367     1102     2105
7       7         2138       50      269      259      153       91      513       50      180      339      234
8       8         5453     1898      868      402      522      146      800      143       50       86      538
9       9         2662      187      210       56      565      747      195      118       85       59      440

================================================================================
 라운드별 글로벌 모델 정확도
================================================================================
       Overall_Accuracy  Poisoned_Acc([1,5,8])
Round                                         
1                0.1020                 0.0000
2                0.3156                 0.0763
3                0.4745                 0.1130
4                0.5367                 0.2123
5                0.6143                 0.4200
6                0.6607                 0.4953
7                0.6822                 0.5530
8                0.6942                 0.5790
9                0.6940                 0.5300
10               0.7069                 0.5590
11               0.7203                 0.6093
12               0.7273                 0.5990
13               0.7207                 0.5680
14               0.7343                 0.6240
15               0.7394                 0.6177
16               0.7431                 0.6273
17               0.7412                 0.6273
18               0.7479                 0.6430
19               0.7485                 0.6667
20               0.7217                 0.5583
21               0.7467                 0.6540
22               0.7320                 0.5917
23               0.7422                 0.6397
24               0.7362                 0.6263
25               0.7491                 0.6427
26               0.7350                 0.6037
27               0.7467                 0.6513
28               0.7390                 0.6097
29               0.7316                 0.5917
30               0.7395                 0.6217
31               0.7369                 0.6157
32               0.7252                 0.5770
33               0.7398                 0.6373
34               0.7429                 0.6350
35               0.7355                 0.6143
36               0.7491                 0.6603
37               0.7440                 0.6467
38               0.7499                 0.6790
39               0.7138                 0.5407
40               0.7557                 0.6850
41               0.7281                 0.5810
42               0.7571                 0.6853
43               0.7195                 0.5700
44               0.7595                 0.7073
45               0.6889                 0.4580
46               0.7669                 0.7267
47               0.6883                 0.4650
48               0.7661                 0.7343
49               0.6972                 0.4853
50               0.7598                 0.7113
51               0.7122                 0.5403
52               0.7660                 0.7293
53               0.6751                 0.4273
54               0.7683                 0.7317
55               0.6857                 0.4483
56               0.7689                 0.7293
57               0.7081                 0.5147
58               0.7621                 0.7163
59               0.7111                 0.5407
60               0.7620                 0.7100
61               0.6927                 0.4817
62               0.7678                 0.7423
63               0.6994                 0.5053
64               0.7665                 0.7220
65               0.6829                 0.4403
66               0.7635                 0.7367
67               0.6912                 0.4790
68               0.7626                 0.7350
69               0.7017                 0.5120
70               0.7583                 0.7083
71               0.7040                 0.5253
72               0.7551                 0.6960
73               0.7323                 0.6093
74               0.7454                 0.6590
75               0.7350                 0.6190
76               0.7538                 0.6863
77               0.7359                 0.6250
78               0.7504                 0.6740
79               0.7340                 0.6253
80               0.7501                 0.6760
81               0.7323                 0.6190
82               0.7538                 0.6793
83               0.7329                 0.6153
84               0.7548                 0.6907
85               0.7147                 0.5673
86               0.7628                 0.7050
87               0.7051                 0.5223
88               0.7654                 0.7183
89               0.7189                 0.5653
90               0.7577                 0.7043
91               0.7256                 0.5873
92               0.7636                 0.7377
93               0.7137                 0.5503
94               0.7637                 0.7200
95               0.7299                 0.6097
96               0.7616                 0.7133
97               0.7390                 0.6417
98               0.7414                 0.6420
99               0.7489                 0.6670
100              0.7380                 0.6327
101              0.7459                 0.6600
102              0.7493                 0.6760
103              0.7459                 0.6627
104              0.7486                 0.6740
105              0.7411                 0.6403
106              0.7463                 0.6570
107              0.7428                 0.6543
108              0.7429                 0.6453
109              0.7473                 0.6657
110              0.7539                 0.6963
111              0.7426                 0.6557
112              0.7524                 0.6837
113              0.7482                 0.6703
114              0.7491                 0.6737
115              0.7352                 0.6223
116              0.7486                 0.6663
117              0.7438                 0.6533
118              0.7402                 0.6447
119              0.7268                 0.5940
120              0.7529                 0.6880
121              0.7434                 0.6587
122              0.7410                 0.6503
123              0.7504                 0.6833
124              0.7471                 0.6750
125              0.7331                 0.6217
126              0.7483                 0.6747
127              0.7397                 0.6503
128              0.7644                 0.7180
129              0.7336                 0.6167
130              0.7581                 0.6990
131              0.7440                 0.6553
132              0.7510                 0.6760
133              0.7371                 0.6307
134              0.7369                 0.6293
135              0.7477                 0.6647
136              0.7569                 0.7007
137              0.7362                 0.6270
138              0.7461                 0.6640
139              0.7521                 0.6790
140              0.7605                 0.6983
141              0.7273                 0.6033
142              0.7569                 0.6987
143              0.7472                 0.6613
144              0.7462                 0.6683
145              0.7479                 0.6693
146              0.7455                 0.6590
147              0.7398                 0.6430
148              0.7532                 0.6840
149              0.7125                 0.5530
150              0.7599                 0.7187
151              0.7287                 0.6100
152              0.7545                 0.6963
153              0.7391                 0.6477
154              0.7546                 0.7037
155              0.7419                 0.6560
156              0.7556                 0.6887
157              0.6995                 0.5073
158              0.7643                 0.7260
159              0.7292                 0.6010
160              0.7564                 0.7040
161              0.7452                 0.6570
162              0.7601                 0.7093
163              0.7425                 0.6520
164              0.7625                 0.7120
165              0.7169                 0.5683
166              0.7614                 0.7070
167              0.7238                 0.5873
168              0.7566                 0.7047
169              0.7211                 0.5913
170              0.7518                 0.6920
171              0.7448                 0.6733
172              0.7490                 0.6847
173              0.7345                 0.6187
174              0.7661                 0.7327
175              0.7075                 0.5283
176              0.7590                 0.7017
177              0.7390                 0.6297
178              0.7485                 0.6703
179              0.7514                 0.6843
180              0.7470                 0.6657
181              0.7405                 0.6433
182              0.7418                 0.6520
183              0.7423                 0.6520
184              0.7460                 0.6673
185              0.7363                 0.6300
186              0.7516                 0.6853
187              0.7390                 0.6403
188              0.7337                 0.6170
189              0.7452                 0.6580
190              0.7453                 0.6510
191              0.7507                 0.6767
192              0.7448                 0.6543
193              0.7495                 0.6777
194              0.7404                 0.6403
195              0.7483                 0.6700
196              0.7520                 0.6830
197              0.7546                 0.6897
198              0.7452                 0.6643
199              0.7490                 0.6737
200              0.7523                 0.6823

================================================================================
 라운드별 모델 합성 가중치
================================================================================
           client_0_weight  client_1_weight  client_2_weight  client_3_weight  client_4_weight  client_5_weight  client_6_weight  client_7_weight  client_8_weight  client_9_weight
Round 1                0.1              0.1              0.1              0.1              0.1              0.1              0.1              0.1              0.1              0.1
Round 2                0.1              0.1              0.1              0.1              0.1              0.1              0.1              0.1              0.1              0.1
Round 3                0.1              0.1              0.1              0.1              0.1              0.1              0.1              0.1              0.1              0.1
Round 4                0.1              0.1              0.1              0.1              0.1              0.1              0.1              0.1              0.1              0.1
Round 5                0.1              0.1              0.1              0.1              0.1              0.1              0.1              0.1              0.1              0.1
Round 6                0.1              0.1              0.1              0.1              0.1              0.1              0.1              0.1              0.1              0.1
Round 7                0.1              0.1              0.1              0.1              0.1              0.1              0.1              0.1              0.1              0.1
Round 8                0.1              0.1              0.1              0.1              0.1              0.1              0.1              0.1              0.1              0.1
Round 9                0.1              0.1              0.1              0.1              0.1              0.1              0.1              0.1              0.1              0.1
Round 10               0.1              0.1              0.1              0.1              0.1              0.1              0.1              0.1              0.1              0.1
Round 11               0.1              0.1              0.1              0.1              0.1              0.1              0.1              0.1              0.1              0.1
Round 12               0.1              0.1              0.1              0.1              0.1              0.1              0.1              0.1              0.1              0.1
Round 13               0.1              0.1              0.1              0.1              0.1              0.1              0.1              0.1              0.1              0.1
Round 14               0.1              0.1              0.1              0.1              0.1              0.1              0.1              0.1              0.1              0.1
Round 15               0.1              0.1              0.1              0.1              0.1              0.1              0.1              0.1              0.1              0.1
Round 16               0.1              0.1              0.1              0.1              0.1              0.1              0.1              0.1              0.1              0.1
Round 17               0.1              0.1              0.1              0.1              0.1              0.1              0.1              0.1              0.1              0.1
Round 18               0.1              0.1              0.1              0.1              0.1              0.1              0.1              0.1              0.1              0.1
Round 19               0.1              0.1              0.1              0.1              0.1              0.1              0.1              0.1              0.1              0.1
Round 20               0.1              0.1              0.1              0.1              0.1              0.1              0.1              0.1              0.1              0.1
Round 21               0.1              0.1              0.1              0.1              0.1              0.1              0.1              0.1              0.1              0.1
Round 22               0.1              0.1              0.1              0.1              0.1              0.1              0.1              0.1              0.1              0.1
Round 23               0.1              0.1              0.1              0.1              0.1              0.1              0.1              0.1              0.1              0.1
Round 24               0.1              0.1              0.1              0.1              0.1              0.1              0.1              0.1              0.1              0.1
Round 25               0.1              0.1              0.1              0.1              0.1              0.1              0.1              0.1              0.1              0.1
Round 26               0.1              0.1              0.1              0.1              0.1              0.1              0.1              0.1              0.1              0.1
Round 27               0.1              0.1              0.1              0.1              0.1              0.1              0.1              0.1              0.1              0.1
Round 28               0.1              0.1              0.1              0.1              0.1              0.1              0.1              0.1              0.1              0.1
Round 29               0.1              0.1              0.1              0.1              0.1              0.1              0.1              0.1              0.1              0.1
Round 30               0.1              0.1              0.1              0.1              0.1              0.1              0.1              0.1              0.1              0.1
Round 31               0.1              0.1              0.1              0.1              0.1              0.1              0.1              0.1              0.1              0.1
Round 32               0.1              0.1              0.1              0.1              0.1              0.1              0.1              0.1              0.1              0.1
Round 33               0.1              0.1              0.1              0.1              0.1              0.1              0.1              0.1              0.1              0.1
Round 34               0.1              0.1              0.1              0.1              0.1              0.1              0.1              0.1              0.1              0.1
Round 35               0.1              0.1              0.1              0.1              0.1              0.1              0.1              0.1              0.1              0.1
Round 36               0.1              0.1              0.1              0.1              0.1              0.1              0.1              0.1              0.1              0.1
Round 37               0.1              0.1              0.1              0.1              0.1              0.1              0.1              0.1              0.1              0.1
Round 38               0.1              0.1              0.1              0.1              0.1              0.1              0.1              0.1              0.1              0.1
Round 39               0.1              0.1              0.1              0.1              0.1              0.1              0.1              0.1              0.1              0.1
Round 40               0.1              0.1              0.1              0.1              0.1              0.1              0.1              0.1              0.1              0.1
Round 41               0.1              0.1              0.1              0.1              0.1              0.1              0.1              0.1              0.1              0.1
Round 42               0.1              0.1              0.1              0.1              0.1              0.1              0.1              0.1              0.1              0.1
Round 43               0.1              0.1              0.1              0.1              0.1              0.1              0.1              0.1              0.1              0.1
Round 44               0.1              0.1              0.1              0.1              0.1              0.1              0.1              0.1              0.1              0.1
Round 45               0.1              0.1              0.1              0.1              0.1              0.1              0.1              0.1              0.1              0.1
Round 46               0.1              0.1              0.1              0.1              0.1              0.1              0.1              0.1              0.1              0.1
Round 47               0.1              0.1              0.1              0.1              0.1              0.1              0.1              0.1              0.1              0.1
Round 48               0.1              0.1              0.1              0.1              0.1              0.1              0.1              0.1              0.1              0.1
Round 49               0.1              0.1              0.1              0.1              0.1              0.1              0.1              0.1              0.1              0.1
Round 50               0.1              0.1              0.1              0.1              0.1              0.1              0.1              0.1              0.1              0.1
Round 51               0.1              0.1              0.1              0.1              0.1              0.1              0.1              0.1              0.1              0.1
Round 52               0.1              0.1              0.1              0.1              0.1              0.1              0.1              0.1              0.1              0.1
Round 53               0.1              0.1              0.1              0.1              0.1              0.1              0.1              0.1              0.1              0.1
Round 54               0.1              0.1              0.1              0.1              0.1              0.1              0.1              0.1              0.1              0.1
Round 55               0.1              0.1              0.1              0.1              0.1              0.1              0.1              0.1              0.1              0.1
Round 56               0.1              0.1              0.1              0.1              0.1              0.1              0.1              0.1              0.1              0.1
Round 57               0.1              0.1              0.1              0.1              0.1              0.1              0.1              0.1              0.1              0.1
Round 58               0.1              0.1              0.1              0.1              0.1              0.1              0.1              0.1              0.1              0.1
Round 59               0.1              0.1              0.1              0.1              0.1              0.1              0.1              0.1              0.1              0.1
Round 60               0.1              0.1              0.1              0.1              0.1              0.1              0.1              0.1              0.1              0.1
Round 61               0.1              0.1              0.1              0.1              0.1              0.1              0.1              0.1              0.1              0.1
Round 62               0.1              0.1              0.1              0.1              0.1              0.1              0.1              0.1              0.1              0.1
Round 63               0.1              0.1              0.1              0.1              0.1              0.1              0.1              0.1              0.1              0.1
Round 64               0.1              0.1              0.1              0.1              0.1              0.1              0.1              0.1              0.1              0.1
Round 65               0.1              0.1              0.1              0.1              0.1              0.1              0.1              0.1              0.1              0.1
Round 66               0.1              0.1              0.1              0.1              0.1              0.1              0.1              0.1              0.1              0.1
Round 67               0.1              0.1              0.1              0.1              0.1              0.1              0.1              0.1              0.1              0.1
Round 68               0.1              0.1              0.1              0.1              0.1              0.1              0.1              0.1              0.1              0.1
Round 69               0.1              0.1              0.1              0.1              0.1              0.1              0.1              0.1              0.1              0.1
Round 70               0.1              0.1              0.1              0.1              0.1              0.1              0.1              0.1              0.1              0.1
Round 71               0.1              0.1              0.1              0.1              0.1              0.1              0.1              0.1              0.1              0.1
Round 72               0.1              0.1              0.1              0.1              0.1              0.1              0.1              0.1              0.1              0.1
Round 73               0.1              0.1              0.1              0.1              0.1              0.1              0.1              0.1              0.1              0.1
Round 74               0.1              0.1              0.1              0.1              0.1              0.1              0.1              0.1              0.1              0.1
Round 75               0.1              0.1              0.1              0.1              0.1              0.1              0.1              0.1              0.1              0.1
Round 76               0.1              0.1              0.1              0.1              0.1              0.1              0.1              0.1              0.1              0.1
Round 77               0.1              0.1              0.1              0.1              0.1              0.1              0.1              0.1              0.1              0.1
Round 78               0.1              0.1              0.1              0.1              0.1              0.1              0.1              0.1              0.1              0.1
Round 79               0.1              0.1              0.1              0.1              0.1              0.1              0.1              0.1              0.1              0.1
Round 80               0.1              0.1              0.1              0.1              0.1              0.1              0.1              0.1              0.1              0.1
Round 81               0.1              0.1              0.1              0.1              0.1              0.1              0.1              0.1              0.1              0.1
Round 82               0.1              0.1              0.1              0.1              0.1              0.1              0.1              0.1              0.1              0.1
Round 83               0.1              0.1              0.1              0.1              0.1              0.1              0.1              0.1              0.1              0.1
Round 84               0.1              0.1              0.1              0.1              0.1              0.1              0.1              0.1              0.1              0.1
Round 85               0.1              0.1              0.1              0.1              0.1              0.1              0.1              0.1              0.1              0.1
Round 86               0.1              0.1              0.1              0.1              0.1              0.1              0.1              0.1              0.1              0.1
Round 87               0.1              0.1              0.1              0.1              0.1              0.1              0.1              0.1              0.1              0.1
Round 88               0.1              0.1              0.1              0.1              0.1              0.1              0.1              0.1              0.1              0.1
Round 89               0.1              0.1              0.1              0.1              0.1              0.1              0.1              0.1              0.1              0.1
Round 90               0.1              0.1              0.1              0.1              0.1              0.1              0.1              0.1              0.1              0.1
Round 91               0.1              0.1              0.1              0.1              0.1              0.1              0.1              0.1              0.1              0.1
Round 92               0.1              0.1              0.1              0.1              0.1              0.1              0.1              0.1              0.1              0.1
Round 93               0.1              0.1              0.1              0.1              0.1              0.1              0.1              0.1              0.1              0.1
Round 94               0.1              0.1              0.1              0.1              0.1              0.1              0.1              0.1              0.1              0.1
Round 95               0.1              0.1              0.1              0.1              0.1              0.1              0.1              0.1              0.1              0.1
Round 96               0.1              0.1              0.1              0.1              0.1              0.1              0.1              0.1              0.1              0.1
Round 97               0.1              0.1              0.1              0.1              0.1              0.1              0.1              0.1              0.1              0.1
Round 98               0.1              0.1              0.1              0.1              0.1              0.1              0.1              0.1              0.1              0.1
Round 99               0.1              0.1              0.1              0.1              0.1              0.1              0.1              0.1              0.1              0.1
Round 100              0.1              0.1              0.1              0.1              0.1              0.1              0.1              0.1              0.1              0.1
Round 101              0.1              0.1              0.1              0.1              0.1              0.1              0.1              0.1              0.1              0.1
Round 102              0.1              0.1              0.1              0.1              0.1              0.1              0.1              0.1              0.1              0.1
Round 103              0.1              0.1              0.1              0.1              0.1              0.1              0.1              0.1              0.1              0.1
Round 104              0.1              0.1              0.1              0.1              0.1              0.1              0.1              0.1              0.1              0.1
Round 105              0.1              0.1              0.1              0.1              0.1              0.1              0.1              0.1              0.1              0.1
Round 106              0.1              0.1              0.1              0.1              0.1              0.1              0.1              0.1              0.1              0.1
Round 107              0.1              0.1              0.1              0.1              0.1              0.1              0.1              0.1              0.1              0.1
Round 108              0.1              0.1              0.1              0.1              0.1              0.1              0.1              0.1              0.1              0.1
Round 109              0.1              0.1              0.1              0.1              0.1              0.1              0.1              0.1              0.1              0.1
Round 110              0.1              0.1              0.1              0.1              0.1              0.1              0.1              0.1              0.1              0.1
Round 111              0.1              0.1              0.1              0.1              0.1              0.1              0.1              0.1              0.1              0.1
Round 112              0.1              0.1              0.1              0.1              0.1              0.1              0.1              0.1              0.1              0.1
Round 113              0.1              0.1              0.1              0.1              0.1              0.1              0.1              0.1              0.1              0.1
Round 114              0.1              0.1              0.1              0.1              0.1              0.1              0.1              0.1              0.1              0.1
Round 115              0.1              0.1              0.1              0.1              0.1              0.1              0.1              0.1              0.1              0.1
Round 116              0.1              0.1              0.1              0.1              0.1              0.1              0.1              0.1              0.1              0.1
Round 117              0.1              0.1              0.1              0.1              0.1              0.1              0.1              0.1              0.1              0.1
Round 118              0.1              0.1              0.1              0.1              0.1              0.1              0.1              0.1              0.1              0.1
Round 119              0.1              0.1              0.1              0.1              0.1              0.1              0.1              0.1              0.1              0.1
Round 120              0.1              0.1              0.1              0.1              0.1              0.1              0.1              0.1              0.1              0.1
Round 121              0.1              0.1              0.1              0.1              0.1              0.1              0.1              0.1              0.1              0.1
Round 122              0.1              0.1              0.1              0.1              0.1              0.1              0.1              0.1              0.1              0.1
Round 123              0.1              0.1              0.1              0.1              0.1              0.1              0.1              0.1              0.1              0.1
Round 124              0.1              0.1              0.1              0.1              0.1              0.1              0.1              0.1              0.1              0.1
Round 125              0.1              0.1              0.1              0.1              0.1              0.1              0.1              0.1              0.1              0.1
Round 126              0.1              0.1              0.1              0.1              0.1              0.1              0.1              0.1              0.1              0.1
Round 127              0.1              0.1              0.1              0.1              0.1              0.1              0.1              0.1              0.1              0.1
Round 128              0.1              0.1              0.1              0.1              0.1              0.1              0.1              0.1              0.1              0.1
Round 129              0.1              0.1              0.1              0.1              0.1              0.1              0.1              0.1              0.1              0.1
Round 130              0.1              0.1              0.1              0.1              0.1              0.1              0.1              0.1              0.1              0.1
Round 131              0.1              0.1              0.1              0.1              0.1              0.1              0.1              0.1              0.1              0.1
Round 132              0.1              0.1              0.1              0.1              0.1              0.1              0.1              0.1              0.1              0.1
Round 133              0.1              0.1              0.1              0.1              0.1              0.1              0.1              0.1              0.1              0.1
Round 134              0.1              0.1              0.1              0.1              0.1              0.1              0.1              0.1              0.1              0.1
Round 135              0.1              0.1              0.1              0.1              0.1              0.1              0.1              0.1              0.1              0.1
Round 136              0.1              0.1              0.1              0.1              0.1              0.1              0.1              0.1              0.1              0.1
Round 137              0.1              0.1              0.1              0.1              0.1              0.1              0.1              0.1              0.1              0.1
Round 138              0.1              0.1              0.1              0.1              0.1              0.1              0.1              0.1              0.1              0.1
Round 139              0.1              0.1              0.1              0.1              0.1              0.1              0.1              0.1              0.1              0.1
Round 140              0.1              0.1              0.1              0.1              0.1              0.1              0.1              0.1              0.1              0.1
Round 141              0.1              0.1              0.1              0.1              0.1              0.1              0.1              0.1              0.1              0.1
Round 142              0.1              0.1              0.1              0.1              0.1              0.1              0.1              0.1              0.1              0.1
Round 143              0.1              0.1              0.1              0.1              0.1              0.1              0.1              0.1              0.1              0.1
Round 144              0.1              0.1              0.1              0.1              0.1              0.1              0.1              0.1              0.1              0.1
Round 145              0.1              0.1              0.1              0.1              0.1              0.1              0.1              0.1              0.1              0.1
Round 146              0.1              0.1              0.1              0.1              0.1              0.1              0.1              0.1              0.1              0.1
Round 147              0.1              0.1              0.1              0.1              0.1              0.1              0.1              0.1              0.1              0.1
Round 148              0.1              0.1              0.1              0.1              0.1              0.1              0.1              0.1              0.1              0.1
Round 149              0.1              0.1              0.1              0.1              0.1              0.1              0.1              0.1              0.1              0.1
Round 150              0.1              0.1              0.1              0.1              0.1              0.1              0.1              0.1              0.1              0.1
Round 151              0.1              0.1              0.1              0.1              0.1              0.1              0.1              0.1              0.1              0.1
Round 152              0.1              0.1              0.1              0.1              0.1              0.1              0.1              0.1              0.1              0.1
Round 153              0.1              0.1              0.1              0.1              0.1              0.1              0.1              0.1              0.1              0.1
Round 154              0.1              0.1              0.1              0.1              0.1              0.1              0.1              0.1              0.1              0.1
Round 155              0.1              0.1              0.1              0.1              0.1              0.1              0.1              0.1              0.1              0.1
Round 156              0.1              0.1              0.1              0.1              0.1              0.1              0.1              0.1              0.1              0.1
Round 157              0.1              0.1              0.1              0.1              0.1              0.1              0.1              0.1              0.1              0.1
Round 158              0.1              0.1              0.1              0.1              0.1              0.1              0.1              0.1              0.1              0.1
Round 159              0.1              0.1              0.1              0.1              0.1              0.1              0.1              0.1              0.1              0.1
Round 160              0.1              0.1              0.1              0.1              0.1              0.1              0.1              0.1              0.1              0.1
Round 161              0.1              0.1              0.1              0.1              0.1              0.1              0.1              0.1              0.1              0.1
Round 162              0.1              0.1              0.1              0.1              0.1              0.1              0.1              0.1              0.1              0.1
Round 163              0.1              0.1              0.1              0.1              0.1              0.1              0.1              0.1              0.1              0.1
Round 164              0.1              0.1              0.1              0.1              0.1              0.1              0.1              0.1              0.1              0.1
Round 165              0.1              0.1              0.1              0.1              0.1              0.1              0.1              0.1              0.1              0.1
Round 166              0.1              0.1              0.1              0.1              0.1              0.1              0.1              0.1              0.1              0.1
Round 167              0.1              0.1              0.1              0.1              0.1              0.1              0.1              0.1              0.1              0.1
Round 168              0.1              0.1              0.1              0.1              0.1              0.1              0.1              0.1              0.1              0.1
Round 169              0.1              0.1              0.1              0.1              0.1              0.1              0.1              0.1              0.1              0.1
Round 170              0.1              0.1              0.1              0.1              0.1              0.1              0.1              0.1              0.1              0.1
Round 171              0.1              0.1              0.1              0.1              0.1              0.1              0.1              0.1              0.1              0.1
Round 172              0.1              0.1              0.1              0.1              0.1              0.1              0.1              0.1              0.1              0.1
Round 173              0.1              0.1              0.1              0.1              0.1              0.1              0.1              0.1              0.1              0.1
Round 174              0.1              0.1              0.1              0.1              0.1              0.1              0.1              0.1              0.1              0.1
Round 175              0.1              0.1              0.1              0.1              0.1              0.1              0.1              0.1              0.1              0.1
Round 176              0.1              0.1              0.1              0.1              0.1              0.1              0.1              0.1              0.1              0.1
Round 177              0.1              0.1              0.1              0.1              0.1              0.1              0.1              0.1              0.1              0.1
Round 178              0.1              0.1              0.1              0.1              0.1              0.1              0.1              0.1              0.1              0.1
Round 179              0.1              0.1              0.1              0.1              0.1              0.1              0.1              0.1              0.1              0.1
Round 180              0.1              0.1              0.1              0.1              0.1              0.1              0.1              0.1              0.1              0.1
Round 181              0.1              0.1              0.1              0.1              0.1              0.1              0.1              0.1              0.1              0.1
Round 182              0.1              0.1              0.1              0.1              0.1              0.1              0.1              0.1              0.1              0.1
Round 183              0.1              0.1              0.1              0.1              0.1              0.1              0.1              0.1              0.1              0.1
Round 184              0.1              0.1              0.1              0.1              0.1              0.1              0.1              0.1              0.1              0.1
Round 185              0.1              0.1              0.1              0.1              0.1              0.1              0.1              0.1              0.1              0.1
Round 186              0.1              0.1              0.1              0.1              0.1              0.1              0.1              0.1              0.1              0.1
Round 187              0.1              0.1              0.1              0.1              0.1              0.1              0.1              0.1              0.1              0.1
Round 188              0.1              0.1              0.1              0.1              0.1              0.1              0.1              0.1              0.1              0.1
Round 189              0.1              0.1              0.1              0.1              0.1              0.1              0.1              0.1              0.1              0.1
Round 190              0.1              0.1              0.1              0.1              0.1              0.1              0.1              0.1              0.1              0.1
Round 191              0.1              0.1              0.1              0.1              0.1              0.1              0.1              0.1              0.1              0.1
Round 192              0.1              0.1              0.1              0.1              0.1              0.1              0.1              0.1              0.1              0.1
Round 193              0.1              0.1              0.1              0.1              0.1              0.1              0.1              0.1              0.1              0.1
Round 194              0.1              0.1              0.1              0.1              0.1              0.1              0.1              0.1              0.1              0.1
Round 195              0.1              0.1              0.1              0.1              0.1              0.1              0.1              0.1              0.1              0.1
Round 196              0.1              0.1              0.1              0.1              0.1              0.1              0.1              0.1              0.1              0.1
Round 197              0.1              0.1              0.1              0.1              0.1              0.1              0.1              0.1              0.1              0.1
Round 198              0.1              0.1              0.1              0.1              0.1              0.1              0.1              0.1              0.1              0.1
Round 199              0.1              0.1              0.1              0.1              0.1              0.1              0.1              0.1              0.1              0.1
Round 200              0.1              0.1              0.1              0.1              0.1              0.1              0.1              0.1              0.1              0.1

================================================================================
 라운드별 시간 측정 결과 (초)
================================================================================
           cli 0 train  cli 1 train  cli 2 train  cli 3 train  cli 4 train  cli 5 train  cli 6 train  cli 7 train  cli 8 train  cli 9 train  agg time  cli eval time  global eval time  total time
Round 1       9.468952     8.143892    11.786524    15.371835    18.072394     9.121753    18.150121     5.575785     7.680473     6.847614  0.388145              0          3.027502    6.075927
Round 2       5.621232     6.888918     8.940027    10.469723    12.025450     5.111257    15.003953     3.136387     8.118085     4.400373  0.268548              0          4.112442    6.930075
Round 3       8.620173     9.076844     7.694701    12.014713    14.197330     7.634612    21.945615     5.261500    13.266604     6.629727  0.266575              0          2.578936    5.069967
Round 4       5.924364     5.237573     8.918383     6.817495    12.302980     4.868366    13.735732     2.665392     8.066095     3.955259  0.241191              0          2.416013    4.648804
Round 5       4.619598     4.198498     7.089160     7.447174    10.193559     4.901978     8.115639     2.640537     6.752548     3.830683  0.229234              0          2.360277    4.578298
Round 6       5.158857     4.600458     6.905539     8.655487     9.028553     3.627285    11.787104     2.354285     7.591205     3.029186  0.258210              0          2.351844    4.642693
Round 7       5.355679     4.535218     6.662488     7.815391     9.651709     4.683040     9.715210     3.291494     6.920642     3.897391  0.271114              0          3.011124    5.936226
Round 8       9.025595     8.411182    13.933721    15.186867    18.861717     8.196538    21.373650     3.770037     6.035606     6.747854  0.320742              0          2.444799    4.933075
Round 9       5.755532     5.571001     9.110619     9.996285    12.356512     5.047683    13.139547     3.029607     9.135399     4.395134  0.241684              0          4.173097    6.970584
Round 10      5.770067     6.673488    14.198472    12.348584    19.801919     5.608097    21.624719     3.262559    13.044193     4.356473  0.282429              0          2.508201    5.019804
Round 11      5.607040     5.397839     9.052753    10.863602    12.513644     5.194755    17.531952     3.382784     8.695386     6.533150  0.253016              0          4.423799    7.500853
Round 12      5.853817     5.260429    11.822769     6.047254    18.030329     5.304205    14.215448     3.263512    13.462359     6.573150  0.258459              0          2.444646    4.811550
Round 13      9.449264     5.146324    14.859840     9.830009    20.601540     5.277834    16.081714     5.224912    11.965486     6.093577  0.250314              0          4.378229    7.334015
Round 14      6.084542     7.506910     9.310549    10.065300    12.138756     4.938030    16.427813     3.702911     8.624378     3.324073  0.278867              0          2.496373    4.853022
Round 15      9.530552     8.665732    14.518759    15.844929    14.624832     5.108989    22.063459     5.705269    13.392946     4.238640  0.256997              0          4.132491    6.967211
Round 16      5.793644     5.365842     9.486371     7.922979    12.799968     5.220346    14.118096     3.394371     8.252402     4.293355  0.303467              0          2.562021    5.151116
Round 17      9.027424     8.501559    14.008672    12.320870    19.265486     8.450114    21.395083     4.873799    13.873698     6.973511  0.271366              0          2.503843    4.824914
Round 18      5.452243     5.066078     9.141572    10.803657    12.799905     4.845500    13.941982     3.503412     8.513056     4.388771  0.246355              0          4.252787    7.228800
Round 19      8.857273     5.473977    11.666625    10.282494    19.433727     8.187618    21.858505     3.108776    13.117991     7.321893  0.245698              0          2.504743    4.834369
Round 20      5.481613     9.043837    12.452375     9.956950    20.060697     5.483072    13.992959     2.741501     8.685919     4.122982  0.277163              0          4.533814    7.357836
Round 21      5.230941     5.029299     9.265343    15.163533    19.460912     8.382721    13.523329     3.495574    12.381771     6.446773  0.290342              0          2.509027    4.892220
Round 22      5.572390     5.339863     9.241772    15.704670    17.110160     5.243747    19.477090     3.359747    13.424078     5.354469  0.267694              0          4.139911    7.205061
Round 23      4.959509     5.520429     8.758096    13.348933    12.687151     7.745592    14.034140     3.308106     9.972512     4.311522  0.324402              0          2.585755    5.028700
Round 24      9.445293     5.620073     8.853954    14.083064    19.381719     5.021625    21.440239     5.880910    13.284860     6.676866  0.283511              0          4.187625    6.924870
Round 25      6.092669     5.088332     8.585449    10.161555    11.483290     4.691083    14.354655     3.295641     8.875288     3.951293  0.259135              0          2.734410    5.179552
Round 26      9.163170     8.803316    13.400898    10.623736    19.281365     8.758188    20.511686     5.858762    12.709938     6.658108  0.281906              0          2.527022    4.953971
Round 27      6.004788     5.134918     9.274271     9.936650    12.090833     5.049497    13.411656     3.618592     8.537417     4.429982  0.293976              0          4.208677    7.465289
Round 28      9.385413     5.491864    12.122694    15.169105    20.179234     7.955075    22.188940     5.417589     7.953459     5.506009  0.267350              0          2.459894    5.062865
Round 29      5.398810     5.299455     9.039271    10.537368    15.854622     4.570067    13.745404     3.421533    12.871011     4.168246  0.241684              0          4.124115    7.160076
Round 30      9.057560     8.254621     8.735961    15.817142    19.123309     5.424888    10.616360     5.521737    12.138874     4.113809  0.255509              0          2.523278    4.932243
Round 31      9.338235     5.048691    14.029039    10.979411    12.445547     6.327154    20.375971     3.416446     8.688924     6.693007  0.253633              0          4.532228    7.391160
Round 32      5.863266     5.412992     9.058697    10.189821     9.627165     5.235583    20.386533     3.442851    13.710033     5.551887  0.298381              0          2.560854    5.016774
Round 33      9.141717     5.181668    13.642855    15.681859    18.551043     8.175152    16.136531     4.888518    13.621464     7.252296  0.242199              0          3.398511    5.961677
Round 34      5.890801     5.022210     9.047759    10.049594    12.710576     4.838499    13.735851     3.425927     8.513059     4.275079  0.262902              0          2.520077    4.963188
Round 35      9.102996     8.558513    13.693504    14.492432    14.170725     7.400452    21.975296     5.934111    12.621825     7.179350  0.318146              0          2.582453    5.052306
Round 36      5.643044     5.401776     9.029008    10.058094    12.520054     5.289759    15.327002     3.261981     8.603372     4.110353  0.343221              0          4.095665    7.047778
Round 37      9.200241     7.986722    11.217694    14.579999    11.494087     8.425930    21.373178     5.342060     8.626532     4.380320  0.257713              0          2.600724    5.156693
Round 38      6.787938     4.664333    13.830433    11.000872    18.569733     5.227351    13.993846     3.283727     8.437679     4.409276  0.268198              0          4.276873    7.234817
Round 39      9.390329     5.019790    13.253971    11.101411    11.747931     5.319369    18.657784     5.878962     8.526437     6.466436  0.294262              0          2.575045    5.007580
Round 40      5.830574     6.389827    14.222286    16.346689    12.181282     5.257469    21.935566     3.319164    13.490703     5.264864  0.301910              0          4.516749    7.647954
Round 41      5.780029     5.232426     9.231678    11.842467    12.728758     5.250636    14.536214     5.040136     8.699127     4.100292  0.253419              0          2.583248    5.140817
Round 42      7.996172     8.840776    14.005174    13.791405    15.692130     8.070561    21.904198     5.845277    13.538774     3.832055  0.283443              0          3.905492    6.534257
Round 43      5.051118     5.578837     8.446229    10.287256    12.199190     4.876156    14.221250     3.289931     8.275173     4.300470  0.263829              0          2.926001    5.966416
Round 44      9.215500     8.795903    13.639369     7.563761    18.821905     8.179531    20.572653     5.541986    12.335075     6.734893  0.291601              0          2.640653    5.206084
Round 45      5.798239     7.632164     9.053712    10.064139    12.283924     4.841672    14.166721     5.669269     8.411227     4.275214  0.263095              0          4.101313    7.047102
Round 46      8.981656     4.525340     9.402620    15.571583    12.711694     8.272791    21.341181     5.671299    12.736832     4.531630  0.247320              0          2.464048    5.010418
Round 47      6.368922     8.763959     8.777586    10.116207    11.836980     4.966881    20.836759     5.906045     8.652569     4.179173  0.245605              0          4.204951    7.200595
Round 48      5.965350     5.402934     7.588817    15.117087    18.633965     8.153894    17.793863     3.415548     8.269445     3.952271  0.248520              0          2.534222    4.931708
Round 49      5.470888     8.315288    14.535512    10.130165    19.064493     4.631254    16.484423     5.172320     8.658978     6.956924  0.265087              0          4.192439    6.990269
Round 50      6.986159     5.213539     8.943949     9.916399    12.518579     5.249173    19.034480     2.322193    12.384642     4.411852  0.310374              0          2.588338    5.073198
Round 51      9.155395     5.722291    14.192793    15.994198    17.255668     5.184662    13.576247     5.299672    13.294274     4.226528  0.252354              0          4.365927    7.214763
Round 52      5.626392     5.353276     9.277449    10.181910    12.092379     5.119418    14.675718     3.318950     8.883445     4.289171  0.247647              0          2.702924    5.438735
Round 53      9.333750     7.598446    14.471017    15.740337    19.463041     8.480654    22.352807     5.043329    11.003472     4.531246  0.261806              0          3.258910    5.899918
Round 54      5.929702     5.389329     9.070864     9.888553    12.452466     4.871305    14.309677     2.984038     8.576877     4.313629  0.293691              0          2.695418    5.367191
Round 55      8.251697     8.774257    13.709369    15.738416    19.629408     8.272826    21.707505     5.523785    12.533449     6.669336  0.270210              0          2.591779    5.248746
Round 56      5.812897     5.252282     9.021254    10.165091    12.773214     5.148962    13.161754     3.434006     8.327487     4.209856  0.266579              0          4.040873    7.019012
Round 57      8.202715     8.430564    14.035050    15.659752    19.589474     7.966479    19.022864     5.151299     8.491167     4.350997  0.288357              0          2.457031    4.844714
Round 58      5.630982     5.198813     9.217990    14.054956    14.789814     5.406905    13.623987     3.409195     8.373788     6.162201  0.247351              0          4.284757    7.370913
Round 59      5.445035     5.061307    13.385591    10.625744    13.193915     6.958412    20.297768     5.132002    13.292463     7.213324  0.259708              0          2.786804    5.353305
Round 60      5.567325     4.812806     8.966445    10.008798    18.903438     5.117017    18.176026     3.487469    11.747781     4.227015  0.254623              0          4.461165    7.455674
Round 61      5.780090     4.886172     8.852045    14.717663    19.109714     8.192928    14.060991     4.408855     8.825350     3.991638  0.256207              0          2.510199    4.922601
Round 62      5.399528     8.537386    14.567017    15.407900    15.331037     5.057336    22.281902     3.483650     8.478863     6.352210  0.332016              0          4.124665    7.159902
Round 63      5.667698     5.285156    11.656749    12.650169    12.556984     5.123204    13.912302     3.444076     8.493558     2.944334  0.247539              0          2.537939    4.857840
Round 64      5.595847     6.445880    14.166080    15.733913    19.326183     7.749870    19.142147     3.417943    12.181304     3.807724  0.261385              0          4.263707    6.872759
Round 65      5.773724     5.204849     8.901603    10.151738    12.604850     5.250937    10.806534     3.455758     8.500785     4.118344  0.264160              0          2.852427    5.807792
Round 66      8.871532     7.740858    14.121564    15.781853    18.328123     8.126354    21.485693     5.540318     6.109310     6.985243  0.288406              0          2.484717    4.903128
Round 67      5.892639     4.936054     8.969673    12.832883    12.396309     5.293326    13.194666     4.898142     8.239148     4.349975  0.241387              0          4.138687    6.953555
Round 68      5.943374     6.810400    12.187341    15.715088    12.420359     7.812936    21.644200     3.268501     8.779775     6.534399  0.251391              0          2.590936    5.021370
Round 69      7.059694     5.337067     9.078525     9.908998    14.207765     4.955278    20.762260     3.425313    13.216921     7.132339  0.241834              0          4.107586    6.999907
Round 70      9.329681     6.523607     9.428765    15.195504     9.303954     6.202341    13.903521     5.415943     8.715977     4.485841  0.263724              0          2.672907    5.176523
Round 71      7.220828     5.101760    14.189217    15.807786    12.194015     8.293748    16.822064     3.156245    12.664148     6.940512  0.237147              0          4.110325    6.659289
Round 72      5.979300     5.270461     8.863908    10.005264    12.323746     5.146793    14.527366     3.671015     8.826772     4.215385  0.267812              0          2.554924    4.977987
Round 73      6.068437     8.078893    12.065930    15.406839    19.909437     8.109253    21.757253     2.769087    12.997661     6.647023  0.275612              0          3.136334    5.945416
Round 74      5.753266     5.420483     9.133895     9.944900    12.252192     5.040445    13.459999     2.937802     8.602396     4.344068  0.278869              0          2.740988    5.445209
Round 75      9.239028     8.692073    13.770959    15.423420    17.980204     7.783381    20.891075     5.608188     7.531792     6.120416  0.300531              0          2.612867    5.149254
Round 76      6.087334     5.447531     8.807711     9.755570    12.363391     5.020853    13.880692     3.355335     8.404155     4.081968  0.276251              0          3.865793    6.940239
Round 77      8.829547     8.687594    14.102270    15.253770    19.030147     7.751477    18.057123     4.284995     7.962870     6.530603  0.265962              0          2.720449    5.155584
Round 78      5.718088     8.403596     9.206452    10.172367    12.299849     5.088256    13.260752     4.895469     8.474985     6.015466  0.229819              0          4.349522    7.174736
Round 79      9.210143     5.386627    13.967467     7.553906    19.353981     7.871230    16.554301     5.657962    10.465773     3.870606  0.300626              0          2.494724    5.209280
Round 80      5.866639     5.119566     9.117601    10.007469    15.900951     4.735237    15.758978     5.873727    13.754861     4.207118  0.251174              0          4.321419    7.114765
Round 81      5.918401     5.119979     8.840384    10.166050    18.476097     8.055593    13.779717     3.210826    11.761177     4.239120  0.264696              0          2.571300    5.137367
Round 82      9.469118     8.296989     9.185907    13.299315    19.383625     8.156378    13.011559     5.774043    13.195873     4.923404  0.284726              0          4.260795    6.844379
Round 83      6.941168     5.870602     9.781824    10.472506    12.480813     6.325471    13.696291     3.251988     8.410196     4.049729  0.300781              0          2.499624    4.963931
Round 84      5.869606     7.717019     8.305536    13.676101    19.143790     8.462312    22.066491     5.256541    13.293498     6.588649  0.309944              0          4.330389    7.155684
Round 85      5.845368     5.681557     8.973318    10.176760    10.636664     5.078599    14.051803     3.312245     8.700454     4.443269  0.279207              0          2.727603    5.248925
Round 86      9.073711     8.609678    13.434671    15.973383    18.954541     3.930293    21.590013     5.560771    13.717512     7.241268  0.322528              0          2.467254    5.068635
Round 87      5.886526     5.286463     9.349268     9.914159    12.311782     5.118233    14.223365     3.462487     9.372589     4.235018  0.288814              0          4.404613    7.411503
Round 88      5.966817     5.698262    13.952474    15.390590    19.653725     5.787903    13.317156     5.536863    12.984518     7.249986  0.273370              0          2.472085    4.871057
Round 89      5.895728     5.164934    13.944556    13.680583    12.502023     8.279219    17.868770     5.714761     8.607101     3.881000  0.282443              0          4.118997    7.025052
Round 90      9.588309     5.497512    13.710461    10.287725    12.893668     6.402824    12.677911     5.209494    10.196042     6.554204  0.293582              0          2.604559    5.207800
Round 91      6.959502     8.584140     9.112385    13.960317    19.090820     7.814213    13.531993     5.282387     8.612787     6.663638  0.346664              0          4.282861    7.213803
Round 92      7.099521     5.392048     9.343754    11.936912     9.187126     5.134650    14.169176     3.479491     8.753084     5.223809  0.248210              0          2.621777    4.948606
Round 93      5.524025     7.304259    14.123637    14.988756    17.695661     8.769270    21.830668     5.871434     8.710936     6.996257  0.252017              0          3.207032    5.800348
Round 94      5.854651     5.174971     9.278342    10.276102    12.559412     4.973254    14.251633     3.828093     9.096262     3.706030  0.288971              0          2.498155    4.972847
Round 95      6.452855     8.813757    14.500777    13.405421    19.150081     8.391359    19.029996     4.785023    13.087363     6.855092  0.256617              0          3.049860    5.454445
Round 96      5.970590     5.538818     9.089372     9.755697    12.380935     5.294289    13.834940     3.490890     8.398175     4.046601  0.244649              0          2.739000    5.669783
Round 97      9.002792     8.486593    11.716008    12.738836    19.498587     8.121076    21.189575     2.929622    13.723645     6.702029  0.261606              0          2.523479    5.017235
Round 98      6.107716     5.574444     9.042280    10.034066    12.397207     5.195596    14.207010     3.199923     8.221732     4.294947  0.262789              0          4.242168    7.292848
Round 99      5.806602     5.423033    14.282609    15.568179    14.767817     8.029905    21.313434     2.906978     8.630369     7.200038  0.250829              0          2.542786    5.160839
Round 100     5.786732     5.269720     9.063336    11.358731    19.734767     5.261917    20.949791     3.204568     8.634007     4.082805  0.268392              0          4.567016    7.644070
Round 101     5.773354     5.067471     9.209380    10.393442    19.258867     4.516390    21.115372     3.416892     8.991640     4.218750  0.243160              0          2.689157    5.213788
Round 102     5.437968     5.231478    13.858612     9.965641    19.210865     8.789382    21.148298     3.932054    11.996556     6.915164  0.260669              0          3.996175    7.058178
Round 103     5.944580     4.998441     8.960566    10.066128    10.262370     7.199067    16.356866     3.304773     8.946261     4.133692  0.302098              0          2.503908    4.944978
Round 104     8.912665     7.983248    14.676406    15.538612    15.764919     7.563062    21.234375     5.750101    13.608365     6.951982  0.256678              0          2.827240    5.292883
Round 105     5.658445     5.349621     9.376786    10.122228    12.710255     5.115615    13.938325     3.492419     8.532294     3.727711  0.296451              0          3.818678    6.772127
Round 106     8.487831     8.465474    13.616138    11.975320    17.770580     7.749159    21.406303     5.551010    13.595251     4.223099  0.291089              0          2.603392    5.178421
Round 107     5.646050     5.294169    11.018862     9.686062    12.404859     5.300650    14.487887     3.304400     8.158047     4.084935  0.261143              0          3.899795    6.818398
Round 108     9.499428     8.388450    13.275111     8.690141    14.205802     8.403800    21.468560     3.399538    10.088043     3.947000  0.288481              0          2.657342    5.061988
Round 109     5.809092     7.604749     9.067797    13.414404    12.480061     5.409454    18.446002     5.503046     8.913715     6.709285  0.267362              0          4.417673    7.355771
Round 110     6.019782     5.526607     9.247366     9.732064    18.515103     4.826950    22.039197     5.607950     8.728849     4.725661  0.252097              0          2.569331    5.050274
Round 111     9.451337     5.482584     8.361499    15.781040    16.171291     5.361978    17.750684     5.597483     8.141654     6.818469  0.299115              0          4.241730    7.299701
Round 112     7.629131     5.382823    10.699808    10.045288    12.150203     5.254643    13.675976     3.404717     8.826755     4.669946  0.236036              0          2.591434    5.193718
Round 113     8.153113     5.401818    12.499497    16.167594    18.412202     7.997248    16.291083     5.487648    13.658390     6.947756  0.248783              0          3.378103    6.055187
Round 114     5.940809     5.483611     9.409404     8.880957    12.551602     5.232531    13.957104     3.650021     8.599740     4.292203  0.296655              0          2.593583    5.307948
Round 115     9.832248     8.745525    14.014274    15.605135    19.016630     8.518613    17.379805     5.346259    13.459984     6.722216  0.260453              0          2.612316    4.995245
Round 116     5.656196     5.132156     8.997260    11.106198    12.783992     5.180472    14.471881     3.367556     8.216170     4.361939  0.263101              0          4.446225    7.403990
Round 117     6.434411     8.396945    13.562175    15.088213    18.615034     5.457368    11.666505     5.283065    13.588479     4.520131  0.304485              0          2.536815    5.142173
Round 118     5.412604     5.180919    14.718290     9.991337    18.074094     4.952766    17.068310     3.432509     8.431202     4.246678  0.283017              0          4.243658    7.352354
Round 119     5.852231     8.121728     9.094157    10.212653    12.828874     7.033658    14.473097     5.147431     8.029671     3.936067  0.304255              0          2.708543    5.270912
Round 120     9.208930     5.737660    14.530159    16.323213    18.631020     6.461914    16.223088     5.467727    13.175234     4.341173  0.266772              0          4.410769    7.232207
Round 121     6.031106     5.460497     9.070878    10.102751    12.205715     4.868931    13.813366     3.355313     8.584561     4.309470  0.248809              0          2.774482    5.170033
Round 122     7.614599     8.522773    14.153734    15.388510    18.968880     8.056769    20.647401     5.293293     8.895943     7.225512  0.288491              0          2.713256    5.170454
Round 123     5.694320     5.425174     9.099418    10.039367    12.389743     5.030213    13.741339     3.193019     8.472233     4.045208  0.251628              0          2.815451    5.818872
Round 124     9.497435     8.070366    14.152297    15.114516    11.416756     8.496688    21.735571     5.045047    13.404626     6.038094  0.257487              0          2.681784    5.042918
Round 125     5.771302     5.442940     9.019218    10.294618    15.796815     5.147405    13.506172     3.376687    11.712118     4.331354  0.311203              0          4.446346    7.508334
Round 126     5.711040     5.348435     7.977450    15.644578    18.540292     5.408375    19.459736     5.074431    10.254572     6.628612  0.299428              0          2.779386    5.406102
Round 127     5.929134     7.676630     8.681021    14.851521    12.472516     5.052598    19.035460     5.327368     8.516582     4.320160  0.295786              0          4.300988    7.330971
Round 128     5.127902     5.531621     9.057927    15.366483    15.843993     7.631974    13.525349     3.566703    12.013188     7.037016  0.281640              0          2.799713    5.371446
Round 129     6.465310     5.322390     9.123811    15.942975    16.953794     5.291888    21.308630     5.300232     8.442085     6.960605  0.258424              0          4.152919    7.298632
Round 130     5.953009     4.726665     9.130221    14.572133    12.204618     5.231959    14.434869     5.372757    10.997510     3.914714  0.250434              0          2.633556    5.154982
Round 131     8.758274     8.331672    13.823139    11.449702    19.160470     8.415242    18.570693     3.334349    10.608410     6.665660  0.285135              0          3.228978    5.666096
Round 132     6.024748     5.398133     8.807872     8.486544    12.454322     5.220965    13.728536     3.437568     8.819446     4.153727  0.271192              0          2.690103    5.622639
Round 133     9.198207     8.362125    14.424236    15.228426    19.262298     8.145545    18.101566     5.435012    13.449702     4.477636  0.295710              0          2.592803    5.481946
Round 134     5.553235     5.330784    10.315320    10.157481    13.965333     5.205261    13.917352     3.455647     8.489560     4.391083  0.288175              0          4.081226    7.130014
Round 135     7.789736     8.733114     9.999074    15.372862    17.327619     7.989700    11.612723     4.059493    13.059335     6.779073  0.324031              0          2.663243    5.240802
Round 136     5.541562     5.347202    13.366696    11.435088    12.761153     5.168711    17.733412     3.325766    11.525388     4.330964  0.253729              0          4.164979    7.343771
Round 137     9.071113     5.395476    14.184516    10.136001    19.608266     6.476068    14.032017     2.323550     8.570244     4.348605  0.310364              0          2.681232    5.114793
Round 138     8.635126     8.772765    10.393025    15.382600    19.611299     8.565104    13.815667     5.379681     8.721256     6.628080  0.306411              0          4.316908    7.272791
Round 139     5.705610     5.328819     9.947522    11.941585    12.752341     6.160753    13.814676     2.529919     8.679815     4.101498  0.259950              0          2.803440    5.253886
Round 140     9.032273     8.783532    14.365036     9.810687    19.384807     8.209429    18.516178     3.518266    13.417485     6.467031  0.261000              0          4.308653    7.127554
Round 141     5.671811     5.425158     9.853428    10.319736    12.771168     5.404477    14.059269     3.609185     5.918116     4.250976  0.290099              0          2.493960    5.021689
Round 142     9.026718     8.722349    14.874651    10.772337    19.349416     6.813424    21.832182     4.465384    13.153189     6.488293  0.278646              0          2.839290    5.399775
Round 143     5.994716     5.362060     8.865632     8.910452    12.397582     5.279957    13.862998     3.463613     8.700152     4.362867  0.253661              0          3.510314    6.372244
Round 144     8.906399     8.682639     7.205999    15.842907    19.743051     8.409043    21.173652     5.415207    13.030845     6.485946  0.293571              0          2.724849    5.130355
Round 145     5.805194     5.425735     9.065174    11.015719    12.714179     5.032485    17.283479     3.450513     8.777170     5.156824  0.248271              0          4.415956    7.479991
Round 146     9.824200     5.307384    10.380579     9.969537    19.961905     5.156676    16.856980     5.244903     7.184803     4.380127  0.258813              0          2.630368    5.053929
Round 147     5.610356     8.654026    13.913035    15.247943    12.748693     8.393816    14.709699     3.536676    12.457056     7.375360  0.275780              0          4.290929    7.452464
Round 148     5.840302     5.422022     7.953027    11.527086    12.432706     5.307136    17.462220     3.304842    10.982782     4.446946  0.258001              0          2.648869    5.142236
Round 149     9.468905     5.356401    14.866825    16.375386    18.935505     5.047912    17.467084     5.782316    11.124981     4.121010  0.304532              0          4.059650    7.096461
Round 150     5.951005     6.619178    10.346489    10.260301    12.918575     5.196202    10.491288     3.206233     9.096356     4.142091  0.247401              0          2.698391    5.147074
Round 151     9.177063     9.015468    12.202445    12.853845    13.829518     8.359979    21.538639     5.302658    13.404319     7.137147  0.250566              0          3.091186    5.544216
Round 152     5.529312     5.597348     7.256036    10.401059    12.429011     5.275500    14.045840     3.384407     8.866218     4.347543  0.276270              0          2.586180    5.538890
Round 153     9.344187     6.357061    14.280168    15.933925    18.657340     8.221084    21.969004     3.040179    14.165603     6.981308  0.255667              0          2.692564    5.115380
Round 154     5.950052     5.523078     8.897684    10.219180    14.635075     5.301222    15.611207     3.299471     8.616680     4.376061  0.290608              0          4.360660    7.360353
Round 155     5.928559     8.948388     8.653972    12.674135    19.867799     8.282197    21.906377     3.543145    13.923822     6.697542  0.273538              0          2.699350    5.249767
Round 156     5.716504     5.506362     9.523784    11.480068    15.551695     8.527844    13.980748     5.380146    10.838403     4.421069  0.276849              0          4.351054    7.418232
Round 157     5.792330     5.280346     9.448608    12.122032    17.678093     8.398550    14.249727     4.976602     8.629033     6.027395  0.257410              0          2.492078    4.920139
Round 158     9.376037     5.632033    14.634053    16.102693    13.237834     5.037649    18.643512     3.263225     8.439977     6.859674  0.315269              0          4.197458    7.320359
Round 159     6.109086     5.333598     9.271158    10.258955    12.338066     6.524411    14.964190     3.214418     9.050733     4.179844  0.308836              0          2.658444    5.082891
Round 160     8.948196     8.982322    14.053377    11.920017    19.777478     4.637694    18.845936     5.916463    13.297115     7.448885  0.266675              0          3.327942    5.873716
Round 161     5.765652     5.327609     6.982202    10.124835    13.059353     5.181123    13.825482     3.442155     8.607129     4.198146  0.269976              0          3.752193    6.972695
Round 162     9.182181     8.098453    14.403698    15.688367    19.410436     8.579824    14.013585     3.416894    13.264840     6.636663  0.295718              0          2.643007    5.200398
Round 163     5.622479     5.359571     8.713372    10.073908    12.132098     5.139302    19.838132     5.615553     8.794975     6.593786  0.261477              0          4.215827    7.153059
Round 164     5.096357     5.516455     9.253606    11.156555    18.400110     8.252703    21.475295     3.448967     8.675236     4.250643  0.270098              0          2.670506    5.234685
Round 165     5.598075     8.471453    14.181277    10.438997    19.189350     7.090086    17.870285     3.095941     8.784777     6.642772  0.277495              0          4.273379    6.991362
Round 166     5.955423     5.401308     9.493308     7.254437    13.032798     5.161181    14.176353     3.550532     8.358791     4.942911  0.344067              0          2.721293    5.238548
Round 167     9.222522     7.252885    13.931416    15.376956    19.516665     8.862597    17.744522     5.039406    13.594617     6.081734  0.291481              0          2.605440    5.230845
Round 168     5.845815     5.351971     8.795535     9.647312    12.911305     5.337048    13.994059     3.287421     8.513865     4.148505  0.270684              0          3.838314    7.008890
Round 169     8.898799     8.019327    13.841944     8.346238    20.025814     7.126189    21.878365     5.229927    13.594191     4.535332  0.299556              0          2.686275    5.327945
Round 170     5.729981     5.511536     9.139593    10.259120    12.638558     7.417169    18.786800     3.341022     8.553881     7.025567  0.289347              0          4.703485    7.787579
Round 171     6.578064     5.447207     8.522665    15.843652    18.272470     8.036309    22.289451     3.307561     6.654736     4.264240  0.302956              0          2.543430    5.128417
Round 172     9.088681     5.198283     9.313483     9.912812    14.519464     4.995257    19.290992     3.458537    13.077394     6.852053  0.259334              0          4.528702    7.552233
Round 173     5.962671     6.452499     9.098104    10.336430    14.113456     5.165529    14.148518     3.318965    11.331264     6.171709  0.234639              0          2.656513    5.132179
Round 174     5.970284     8.709598     8.928748    16.110891    19.794186     5.100340    21.612179     6.031958     8.266366     5.231039  0.289700              0          4.127203    7.109605
Round 175     4.984612     5.505735     9.034411     9.984392    13.372744     5.193899    16.347840     3.351406    10.909767     4.331414  0.233154              0          2.657202    5.390843
Round 176     5.846449     8.701861    13.730973    15.552873    18.350136     8.404230    21.826866     5.682463    12.065898     7.055815  0.312129              0          3.100485    5.542493
Round 177     6.042328     5.393827     6.771104    10.433135    12.407296     5.096237    14.366365     3.156489     8.656105     4.384029  0.276401              0          2.527748    5.131221
Round 178     7.865823     7.347356    14.467703    16.362600    19.412951     8.290430    21.257912     5.608246    13.205336     6.771414  0.297219              0          2.593763    5.165096
Round 179     5.992385     5.474784     9.232694    10.202565    12.480172     5.076366    14.207722     3.648009     8.525596     4.372747  0.269277              0          4.167492    7.195953
Round 180     9.608693     8.357259    10.999023     8.946870    15.081674     8.011929    21.771515     5.499256    13.711912     7.180262  0.280100              0          2.687854    5.196161
Round 181     6.926578     8.949303     9.371712    14.263664    12.477025     4.988186    13.960407     3.563928     8.884797     5.519605  0.248045              0          4.238344    7.304893
Round 182     6.785300     9.028830    13.881140     9.635120    14.861359     5.180641    14.430138     5.544118    13.719779     6.450461  0.301682              0          2.775897    5.418287
Round 183     5.388135     7.531621     9.147085    16.162948    12.614800     8.499506    21.020240     3.466962    13.858284     7.355432  0.238321              0          4.298777    7.217179
Round 184     5.894831     8.618331    12.890930    10.341744    12.126669     5.299373    14.275903     3.429515     8.945666     4.587835  0.289685              0          2.653213    5.149235
Round 185     9.207106     8.624323    13.184406    16.085986    14.913790     8.491573    17.321622     5.657582    13.230606     6.676296  0.247694              0          3.343036    6.024031
Round 186     6.028118     5.414840     9.261595    10.728806    11.424474     5.242270    14.223222     3.509284     8.837904     4.263180  0.248963              0          2.639189    5.266349
Round 187     9.181684     8.486055    14.176233    13.956306    14.366600     8.478810    19.901469     5.438015    13.724413     6.467278  0.288048              0          2.855330    5.369333
Round 188     5.889727     5.457562     9.476495     9.938328    12.616798     5.408829    14.325276     3.465024     8.937425     3.887334  0.294441              0          4.278924    7.390938
Round 189     8.689305     8.173155    14.937712    16.132296    16.346743     7.916053    14.775055     5.136417    13.137364     6.321483  0.306334              0          2.579006    5.124109
Round 190     5.968403     5.272485     8.787949     9.994461    12.202839     5.140079    14.096554     3.411614    10.424665     4.082078  0.273002              0          4.222587    7.201432
Round 191     9.668973     5.603655     9.289334    15.445172    19.225891     5.546128    12.755611     4.664441    13.597975     6.491156  0.246626              0          2.579266    5.078050
Round 192     8.880293     5.353220    12.521733    13.789508    12.472889     8.155793    14.077526     5.567183     8.611612     6.641031  0.311840              0          4.364457    7.436021
Round 193     8.997792     8.328392     9.201669     9.940811    15.262750     5.088071    16.846119     3.422857     8.421378     4.454955  0.249250              0          2.738854    5.248698
Round 194     7.745240     8.708611     9.059103    12.100152    20.326564     4.830935    22.772264     4.959396     8.677850     6.957580  0.272542              0          4.232222    7.233031
Round 195     7.049003     3.952356     9.397945    10.495211    12.362350     5.283038    14.134906     4.493151     8.644600     4.046622  0.243925              0          2.601891    5.195088
Round 196     6.170432     5.875815    13.835654    15.821080    20.064966     8.279191    20.350371     5.768396    13.557022     6.637312  0.240911              0          3.047049    5.537874
Round 197     5.841960     5.559774     8.902816    10.543444    12.753731     5.499668    14.104426     3.154059     8.516287     4.025894  0.290288              0          3.889656    6.777578
Round 198     6.995989     8.515217     9.782872    15.792305    19.284505     7.880757    20.884538     3.792097    13.651066     6.723208  0.239515              0          2.849982    5.328831
Round 199     6.837464     5.440765     8.843476     9.908285    12.725778     4.921926    14.113552     2.898912     8.428758     4.220800  0.239455              0          4.056027    7.120289
Round 200     9.129391     6.517154    14.347134    15.725713     9.129367     8.204836    17.202082     4.861193    10.612686     6.211595  0.278000              0          2.498170    5.083949

총 시뮬레이션 시간: 1193.27초

================================================================================
 시뮬레이션 파라미터
================================================================================
NUM_CLIENTS: 10
NUM_ROUNDS: 200
LOCAL_EPOCHS: 2
DIRICHLET_ALPHA: 0.5
MIN_SAMPLES_PER_CLASS: 50
RANDOM_SEED: 42
NUM_COMMITTEE_MEMBERS: 3
EWMA_BETA: 0.5
CONTRIBUTION_SCALING_FACTOR: 1.5
NUM_NOISE_ATTACKERS: 0
NUM_DATAF_ATTACKERS: 3
DATAF_POISON_LEVEL: 3
COMMITTEE_EVAL_SKIPPED: True
