================================================================================
 데이터 분할 현황
================================================================================
   Client  Num Samples  Class 0  Class 1  Class 2  Class 3  Class 4  Class 5  Class 6  Class 7  Class 8  Class 9
0       0         3702       58      935      667      157      347      361      274      419       62      422
1       1         3398      448       50      234      881      317      490       55      511      353       59
2       2         5798     1210       52      482      541      642      212       75      202     2246      136
3       3         6461      180     1750       51       76      494     1025      617     1516      107      645
4       4         8058      744      382      762      208     2092      869     2355      286      284       76
5       5         3282      124      248      877      200       61      334      347      384      362      345
6       6         9048      101      236     1210     1697       63      201      966     1367     1102     2105
7       7         2138       50      269      259      153       91      513       50      180      339      234
8       8         5453     1898      868      402      522      146      800      143       50       86      538
9       9         2662      187      210       56      565      747      195      118       85       59      440

================================================================================
 라운드별 글로벌 모델 정확도
================================================================================
       Overall_Accuracy  Poisoned_Acc([0,2,3,4,6,7,8,9])
Round                                                   
1                0.1369                           0.1700
2                0.3916                           0.3966
3                0.5388                           0.4875
4                0.6321                           0.5899
5                0.6554                           0.6129
6                0.6903                           0.6446
7                0.7114                           0.6810
8                0.7257                           0.7013
9                0.7342                           0.7000
10               0.7526                           0.7292
11               0.7521                           0.7239
12               0.7515                           0.7242
13               0.7496                           0.7202
14               0.7646                           0.7456
15               0.7620                           0.7342
16               0.7640                           0.7410
17               0.7541                           0.7271
18               0.7614                           0.7336
19               0.7598                           0.7294
20               0.7659                           0.7375
21               0.7623                           0.7379
22               0.7658                           0.7459
23               0.7686                           0.7469
24               0.7620                           0.7359
25               0.7588                           0.7321
26               0.7697                           0.7511
27               0.7513                           0.7232
28               0.7649                           0.7425
29               0.7687                           0.7529
30               0.7630                           0.7412
31               0.7661                           0.7460
32               0.7603                           0.7391
33               0.7664                           0.7485
34               0.7594                           0.7420
35               0.7609                           0.7412
36               0.7556                           0.7298
37               0.7553                           0.7331
38               0.7587                           0.7395
39               0.7598                           0.7440
40               0.7591                           0.7431
41               0.7570                           0.7392
42               0.7583                           0.7372
43               0.7576                           0.7370
44               0.7550                           0.7414
45               0.7527                           0.7345
46               0.7568                           0.7399
47               0.7519                           0.7348
48               0.7530                           0.7309
49               0.7587                           0.7450
50               0.7549                           0.7360
51               0.7511                           0.7291
52               0.7520                           0.7342
53               0.7558                           0.7402
54               0.7563                           0.7366
55               0.7537                           0.7358
56               0.7508                           0.7300
57               0.7561                           0.7388
58               0.7514                           0.7305
59               0.7510                           0.7328
60               0.7536                           0.7351
61               0.7551                           0.7356
62               0.7558                           0.7416
63               0.7510                           0.7351
64               0.7479                           0.7315
65               0.7502                           0.7358
66               0.7601                           0.7491
67               0.7513                           0.7356
68               0.7549                           0.7394
69               0.7457                           0.7256
70               0.7527                           0.7389
71               0.7550                           0.7391
72               0.7528                           0.7389
73               0.7507                           0.7341
74               0.7521                           0.7371
75               0.7482                           0.7308
76               0.7565                           0.7441
77               0.7515                           0.7356
78               0.7492                           0.7339
79               0.7510                           0.7350
80               0.7543                           0.7386
81               0.7557                           0.7385
82               0.7514                           0.7350
83               0.7512                           0.7358
84               0.7469                           0.7306
85               0.7500                           0.7361
86               0.7498                           0.7372
87               0.7511                           0.7386
88               0.7572                           0.7476
89               0.7513                           0.7374
90               0.7580                           0.7492
91               0.7525                           0.7340
92               0.7503                           0.7328
93               0.7514                           0.7384
94               0.7543                           0.7410
95               0.7559                           0.7465
96               0.7512                           0.7385
97               0.7475                           0.7339
98               0.7555                           0.7476
99               0.7611                           0.7518
100              0.7564                           0.7444

================================================================================
 라운드별 모델 합성 가중치
================================================================================
           client_0_weight  client_1_weight  client_2_weight  client_3_weight  client_4_weight  client_5_weight  client_6_weight  client_7_weight  client_8_weight  client_9_weight
Round 1           0.089867         0.088893         0.096676         0.132804         0.108315         0.107085         0.119715         0.086767         0.091028         0.078850
Round 2           0.101066         0.082448         0.102917         0.113121         0.113103         0.110325         0.121322         0.096322         0.098515         0.060860
Round 3           0.113722         0.082453         0.098009         0.122892         0.109289         0.091499         0.131971         0.089605         0.089123         0.071437
Round 4           0.103302         0.088122         0.107225         0.118469         0.087312         0.103398         0.117773         0.100410         0.091824         0.082165
Round 5           0.105354         0.097469         0.120731         0.111015         0.108808         0.109283         0.105747         0.092491         0.071233         0.077869
Round 6           0.122116         0.104962         0.106679         0.111331         0.111943         0.110365         0.090654         0.084456         0.078602         0.078893
Round 7           0.103902         0.111402         0.103339         0.106951         0.107766         0.118643         0.097561         0.087391         0.079915         0.083128
Round 8           0.118679         0.107614         0.120770         0.107892         0.098718         0.116170         0.100879         0.080565         0.079352         0.069361
Round 9           0.117612         0.107823         0.100083         0.109911         0.112935         0.112437         0.103198         0.083074         0.077031         0.075895
Round 10          0.119422         0.109347         0.098188         0.114764         0.118582         0.096256         0.104724         0.080396         0.080352         0.077969
Round 11          0.115668         0.112565         0.100748         0.111827         0.115188         0.106929         0.100548         0.076008         0.079468         0.081052
Round 12          0.106979         0.106974         0.112154         0.112399         0.106502         0.110644         0.108386         0.083868         0.077634         0.074459
Round 13          0.116227         0.090896         0.115602         0.110313         0.112402         0.113087         0.100812         0.083041         0.073710         0.083911
Round 14          0.119654         0.107806         0.109887         0.109165         0.111666         0.103776         0.104376         0.086400         0.075439         0.071831
Round 15          0.119613         0.105885         0.106774         0.110654         0.093042         0.117985         0.107379         0.084594         0.075955         0.078118
Round 16          0.124664         0.096517         0.107930         0.112365         0.107712         0.119784         0.109028         0.081097         0.075654         0.065248
Round 17          0.118735         0.105546         0.103419         0.112701         0.109212         0.119537         0.105411         0.078075         0.067890         0.079474
Round 18          0.125041         0.097929         0.103212         0.099353         0.100593         0.122521         0.109440         0.085625         0.077562         0.078723
Round 19          0.124120         0.097054         0.103059         0.110059         0.099389         0.118431         0.106655         0.082295         0.075662         0.083277
Round 20          0.120061         0.115565         0.107656         0.103319         0.107368         0.119850         0.103638         0.076598         0.073474         0.072471
Round 21          0.120020         0.116268         0.097976         0.114420         0.099707         0.120658         0.103602         0.079781         0.072176         0.075391
Round 22          0.119084         0.113954         0.106882         0.112343         0.099062         0.121646         0.105133         0.078587         0.070286         0.073023
Round 23          0.121294         0.115988         0.112604         0.115597         0.102769         0.119639         0.103779         0.076114         0.070066         0.062150
Round 24          0.120663         0.113706         0.105320         0.112417         0.094384         0.118394         0.106338         0.081865         0.073379         0.073532
Round 25          0.126249         0.099297         0.094689         0.115506         0.117736         0.126013         0.093157         0.085048         0.071669         0.070638
Round 26          0.120098         0.113714         0.103177         0.111244         0.114496         0.117320         0.100158         0.076953         0.072345         0.070495
Round 27          0.120477         0.100124         0.111452         0.111823         0.111141         0.120193         0.111594         0.079708         0.056047         0.077442
Round 28          0.119440         0.112301         0.101301         0.112652         0.112037         0.117218         0.099533         0.081555         0.069926         0.074037
Round 29          0.121694         0.115828         0.110917         0.114999         0.109580         0.118301         0.099918         0.071067         0.071698         0.065998
Round 30          0.117201         0.113921         0.111973         0.111395         0.109236         0.116532         0.107550         0.072062         0.066420         0.073710
Round 31          0.118757         0.100121         0.110016         0.109429         0.113769         0.117310         0.103588         0.074593         0.073871         0.078546
Round 32          0.116546         0.110525         0.106928         0.110190         0.112370         0.113206         0.103746         0.080906         0.070014         0.075568
Round 33          0.120278         0.113028         0.108935         0.113663         0.112272         0.117431         0.087586         0.083786         0.081492         0.061528
Round 34          0.122087         0.101634         0.110725         0.116272         0.112974         0.115938         0.108535         0.074315         0.058013         0.079507
Round 35          0.121290         0.092631         0.112623         0.114975         0.112433         0.117840         0.109600         0.079415         0.074897         0.064297
Round 36          0.112388         0.114055         0.100491         0.111958         0.109498         0.114931         0.107338         0.075484         0.080206         0.073652
Round 37          0.114321         0.110907         0.107183         0.109389         0.110889         0.114172         0.103364         0.077114         0.078392         0.074269
Round 38          0.117071         0.108850         0.108264         0.110954         0.112101         0.116018         0.103546         0.081391         0.072502         0.069305
Round 39          0.115901         0.113600         0.106959         0.109991         0.110252         0.112693         0.104943         0.081969         0.077368         0.066324
Round 40          0.115708         0.115162         0.107749         0.112193         0.109297         0.113990         0.104775         0.080332         0.081279         0.059517
Round 41          0.117469         0.115117         0.092586         0.112062         0.109026         0.114379         0.104917         0.077662         0.084563         0.072220
Round 42          0.118449         0.110564         0.110397         0.111684         0.095754         0.118102         0.107675         0.077622         0.076179         0.073574
Round 43          0.117101         0.113250         0.112063         0.112257         0.105213         0.115638         0.090397         0.084002         0.085322         0.064758
Round 44          0.113972         0.109579         0.107569         0.108768         0.107630         0.112574         0.102095         0.080658         0.082051         0.075104
Round 45          0.114643         0.111379         0.103200         0.106915         0.106446         0.113457         0.101850         0.082277         0.084402         0.075432
Round 46          0.115502         0.113302         0.107128         0.111528         0.107097         0.112439         0.105601         0.083963         0.070636         0.072804
Round 47          0.115649         0.087175         0.109573         0.112103         0.109964         0.116108         0.107008         0.086031         0.086108         0.070281
Round 48          0.116655         0.083846         0.112508         0.111899         0.110661         0.116118         0.102847         0.087056         0.086096         0.072313
Round 49          0.114041         0.096092         0.109768         0.112373         0.109323         0.114694         0.100312         0.086083         0.082054         0.075259
Round 50          0.112838         0.109403         0.106699         0.110653         0.106110         0.110931         0.103527         0.084775         0.082853         0.072212
Round 51          0.112984         0.111409         0.106850         0.108579         0.109026         0.111222         0.101861         0.078907         0.086330         0.072832
Round 52          0.111611         0.111150         0.106712         0.109152         0.108013         0.109896         0.101184         0.082448         0.089217         0.070618
Round 53          0.116010         0.111101         0.090905         0.110994         0.111812         0.113885         0.106036         0.089441         0.081377         0.068440
Round 54          0.113549         0.111598         0.103677         0.110465         0.109605         0.112899         0.101688         0.086917         0.086880         0.062722
Round 55          0.112060         0.110525         0.106668         0.106859         0.106805         0.107956         0.101580         0.082754         0.091289         0.073504
Round 56          0.113108         0.111456         0.097778         0.110025         0.108817         0.109510         0.103216         0.087814         0.090117         0.068157
Round 57          0.112234         0.110778         0.108205         0.109925         0.105838         0.112519         0.102980         0.081103         0.082694         0.073725
Round 58          0.110828         0.110103         0.107052         0.107972         0.105722         0.110005         0.100982         0.084953         0.087379         0.075004
Round 59          0.109423         0.108707         0.105314         0.107787         0.103743         0.109483         0.102055         0.089136         0.088436         0.075916
Round 60          0.110531         0.108008         0.109516         0.107868         0.103983         0.110443         0.101497         0.082430         0.094081         0.071642
Round 61          0.112515         0.111794         0.111243         0.106782         0.106708         0.111817         0.103413         0.078620         0.090862         0.066246
Round 62          0.110369         0.110425         0.107675         0.108336         0.106126         0.108139         0.100192         0.088459         0.093186         0.067094
Round 63          0.111278         0.109480         0.108936         0.108038         0.106432         0.109345         0.099584         0.086039         0.089693         0.071174
Round 64          0.109013         0.108320         0.107812         0.107785         0.104010         0.106726         0.100989         0.087957         0.092815         0.074573
Round 65          0.110388         0.105817         0.109542         0.108105         0.104805         0.108408         0.100150         0.088429         0.092461         0.071895
Round 66          0.112221         0.111964         0.086264         0.110673         0.108051         0.111217         0.101011         0.088785         0.094457         0.075357
Round 67          0.110901         0.101633         0.105288         0.109421         0.107647         0.109442         0.100702         0.088168         0.097132         0.069667
Round 68          0.110708         0.108901         0.106195         0.108172         0.106085         0.110123         0.098280         0.090224         0.088662         0.072650
Round 69          0.108507         0.107992         0.106183         0.106192         0.104388         0.107679         0.100682         0.089938         0.094702         0.073737
Round 70          0.109119         0.106320         0.108185         0.107270         0.101743         0.108444         0.100664         0.091658         0.095902         0.070695
Round 71          0.109360         0.105080         0.108721         0.107397         0.106327         0.108870         0.100356         0.081912         0.097268         0.074710
Round 72          0.108610         0.108291         0.102772         0.108056         0.105778         0.105737         0.101879         0.091434         0.095587         0.071857
Round 73          0.107911         0.106681         0.105827         0.105890         0.104101         0.107149         0.099783         0.089657         0.098416         0.074587
Round 74          0.108607         0.108062         0.105505         0.107484         0.104445         0.108905         0.100029         0.085332         0.098783         0.072849
Round 75          0.109179         0.109062         0.109023         0.108393         0.104965         0.101095         0.102237         0.084941         0.095990         0.075114
Round 76          0.108936         0.107460         0.108844         0.107284         0.104070         0.105855         0.100263         0.094588         0.093079         0.069622
Round 77          0.108076         0.108239         0.108376         0.106925         0.103056         0.107817         0.103430         0.093576         0.093744         0.066761
Round 78          0.106869         0.106259         0.106991         0.104952         0.103942         0.107166         0.101151         0.093017         0.100367         0.069288
Round 79          0.106369         0.106294         0.105956         0.104537         0.104086         0.105942         0.100767         0.093119         0.100659         0.072271
Round 80          0.108900         0.107665         0.103867         0.107484         0.090773         0.106433         0.104202         0.094836         0.104593         0.071247
Round 81          0.109463         0.108700         0.108677         0.107579         0.102807         0.108500         0.101266         0.090955         0.096294         0.065759
Round 82          0.106653         0.107162         0.107083         0.104603         0.104636         0.107525         0.102198         0.091067         0.097175         0.071899
Round 83          0.108686         0.109396         0.096159         0.107090         0.107732         0.109135         0.101230         0.089634         0.097672         0.073265
Round 84          0.107313         0.107645         0.104383         0.106250         0.105392         0.107450         0.103128         0.086440         0.099181         0.072817
Round 85          0.105926         0.105595         0.104649         0.104454         0.104992         0.105879         0.101544         0.093781         0.099903         0.073277
Round 86          0.107039         0.106793         0.107019         0.104647         0.105433         0.106531         0.101193         0.095043         0.101285         0.065016
Round 87          0.106488         0.105839         0.106990         0.105426         0.105337         0.106651         0.099095         0.091667         0.102430         0.070076
Round 88          0.110187         0.109806         0.072193         0.108475         0.106865         0.109716         0.104096         0.096172         0.106081         0.076410
Round 89          0.107047         0.106692         0.103117         0.105168         0.104346         0.104833         0.102778         0.093489         0.102577         0.069955
Round 90          0.108092         0.108550         0.086286         0.106732         0.106033         0.107497         0.104984         0.094161         0.104825         0.072841
Round 91          0.110628         0.110581         0.104227         0.108092         0.109502         0.110600         0.106922         0.064113         0.100261         0.075075
Round 92          0.106822         0.107705         0.107071         0.105663         0.105052         0.104686         0.103602         0.083772         0.102667         0.072958
Round 93          0.105675         0.105370         0.104629         0.104504         0.103931         0.105615         0.099404         0.094536         0.101588         0.074748
Round 94          0.106178         0.105694         0.100388         0.105017         0.103056         0.105385         0.103340         0.092569         0.101843         0.076530
Round 95          0.106278         0.103200         0.100482         0.104766         0.103889         0.106031         0.103947         0.096562         0.102240         0.072605
Round 96          0.106281         0.104278         0.106139         0.104752         0.103666         0.105135         0.102677         0.095855         0.102084         0.069134
Round 97          0.105481         0.105765         0.105981         0.104072         0.104356         0.105820         0.101514         0.092711         0.102222         0.072078
Round 98          0.108203         0.107414         0.075423         0.106779         0.106701         0.107774         0.105226         0.100664         0.102155         0.079662
Round 99          0.106036         0.105687         0.092314         0.105699         0.105389         0.106267         0.103278         0.097662         0.101469         0.076199
Round 100         0.106067         0.105851         0.105394         0.105504         0.103888         0.106710         0.103512         0.092358         0.101602         0.069114

================================================================================
 라운드별 시간 측정 결과 (초)
================================================================================
           cli 0 train  cli 1 train  cli 2 train  cli 3 train  cli 4 train  cli 5 train  cli 6 train  cli 7 train  cli 8 train  cli 9 train  agg time  cli eval time  global eval time  total time
Round 1       4.521787     3.086966     6.280158     8.238665    10.538368     2.734593    12.126357     2.257162     6.407315     3.420926  0.399665      24.073619          2.422838   29.660123
Round 2       4.829371     4.160117     6.729854     7.966928    11.084976     4.131367    10.805748     3.111639     5.249521     2.982452  0.338919      23.771792          2.433506   29.254812
Round 3       5.252803     4.386913     5.641370     7.622240     9.999708     4.517588    12.217664     2.305942     6.802101     3.724475  0.339627      23.800782          2.378950   29.046310
Round 4       4.895394     4.736088     7.663537     7.631428     9.181173     4.339311    10.889247     2.947111     7.671901     3.441509  0.451656      32.737640          4.371776   41.457371
Round 5       5.775404     6.007937    15.343618    12.774927    17.720099     5.580764    19.884947     3.673155    13.111729     4.966335  0.373785      37.035125          4.462527   45.959725
Round 6       5.919098     6.755374    15.836084    16.657098    20.472863     7.091227    23.695655     5.659608     9.102535     4.596838  0.418318      43.252965          2.679103   49.186635
Round 7       8.738190     8.100243    14.695096    16.551578    20.827254     7.539703    23.253690     5.671314    14.406372     7.797549  0.343018      39.140740          4.611278   48.293660
Round 8      10.101961     7.685763    10.878897    11.737890    21.434589     5.116084    18.758657     6.299058    14.422663     4.423720  0.351358      39.384285          4.565087   48.538048
Round 9      10.143383     7.075517    12.154781    15.399368    21.346645     8.957656    16.564675     4.316125    13.526172     4.622344  0.347937      35.701190          4.404863   44.721844
Round 10      7.759828     9.030139    14.910105    11.103693    20.132203     9.254679    23.652686     3.784520    10.676095     7.504349  0.346804      43.929580          2.740729   50.174935
Round 11      9.468144     9.999654    15.125250    17.768944    13.404624     9.044497    23.817741     6.434705    14.540543     6.901902  0.407670      43.827986          3.318666   50.631615
Round 12     10.219581     8.007199    15.030342    15.398265    21.513008     5.472934    22.852225     6.177972    14.343844     4.473626  0.352103      40.714648          4.623444   49.944482
Round 13     10.171819     9.392058    11.580591    10.974628    21.535467     9.057986    15.746848     4.250438    13.430187     6.661736  0.355569      39.085328          4.999489   48.622206
Round 14      9.844714     8.074653    15.650088    11.455462    16.626828     9.086514    24.175762     4.760777    10.147873     7.435328  0.420159      40.478343          4.312917   49.503377
Round 15     10.111990     7.824176     8.568477    16.967291    21.619313     6.489631    23.900965     3.675894    14.745318     7.418905  0.348348      44.059112          2.750684   50.066400
Round 16      9.511735     9.571848    14.744083    18.048847    21.155506     9.312980    23.984978     3.519192    14.067926     7.481960  0.379937      42.444284          4.407184   50.875371
Round 17     10.262324     9.317349    15.655188    11.439301    21.095708     9.045593    19.812155     4.467263    14.808339     4.411429  0.366051      40.316374          4.611252   49.373189
Round 18      7.445513     9.360986    15.364932    13.102105    20.003708     9.048840    17.510807     3.790145    15.142572     4.649099  0.359327      41.160754          4.490433   50.283450
Round 19      7.534454     9.336655     9.662268    16.174988    22.240607     5.618773    22.950229     5.807100    14.778162     5.709200  0.356657      40.473175          4.730191   49.786745
Round 20      6.291206     9.670897    10.930211    17.650995    17.668899     7.053939    23.926822     2.966460    14.048362     7.449499  0.420766      38.973418          3.978218   47.773680
Round 21      8.314004     5.966802    15.588193    10.141012    21.472301     9.114873    24.049387     5.409415    14.730135     7.667944  0.369098      44.429903          2.816360   50.464419
Round 22     10.436624     9.040423    15.764186    16.467185    21.083167     8.645108    21.559175     5.951647    14.675483     7.860067  0.373663      40.903652          4.784236   50.008754
Round 23      9.623018     7.321983    15.255689    17.155655    20.720463     9.090922    16.884688     6.467279     9.637650     7.303631  0.371567      38.467139          4.641163   47.623379
Round 24      9.768069     7.720062     9.565499    14.045367    17.328593     8.858186    19.323018     4.002213     9.859176     8.006289  0.363501      41.771750          4.592859   50.941423
Round 25      9.824562     6.313629    15.926693    16.960908    15.386372     9.068536    17.696940     3.680985    10.527107     5.730549  0.378875      43.174354          2.787518   50.305431
Round 26     10.297463     9.017646    15.185501    16.858925    10.214200     8.870865    23.623590     6.120645    15.059424     7.664076  0.360072      45.314452          2.714726   51.299107
Round 27     10.064891     9.249925    13.251392    16.401220    21.189161     9.227772    23.803114     5.765744    14.510746     7.380791  0.356038      40.723634          4.624099   50.110391
Round 28     10.125568     7.916405    14.386146    17.621055    14.378609     5.597971    23.979013     5.836848    14.683344     5.081482  0.357763      40.937543          4.416017   49.791166
Round 29      7.089039     5.900000    14.424253    16.170402    19.116286     8.980613    24.139771     6.163550     9.328676     4.977782  0.353189      40.875812          4.443015   50.133044
Round 30      9.265967     9.460032    15.723316    17.809760    13.921037     9.004002    16.932456     6.138231    14.703988     7.659617  0.375520      41.481696          4.582599   50.590849
Round 31      7.998517     8.872916    15.354949    16.669874    15.996567     8.756011    23.687787     6.495951    10.636479     4.377510  0.373848      43.635596          3.867489   50.925814
Round 32     10.218329     9.339445    15.636282    14.356537    18.066180     9.351928    23.761114     6.493573    11.805456     7.644539  0.363334      40.674350          4.878465   50.080359
Round 33      7.115730     6.401565    10.455836    17.153077    20.627081     9.134088    19.412083     6.326289    10.075324     7.696921  0.352344      41.185080          4.799345   50.517637
Round 34      7.507576     9.274284    12.792942    12.638895    19.528954     7.101084    18.618201     5.640674    11.316806     4.625780  0.353166      41.162796          4.653257   50.412621
Round 35      8.814235     7.608090    15.393475    17.482528    21.551710     8.851960    18.533841     5.313487     9.205939     6.799051  0.384748      41.658356          4.443656   50.899557
Round 36      9.966883     9.121770    15.371138    12.033137    16.319877     9.121106    24.058882     6.216325    14.423358     3.325064  0.353860      45.709941          2.787746   51.707695
Round 37     10.527643     9.111187    14.860910    14.161552    20.654885     9.046392    23.674338     6.147619    14.794387     7.609809  0.345914      40.276425          4.597567   48.583440
Round 38      9.671617     7.125807    14.350598    17.603141    15.568419     8.790448    16.557729     6.227562    13.493636     7.629756  0.359626      40.033570          4.856849   49.445494
Round 39      5.775572     5.810023    13.232232    12.890075    18.528183     8.618967    22.377764     6.460715    10.505651     8.017736  0.364582      40.937088          4.628824   50.280440
Round 40      9.727309     5.708451    15.414652    11.400341    14.681934     6.698152    23.758105     6.362876    14.691605     7.655074  0.404806      41.263678          2.637738   48.565758
Round 41      9.412706     9.713111    10.962146    17.181408    21.804164     8.782446    24.575731     6.174209    10.487360     7.493465  0.380125      43.069229          3.169277   49.787639
Round 42     10.533741     9.199527    16.088995    17.488588    15.488762     9.046905    23.538972     4.950210     9.312644     7.389729  0.383063      40.450860          4.485602   49.611007
Round 43      8.217651     8.021248    13.526885    11.266130    15.384581     9.156626    19.990117     4.607175    11.254392     7.148061  0.349779      39.770691          4.638091   49.085421
Round 44      6.357690     7.614954    12.158423    11.197136    21.596698     6.342407    17.757014     5.567272    14.470582     7.472323  0.351154      42.873981          2.727402   48.988711
Round 45      9.715104     9.468905    15.783819    17.061357    21.005004     9.379520    13.286012     5.852732    14.945513     8.046545  0.335053      43.561124          3.511446   50.704370
Round 46     10.568599     8.043150    15.437280    14.426772    21.637764     9.366327    19.594564     3.776626     9.023510     7.453143  0.384585      39.643486          4.653603   49.169062
Round 47     10.168712     6.408041    10.322335    15.873110    19.206120     6.721428    20.425881     3.701748    12.696971     7.118072  0.352137      40.074155          4.658591   49.354320
Round 48      8.158416     9.322272    14.986962    17.256288    18.497838     9.027196    22.334234     3.619789    10.371630     4.629691  0.351614      39.645002          4.847732   48.906841
Round 49     10.409930     9.372988    14.223150    10.905947    21.881809     9.004825    23.878204     3.972432    10.873356     6.438667  0.371949      43.988243          2.826440   50.693548
Round 50      9.581167     9.176887    16.012879    17.075412    11.578198     8.523598    24.058610     6.431657    14.697088     7.273376  0.382193      44.422757          3.384416   51.216565
Round 51     10.185202     9.422461    11.270607    17.703100    19.364913     9.106826    23.893213     6.048503    12.058036     7.524047  0.458026      41.898248          4.840822   50.636775
Round 52      7.983239     9.728264    15.942033    11.771502    13.954750     8.852777    23.328925     5.492967    14.806774     7.793473  0.353206      41.871364          4.913384   51.200952
Round 53     10.470375     9.009322    10.665843    16.344733    19.426124     6.055814    16.379607     5.905959    14.366803     7.532547  0.371246      39.688552          4.732724   49.106225
Round 54     10.310296     8.758981     9.908078    17.122169    21.237254     9.119733    16.979460     5.917572    12.414084     7.205192  0.400399      41.584482          3.175039   49.607036
Round 55     10.146972     9.604694    15.308607    12.209100    21.012980     8.852649    23.923146     6.423893     9.957693     7.722005  0.343007      43.917239          3.362269   50.750265
Round 56      6.546697     7.782276    15.765868    17.536364    21.443067     8.593279    20.761645     6.134428    15.116470     7.663683  0.362941      40.757499          4.812173   49.232548
Round 57      7.455389     6.274281    16.125734    17.572266    14.618244     6.008346    21.847948     3.793976    15.110250     5.530678  0.390380      41.074598          4.780991   50.349706
Round 58     10.010274     8.840969    15.513425    11.811781    20.024749     7.174898    22.591672     3.343666     9.594187     7.363755  0.365759      41.416544          4.877292   50.739027
Round 59      8.498477     9.224946    10.376267    11.387871    21.599909     8.792622    23.895553     5.402418    12.749195     7.159123  0.385558      41.101159          3.915107   49.682323
Round 60     10.175927     6.305783    14.751321    16.652265    22.158411     4.435599    24.412966     5.932050    10.621443     7.759695  0.341486      24.515776          2.484578   29.975740
Round 61      4.954032     4.914404     7.727978     8.330458    10.352973     4.051409    11.273661     3.358412     7.963567     3.624338  0.342285      23.937057          2.450121   29.266130
Round 62      4.416831     4.957768     7.649183     8.203414    11.306116     4.297845    11.307454     3.024398     6.721806     3.787051  0.337283      23.644554          2.407213   28.990557
Round 63      5.083693     4.030094     7.680502     9.099647    10.790366     4.703818    11.272923     2.633039     7.865684     3.919160  0.337299      23.763838          2.428744   29.220976
Round 64      5.145494     4.172638     7.195797     8.205946    11.180760     4.514370     8.591729     3.426020     7.221137     3.687366  0.341388      23.964296          2.446538   29.462277
Round 65      5.123045     4.828879     7.940433     6.357510    10.747805     4.470398    11.807328     2.780856     7.013594     3.567522  0.341828      24.027121          2.356172   29.255374
Round 66      5.204554     4.774401     7.523856     8.590852    11.317229     4.427822    11.401441     3.067265     7.495409     3.407323  0.358793      23.831442          2.356903   29.267218
Round 67      4.715219     4.859508     8.152035     9.004715    10.338531     4.341690    10.212725     2.734937     7.458357     3.715431  0.387343      24.105195          2.420633   29.549061
Round 68      4.894608     4.680230     8.006364     9.019319     8.252517     4.395549    11.923561     2.703437     7.113738     3.408067  0.345162      23.762086          2.392703   29.027011
Round 69      4.901222     4.981173     7.874220     8.654096    10.680031     4.472383    11.709823     2.655154     6.627834     3.834146  0.340316      23.895696          2.354296   29.322011
Round 70      4.990746     4.453828     8.021549     8.137486    10.892700     4.510981    12.337671     2.587210     7.241567     3.804951  0.336495      23.936524          2.428852   29.362676
Round 71      5.072743     4.746488     7.710634     8.747144     8.278305     4.579439    11.847094     2.905649     6.931262     3.366698  0.334647      24.085097          2.365722   29.435701
Round 72      4.860767     4.653964     7.551676     8.607476     6.547611     4.038428    11.892770     2.880779     7.138183     3.520226  0.338254      23.893282          2.354919   29.170375
Round 73      4.534942     4.681391     8.209336     8.139753    10.945488     4.798803    11.795622     2.883423     7.800093     3.872861  0.368548      23.820602          2.469787   29.411152
Round 74      4.873297     4.836081     7.927060     9.081439    10.270438     4.240025    12.067235     2.463843     7.805623     3.648954  0.336646      24.240108          2.352809   29.471595
Round 75      4.901557     4.680873     7.454257     8.393587     9.578429     4.259142    12.607236     3.124493     7.566353     3.976717  0.337122      23.895671          2.439266   29.258493
Round 76      4.910303     4.625828     7.616492     9.643958    11.055654     4.564579    11.400559     2.870304     7.540846     4.069015  0.333741      23.681555          2.437874   28.995672
Round 77      5.411314     4.543674     7.297140     8.429329    10.193823     4.535929    12.208735     3.209679     6.723330     3.770337  0.335563      24.128098          2.348382   29.389549
Round 78      5.341302     4.420497     6.223205     8.990656    11.389056     4.326219    12.277422     3.078518     6.766631     3.957875  0.337801      24.320151          2.477263   29.725116
Round 79      5.108146     4.421963     8.090669     7.806690    11.234392     4.209749    12.241297     2.999278     7.219334     3.399465  0.338098      23.978931          2.375816   29.433524
Round 80      5.211354     4.791517     7.796788     8.273215    10.728661     4.428902    12.195460     2.906718     7.704357     3.841515  0.340534      24.152769          2.381449   29.854370
Round 81      5.068352     4.513979     7.946725     8.423290    10.917475     2.952439    12.316117     3.204719     7.291972     3.596672  0.341903      24.010617          2.439603   29.594595
Round 82      5.328319     4.480099     7.098061     8.265340    11.513287     4.738001    11.853675     2.471256     7.150210     3.456959  0.330595      23.897700          2.383531   29.288188
Round 83      4.834282     4.698168     8.500675     8.634991    10.809484     4.386579    11.283173     2.565532     7.479789     3.419770  0.381131      24.078974          2.352730   29.408620
Round 84      4.994064     4.347127     5.322051     8.523563    10.742387     4.168201    11.671845     3.118930     7.081004     3.165051  0.341114      24.236394          2.433179   29.629434
Round 85      5.067310     4.661619     6.946333     8.231947    10.541894     4.473793    12.475575     2.742900     7.555963     4.158193  0.336451      24.254009          2.427789   29.570640
Round 86      5.073172     4.082400     7.385743     8.852917     9.757319     4.541906    10.936275     3.191510     7.828120     3.488875  0.338613      24.385204          2.365452   29.653341
Round 87      4.797103     4.623150     7.553369     9.330566    10.992233     3.943678    12.295583     3.002405     6.743141     3.739862  0.337587      24.128538          2.511190   29.666424
Round 88      4.820944     4.182772     7.755893     9.005498    10.321422     4.467095    11.713002     2.952471     7.715378     4.027249  0.404042      24.292896          2.436556   29.820159
Round 89      4.691186     4.965429     7.281646     8.889663    10.837478     3.049704    12.829507     2.380780     7.829173     3.415193  0.335156      24.046292          2.362904   29.274542
Round 90      5.016657     4.531619     7.785192     8.484149    11.084774     4.720363    12.491117     3.041537     7.225057     4.133362  0.336904      24.411620          2.417537   29.711266
Round 91      4.679734     4.931695     8.074500     8.712959    10.466317     4.312656    12.346540     3.057909     7.370182     3.354931  0.363052      24.605723          2.458905   30.339760
Round 92      5.193612     4.516917     6.451733     9.449129    10.563483     3.916150    12.028804     2.956775     7.540475     3.933940  0.335573      24.066136          2.361254   29.300291
Round 93      4.647087     4.248795     8.409408     8.936462    10.665210     4.312104    12.435050     3.068922     7.020097     3.888692  0.334736      24.428004          2.358249   29.687859
Round 94      4.422492     4.673831     8.449533     8.685501    11.140132     4.537391     9.772899     3.015127     7.097948     3.302147  0.349557      24.027051          2.362340   29.325472
Round 95      5.370805     4.905899     7.822541     8.349162    10.786103     4.413142    11.850420     3.042660     7.479054     4.070779  0.339527      23.890509          2.414346   29.285110
Round 96      5.250717     5.214656     6.878500     8.201803     7.899963     4.851958    11.602959     2.872905     6.913552     3.666035  0.364766      23.762091          2.391974   29.038889
Round 97      4.838943     4.193143     6.820945     8.116041    10.891594     4.391787    12.150870     2.817964     7.695810     3.469805  0.335813      24.168725          2.364111   29.427531
Round 98      5.123328     4.240634     7.599028     8.992266    10.597073     3.770437    12.170988     3.110424     7.421380     3.743052  0.335258      23.914611          2.450416   29.522985
Round 99      5.365856     5.067893     7.457363     8.584797    10.935106     4.922499    10.812256     2.787492     7.240211     3.730177  0.340129      23.831679          2.372316   29.226587
Round 100     5.359651     4.078604     7.873587     7.810504     8.420274     4.504434    11.896941     2.570606     7.373912     3.783187  0.378677      23.896297          2.382689   29.291238

총 시뮬레이션 시간: 4071.57초

================================================================================
 시뮬레이션 파라미터
================================================================================
NUM_CLIENTS: 10
NUM_ROUNDS: 100
LOCAL_EPOCHS: 2
DIRICHLET_ALPHA: 0.5
MIN_SAMPLES_PER_CLASS: 50
RANDOM_SEED: 42
NUM_COMMITTEE_MEMBERS: 3
EWMA_BETA: 0.9
CONTRIBUTION_SCALING_FACTOR: 1.2
NUM_NOISE_ATTACKERS: 0
NUM_DATAF_ATTACKERS: 3
DATAF_POISON_LEVEL: 3
COMMITTEE_EVAL_SKIPPED: False
