================================================================================
 데이터 분할 현황
================================================================================
   Client  Num Samples  Class 0  Class 1  Class 2  Class 3  Class 4  Class 5  Class 6  Class 7  Class 8  Class 9
0       0         3702       58      935      667      157      347      361      274      419       62      422
1       1         3398      448       50      234      881      317      490       55      511      353       59
2       2         5798     1210       52      482      541      642      212       75      202     2246      136
3       3         6461      180     1750       51       76      494     1025      617     1516      107      645
4       4         8058      744      382      762      208     2092      869     2355      286      284       76
5       5         3282      124      248      877      200       61      334      347      384      362      345
6       6         9048      101      236     1210     1697       63      201      966     1367     1102     2105
7       7         2138       50      269      259      153       91      513       50      180      339      234
8       8         5453     1898      868      402      522      146      800      143       50       86      538
9       9         2662      187      210       56      565      747      195      118       85       59      440

================================================================================
 라운드별 글로벌 모델 정확도
================================================================================
       Overall_Accuracy  Poisoned_Acc([1,5,8])
Round                                         
1                0.1268                 0.0010
2                0.3622                 0.2707
3                0.6001                 0.4863
4                0.6775                 0.6267
5                0.7066                 0.6277
6                0.7220                 0.6493
7                0.7356                 0.6677
8                0.7447                 0.6883
9                0.7481                 0.6887
10               0.7546                 0.6947
11               0.7575                 0.7070
12               0.7629                 0.7150
13               0.7647                 0.7287
14               0.7582                 0.7017
15               0.7647                 0.7353
16               0.7595                 0.7077
17               0.7601                 0.7120
18               0.7645                 0.7257
19               0.7656                 0.7233
20               0.7630                 0.7150
21               0.7592                 0.7093
22               0.7584                 0.7023
23               0.7631                 0.7280
24               0.7589                 0.7060
25               0.7541                 0.6957
26               0.7479                 0.6790
27               0.7548                 0.6900
28               0.7562                 0.6993
29               0.7526                 0.7013
30               0.7622                 0.7413
31               0.7533                 0.6920
32               0.7637                 0.7283
33               0.7391                 0.6480
34               0.7531                 0.7060
35               0.7485                 0.6883
36               0.7529                 0.7120
37               0.7404                 0.6577
38               0.7611                 0.7357
39               0.7463                 0.6770
40               0.7508                 0.7000
41               0.7512                 0.6937
42               0.7458                 0.6903
43               0.7458                 0.6940
44               0.7455                 0.6947
45               0.7430                 0.6780
46               0.7565                 0.7130
47               0.7533                 0.6910
48               0.7462                 0.6713
49               0.7492                 0.6913
50               0.7512                 0.7000
51               0.7487                 0.6897
52               0.7477                 0.6850
53               0.7492                 0.6790
54               0.7491                 0.6820
55               0.7507                 0.7007
56               0.7509                 0.6973
57               0.7464                 0.6720
58               0.7455                 0.6780
59               0.7621                 0.7247
60               0.7470                 0.6690
61               0.7606                 0.7163
62               0.7423                 0.6560
63               0.7488                 0.6900
64               0.7454                 0.6740
65               0.7394                 0.6477
66               0.7581                 0.7197
67               0.7309                 0.6203
68               0.7481                 0.6870
69               0.7485                 0.6917
70               0.7363                 0.6450
71               0.7445                 0.6773
72               0.7397                 0.6670
73               0.7458                 0.6857
74               0.7398                 0.6547
75               0.7413                 0.6607
76               0.7459                 0.6793
77               0.7434                 0.6657
78               0.7451                 0.6743
79               0.7473                 0.6850
80               0.7359                 0.6480
81               0.7485                 0.6950
82               0.7476                 0.6950
83               0.7403                 0.6693
84               0.7291                 0.6290
85               0.7511                 0.6900
86               0.7334                 0.6393
87               0.7531                 0.7037
88               0.7450                 0.6590
89               0.7496                 0.6887
90               0.7535                 0.7043
91               0.7424                 0.6590
92               0.7422                 0.6653
93               0.7537                 0.7010
94               0.7477                 0.6757
95               0.7456                 0.6637
96               0.7448                 0.6727
97               0.7532                 0.7033
98               0.7448                 0.6743
99               0.7471                 0.6770
100              0.7418                 0.6627

================================================================================
 라운드별 모델 합성 가중치
================================================================================
           client_0_weight  client_1_weight  client_2_weight  client_3_weight  client_4_weight  client_5_weight  client_6_weight  client_7_weight  client_8_weight  client_9_weight
Round 1           0.116484         0.072906         0.105994         0.136130         0.153263         0.112196         0.164127         0.033448         0.049852         0.055601
Round 2           0.129093         0.091861         0.114759         0.143027         0.133170         0.110154         0.133431         0.034601         0.062628         0.047276
Round 3           0.129453         0.100292         0.118265         0.126121         0.120378         0.120736         0.119651         0.045400         0.051161         0.068543
Round 4           0.125775         0.112605         0.111925         0.124634         0.120360         0.122008         0.108883         0.049067         0.058889         0.065854
Round 5           0.122800         0.119281         0.107727         0.118160         0.114424         0.125313         0.112676         0.051911         0.058760         0.068947
Round 6           0.125714         0.120637         0.105456         0.119528         0.118284         0.123304         0.106021         0.055716         0.054295         0.071045
Round 7           0.120727         0.116947         0.112311         0.119950         0.118732         0.115563         0.107198         0.057554         0.062860         0.068160
Round 8           0.119809         0.115900         0.115892         0.116419         0.119521         0.117765         0.106377         0.058876         0.062942         0.066499
Round 9           0.121071         0.114331         0.115514         0.116037         0.115092         0.118018         0.111372         0.058414         0.064185         0.065966
Round 10          0.122514         0.113151         0.114904         0.118714         0.116548         0.116149         0.108176         0.056607         0.063481         0.069756
Round 11          0.124182         0.119371         0.111182         0.116858         0.114647         0.121343         0.106619         0.054853         0.063254         0.067691
Round 12          0.124734         0.117822         0.110664         0.112883         0.118158         0.125893         0.105226         0.053514         0.065692         0.065413
Round 13          0.127201         0.113922         0.112046         0.116590         0.113071         0.124451         0.109209         0.052576         0.064504         0.066429
Round 14          0.125602         0.121045         0.112517         0.120185         0.110539         0.124892         0.101029         0.059396         0.061873         0.062923
Round 15          0.126371         0.108569         0.116827         0.118018         0.123489         0.127280         0.102681         0.054804         0.063051         0.058909
Round 16          0.128245         0.097847         0.118309         0.122348         0.108597         0.131111         0.105600         0.060412         0.062202         0.065328
Round 17          0.126243         0.102070         0.107645         0.118307         0.118186         0.128566         0.114698         0.055361         0.060548         0.068376
Round 18          0.125362         0.118763         0.106601         0.115617         0.120773         0.124171         0.113082         0.052967         0.059380         0.063284
Round 19          0.123058         0.124949         0.107962         0.115787         0.119625         0.124255         0.111786         0.051727         0.057992         0.062859
Round 20          0.121647         0.124645         0.113005         0.115384         0.115824         0.123231         0.110769         0.052028         0.059733         0.063734
Round 21          0.123140         0.100175         0.117709         0.117157         0.122692         0.124573         0.111521         0.051828         0.058929         0.072276
Round 22          0.123803         0.105224         0.117397         0.115963         0.105254         0.125992         0.114982         0.059282         0.059163         0.072939
Round 23          0.123281         0.117724         0.118016         0.113949         0.116677         0.120452         0.112264         0.047496         0.057487         0.072655
Round 24          0.123199         0.124791         0.115807         0.113540         0.120083         0.123208         0.108271         0.054901         0.052890         0.063310
Round 25          0.125074         0.123812         0.101125         0.115647         0.115522         0.123051         0.110893         0.059591         0.053227         0.072058
Round 26          0.121209         0.116169         0.115297         0.115222         0.117164         0.121979         0.109370         0.055159         0.062154         0.066276
Round 27          0.121617         0.119792         0.105996         0.116467         0.114913         0.125153         0.112529         0.051968         0.062509         0.069057
Round 28          0.122809         0.124870         0.114962         0.108895         0.117496         0.124066         0.112489         0.055818         0.055528         0.063067
Round 29          0.120836         0.122823         0.112040         0.113551         0.117416         0.120488         0.110239         0.057264         0.060689         0.064654
Round 30          0.126815         0.110935         0.117687         0.120483         0.122288         0.127465         0.115255         0.054527         0.046546         0.057999
Round 31          0.123924         0.117360         0.112871         0.114519         0.117096         0.124402         0.111347         0.055999         0.049707         0.072774
Round 32          0.125052         0.111455         0.104854         0.122776         0.123520         0.128478         0.114796         0.061394         0.058724         0.048951
Round 33          0.118347         0.119643         0.114917         0.112981         0.115900         0.121475         0.108261         0.056045         0.061564         0.070868
Round 34          0.117689         0.120011         0.114297         0.111471         0.116592         0.118832         0.105043         0.056575         0.062478         0.077011
Round 35          0.117290         0.119508         0.113284         0.113748         0.113982         0.119610         0.106411         0.053673         0.061762         0.080731
Round 36          0.120592         0.116387         0.117361         0.111411         0.116951         0.119878         0.108776         0.056406         0.063883         0.068356
Round 37          0.118496         0.119793         0.113213         0.111256         0.115459         0.119203         0.108812         0.056278         0.063887         0.073603
Round 38          0.119031         0.116580         0.116516         0.098996         0.115150         0.120789         0.111278         0.057234         0.064611         0.079816
Round 39          0.125317         0.127670         0.095002         0.118303         0.121064         0.125668         0.115327         0.047797         0.055818         0.068036
Round 40          0.118226         0.121388         0.110396         0.113478         0.115974         0.119597         0.108948         0.054950         0.058636         0.078407
Round 41          0.120159         0.106544         0.115351         0.114471         0.116848         0.120095         0.111057         0.055158         0.062042         0.078275
Round 42          0.120100         0.112901         0.114801         0.113802         0.114733         0.120376         0.111838         0.055937         0.055146         0.080366
Round 43          0.119341         0.119797         0.113823         0.114019         0.116302         0.118970         0.108817         0.056700         0.064489         0.067742
Round 44          0.118306         0.120376         0.111823         0.112037         0.110568         0.118229         0.108858         0.055257         0.066198         0.078348
Round 45          0.118526         0.118156         0.103261         0.114851         0.117228         0.119889         0.108484         0.055390         0.061730         0.082484
Round 46          0.117659         0.118881         0.111329         0.115039         0.102922         0.118897         0.111022         0.057195         0.065438         0.081618
Round 47          0.120344         0.118932         0.101507         0.114805         0.116383         0.119851         0.110932         0.054825         0.064298         0.078123
Round 48          0.118942         0.117378         0.113283         0.114902         0.116101         0.118339         0.110481         0.057863         0.061818         0.070893
Round 49          0.118852         0.110649         0.118081         0.114087         0.118525         0.121569         0.112424         0.055398         0.062344         0.068070
Round 50          0.116614         0.117228         0.110227         0.113162         0.113539         0.119236         0.110292         0.056401         0.064076         0.079226
Round 51          0.116740         0.118232         0.112772         0.113958         0.114502         0.118550         0.110231         0.053093         0.062045         0.079876
Round 52          0.117236         0.105844         0.114882         0.111043         0.116697         0.119225         0.110922         0.054447         0.066482         0.083222
Round 53          0.121291         0.092073         0.116489         0.117914         0.119080         0.123014         0.111401         0.057749         0.070112         0.070876
Round 54          0.114614         0.112126         0.113702         0.114131         0.117133         0.119342         0.106533         0.055901         0.065580         0.080940
Round 55          0.117593         0.118920         0.114371         0.114494         0.117530         0.118703         0.108166         0.052899         0.062723         0.074601
Round 56          0.118862         0.121088         0.115231         0.115755         0.117742         0.119271         0.111017         0.056484         0.048134         0.076416
Round 57          0.119614         0.119795         0.100352         0.115291         0.117045         0.120550         0.113072         0.057521         0.064236         0.072525
Round 58          0.116911         0.118626         0.111695         0.114386         0.115043         0.118663         0.110028         0.053951         0.065891         0.074806
Round 59          0.119402         0.104689         0.098548         0.116531         0.115749         0.119263         0.112905         0.057732         0.068174         0.087006
Round 60          0.116913         0.113686         0.111735         0.111165         0.116029         0.118556         0.109721         0.053333         0.066873         0.081990
Round 61          0.117499         0.118450         0.115679         0.110391         0.115565         0.118965         0.101148         0.053219         0.064579         0.084504
Round 62          0.118528         0.118465         0.115898         0.116226         0.115242         0.118930         0.111070         0.055708         0.062761         0.067173
Round 63          0.117709         0.117486         0.101492         0.112853         0.115605         0.118845         0.111819         0.056669         0.064872         0.082650
Round 64          0.116068         0.115758         0.111476         0.112270         0.114514         0.117569         0.109923         0.055039         0.064696         0.082687
Round 65          0.119775         0.112780         0.118402         0.117947         0.118240         0.121189         0.114224         0.057807         0.065857         0.053781
Round 66          0.119856         0.115379         0.116180         0.117502         0.117690         0.121697         0.114816         0.058806         0.063812         0.054262
Round 67          0.116839         0.117954         0.114162         0.114984         0.114501         0.117696         0.110999         0.051532         0.062364         0.078967
Round 68          0.116159         0.115846         0.113628         0.113250         0.114466         0.116456         0.110760         0.057131         0.065840         0.076463
Round 69          0.115441         0.113644         0.111516         0.113117         0.111923         0.117087         0.109181         0.056902         0.067532         0.083656
Round 70          0.116021         0.113928         0.113335         0.112752         0.113451         0.116242         0.110633         0.054633         0.063518         0.085488
Round 71          0.114448         0.113237         0.111460         0.111346         0.114041         0.114944         0.109653         0.058844         0.064861         0.087165
Round 72          0.114742         0.114409         0.110912         0.113059         0.114624         0.115593         0.110636         0.055925         0.064210         0.085891
Round 73          0.115238         0.115664         0.108022         0.113821         0.115609         0.116862         0.111574         0.058493         0.063720         0.080998
Round 74          0.116116         0.116467         0.114192         0.113876         0.115747         0.115314         0.110176         0.061283         0.064270         0.072559
Round 75          0.118283         0.118692         0.097659         0.117502         0.118068         0.119562         0.114068         0.061501         0.068532         0.066132
Round 76          0.114027         0.114484         0.109309         0.112263         0.113207         0.116133         0.110628         0.055566         0.066904         0.087480
Round 77          0.115251         0.110298         0.112269         0.113273         0.115168         0.117003         0.111337         0.058432         0.067182         0.079787
Round 78          0.116762         0.116162         0.105722         0.115787         0.115939         0.118317         0.111496         0.056988         0.067315         0.075511
Round 79          0.114555         0.114533         0.110530         0.113319         0.113373         0.115469         0.110896         0.057035         0.065944         0.084345
Round 80          0.116213         0.116152         0.112890         0.113592         0.115381         0.116228         0.110853         0.056130         0.070274         0.072287
Round 81          0.113816         0.113206         0.111740         0.112091         0.112566         0.114308         0.109184         0.060829         0.066202         0.086058
Round 82          0.113980         0.113729         0.112240         0.113276         0.113022         0.115185         0.109841         0.054732         0.065171         0.088824
Round 83          0.113333         0.113288         0.111074         0.110278         0.113388         0.114301         0.109452         0.057145         0.068444         0.089297
Round 84          0.115548         0.113281         0.112865         0.113567         0.115919         0.116572         0.110623         0.056999         0.064162         0.080465
Round 85          0.115959         0.115303         0.102940         0.115043         0.116887         0.116954         0.111709         0.057443         0.066398         0.081364
Round 86          0.114594         0.114567         0.111729         0.113802         0.114913         0.114350         0.110795         0.055156         0.065061         0.085033
Round 87          0.114807         0.096753         0.112841         0.114555         0.113352         0.115470         0.111099         0.060269         0.069297         0.091556
Round 88          0.120692         0.117250         0.096566         0.119029         0.115967         0.121182         0.117079         0.062656         0.072699         0.056880
Round 89          0.114661         0.114884         0.104004         0.113930         0.114856         0.116409         0.111032         0.056712         0.068076         0.085434
Round 90          0.113801         0.101234         0.112104         0.112951         0.115377         0.115170         0.111247         0.057507         0.069076         0.091532
Round 91          0.114028         0.112386         0.113952         0.114076         0.115560         0.115788         0.111834         0.060528         0.052568         0.089280
Round 92          0.112447         0.113091         0.110513         0.112920         0.113085         0.114255         0.110249         0.058737         0.068172         0.086530
Round 93          0.116292         0.096441         0.109668         0.115031         0.116164         0.116246         0.112344         0.059959         0.066756         0.091097
Round 94          0.116563         0.114398         0.090108         0.114745         0.114763         0.117137         0.112927         0.062437         0.069425         0.087498
Round 95          0.114433         0.114162         0.108967         0.113496         0.113876         0.115419         0.111411         0.060629         0.069497         0.078111
Round 96          0.112408         0.112156         0.110579         0.111363         0.112408         0.113703         0.109114         0.057736         0.069252         0.091282
Round 97          0.114018         0.100102         0.110670         0.113760         0.114339         0.114679         0.110297         0.062167         0.070023         0.089946
Round 98          0.114877         0.113830         0.097728         0.114317         0.115385         0.116049         0.111222         0.055049         0.069239         0.092302
Round 99          0.114612         0.114640         0.112197         0.113985         0.115502         0.116544         0.111002         0.060301         0.067902         0.073315
Round 100         0.112750         0.110248         0.112604         0.111763         0.115170         0.114761         0.111391         0.059783         0.067095         0.084434

================================================================================
 라운드별 시간 측정 결과 (초)
================================================================================
           cli 0 train  cli 1 train  cli 2 train  cli 3 train  cli 4 train  cli 5 train  cli 6 train  cli 7 train  cli 8 train  cli 9 train  agg time  cli eval time  global eval time  total time
Round 1      23.698540    13.552504    32.254511    41.235757    50.588323    21.717822    55.244060    14.269193    31.923517    17.124920  0.412538      39.551563          4.708114   47.514133
Round 2      25.385715    22.907942    38.954778    39.525779    50.141186    22.419425    51.760361    14.596200    35.498929    18.480839  0.354049      47.398737          4.704993   55.203820
Round 3      25.561951    23.751768    40.362867    44.882816    49.553134    15.436105    52.112743    11.647433    38.677171    18.759444  0.356417      39.366341          4.784375   47.365399
Round 4      17.813437    24.158692    28.464586    38.778275    53.156339    23.510213    63.246386    11.536463    37.980654    14.399733  0.354711      48.490727          4.579268   56.234776
Round 5      26.587729    20.668766    41.308333    43.186413    48.094306    23.446743    53.609003    15.568374    33.398649    19.572766  0.354307      48.068927          4.706680   55.865208
Round 6      18.563331    24.230074    39.673442    34.163050    57.608394    17.345830    64.862943    11.579979    39.560795    19.725475  0.389821      40.291970          4.902450   48.542643
Round 7      26.662773    24.988788    29.431875    32.335266    50.393454    18.340663    64.351433    16.064855    28.325787    19.678716  0.345876      47.680658          5.075685   55.820715
Round 8      25.475641    16.688382    41.588404    34.549006    45.226366    24.507125    64.989599    11.581046    38.882977    19.081196  0.382527      40.061919          3.031548   46.343624
Round 9      25.443888    24.881263    41.404317    46.103112    41.707160    24.050932    64.762965    15.577384    39.686562    19.683672  0.351154      46.802179          4.844366   54.757777
Round 10     26.951830    24.735762    39.463353    46.290815    52.502314    23.621508    54.943609    16.186145    34.762863    19.738630  0.370142      48.237803          4.912470   56.249351
Round 11     27.210698    24.524826    31.510134    38.837338    47.409379    24.041856    63.964931    15.775509    39.625689    19.719039  0.353186      35.573352          4.851672   43.510751
Round 12     26.398874    25.333013    41.723648    46.113406    48.537799    23.491284    54.156997    10.021169    39.312052    19.700547  0.389460      48.354640          4.981218   56.437298
Round 13     26.448723    20.695439    32.707300    46.855212    57.498102    19.946092    65.071703    15.596882    39.429191    15.763893  0.349990      47.053051          3.606624   53.317130
Round 14     20.158538    17.848991    41.447746    46.418494    53.060485    23.399502    65.120425    15.571146    39.808951    19.346136  0.354728      37.647938          4.706836   45.446395
Round 15     27.052227    24.437844    39.589412    46.571102    58.293237    21.422054    46.445508    10.163665    38.982499    19.185577  0.355026      48.339165          4.466216   56.041494
Round 16     27.508796    25.121566    41.898571    43.251528    57.994179    15.841475    55.058008    13.508494    39.673357    17.625850  0.353739      44.861969          2.659156   50.823338
Round 17     27.058565    24.614516    41.709697    46.610613    57.338517    24.034017    61.125998    11.727983    21.570214    19.753777  0.351336      45.458900          5.006465   53.640514
Round 18     22.043848    24.740276    33.058474    46.238445    57.381867    24.004371    50.043553    15.167369    26.963492    19.548522  0.355205      48.318082          4.706775   56.008791
Round 19     25.998825    25.032889    42.036409    46.536931    48.395540    23.639728    54.938950    15.341956    39.776063    19.161895  0.388773      38.230901          5.000665   46.542760
Round 20     22.495972    24.797420    42.313161    46.089746    58.149679    23.854105    45.251019    15.469003    38.718876    19.447256  0.366073      48.226899          4.772921   56.120471
Round 21     23.607926    24.836817    34.959729    45.499071    43.770739    23.808336    53.237067    15.750208    27.547788    14.725327  0.350121      40.794322          2.668972   46.380261
Round 22     26.946641    24.956302    42.334413    30.764475    57.756909    23.503036    64.700801    15.541497    38.560459    19.446103  0.356919      48.777518          4.818773   56.702582
Round 23     26.493934    23.561405    38.947470    36.899352    57.482354    24.066874    63.711460    15.558465    28.833247    19.721226  0.354813      49.228952          4.965856   57.397511
Round 24     19.725798    24.579634    41.944042    47.088997    58.648820    18.629210    65.106589    11.791480    28.207667    19.221325  0.384312      42.665364          4.825742   50.819796
Round 25     25.588183    25.220560    42.242061    38.986773    57.506909    18.518633    65.087321    15.509117    39.437761    13.583569  0.366314      48.810800          4.678349   56.596049
Round 26     27.398853    24.757493    33.801852    46.959873    46.443486    18.803783    52.375638    15.925873    34.349750    19.091715  0.374699      41.601331          2.528889   46.716020
Round 27     26.940995    24.412561    40.917582    46.353742    57.358501    23.957378    63.663661    13.758759    39.411459    16.819068  0.352250      42.209050          4.836248   50.259812
Round 28     26.862135    25.095547    38.934844    47.532107    57.989054    15.752200    59.044054    15.526636    39.693069    19.407049  0.358966      48.694976          4.829587   56.689379
Round 29     21.434753    25.135167    32.171354    46.271794    58.354701    23.783224    55.932455    15.583681    35.345926    18.955478  0.399178      42.606495          4.854554   50.658071
Round 30     27.109044    25.012994    41.764321    46.782511    39.812059    23.855640    61.376584    16.212958    39.165416    14.623623  0.366067      48.788792          4.807201   56.849677
Round 31     27.206208    24.815889    34.351027    46.083831    50.770961    23.632479    56.580200    16.266665    40.088269    19.609023  0.373143      40.260601          4.934594   48.473700
Round 32     12.517404    24.457119    42.027118    46.428416    58.137268    18.240595    56.706262    15.194251    39.432929    18.489984  0.356584      46.218452          4.757917   54.166984
Round 33     26.439847    24.784991    40.728275    35.186799    58.027803    23.897897    54.451449    15.668039    29.317064    17.670408  0.368150      48.940799          3.951212   55.692563
Round 34     27.368419    17.807139    30.305032    46.181291    58.056443    24.105649    61.375762    15.138189    39.413697    14.378347  0.352246      35.781908          5.021923   44.084358
Round 35     27.078693    21.359699    42.042658    35.068177    38.043707    24.042505    65.055503    14.870263    39.261137    19.306034  0.351790      46.515440          4.618425   54.245106
Round 36     26.702899    24.877137    33.935300    46.772701    57.754439    22.021337    56.256040    15.673406    39.824950    20.197020  0.346950      47.800747          4.945343   56.064013
Round 37     22.406898    21.058295    42.362064    47.003149    51.736162    24.401916    62.049278    11.900030    39.369920    19.664902  0.367180      36.761070          4.901623   44.957507
Round 38     26.198448    24.688308    28.815633    46.553434    56.361105    24.285219    65.051706    15.411767    31.927185    19.374840  0.372136      48.648917          4.669605   56.608474
Round 39     20.850710    24.935752    34.308064    44.798625    50.892601    23.476721    64.613120    15.305646    37.257988    19.697050  0.386551      45.229913          2.773190   50.674231
Round 40     25.886601    24.734636    42.218367    46.308831    45.966793    23.471235    63.728476    15.820878    39.126279    19.455726  0.408921      47.611931          4.626367   55.597753
Round 41     26.332302    24.946760    41.891594    35.610111    58.338399    18.316052    48.503355    15.888009    35.495368    19.683442  0.366279      48.680422          4.981857   56.833435
Round 42     26.955647    24.739492    33.775383    38.275914    45.016513    23.647842    64.801614    15.214468    39.520870    19.721054  0.353566      41.357004          4.727785   49.331705
Round 43     27.434620    24.443856    39.212073    46.935118    52.410739    23.189829    48.484720    15.082804    29.244057    19.039604  0.356891      48.366798          5.053397   56.535336
Round 44     27.047211    25.062715    40.747431    33.708468    50.632795    24.440454    54.363056     9.122902    39.137451    19.488067  0.414977      41.011720          4.293073   48.706779
Round 45     26.158841    25.029966    41.845451    45.824877    56.749765    22.626770    44.780340    15.534111    39.348916    19.495110  0.367797      48.877332          4.947277   56.948254
Round 46     27.597256    18.479740    38.274134    45.959108    56.958194    23.966410    55.768902    15.595736    39.085818    19.432458  0.352038      49.135201          3.647323   55.563142
Round 47     20.596766    21.221945    42.045267    43.953392    57.452181    24.200078    57.299276    15.820757    28.057125    19.514911  0.359201      37.041175          5.042999   45.242831
Round 48     26.333802    24.820048    41.995484    46.140088    58.716190    17.340641    65.113913    16.278093    25.074213    19.333654  0.386194      49.043608          4.732022   56.881710
Round 49     26.391308    23.296308    42.044050    43.102634    44.514256    24.284584    54.454156    16.173052    31.161288    19.695940  0.356571      49.271487          4.211824   56.184477
Round 50     26.909766    24.825464    42.071841    46.584427    54.497156    21.091150    50.403809    15.722908    39.559645    19.371941  0.410360      44.180336          4.837735   52.375208
Round 51     26.997742    21.735791    42.649814    34.529329    57.615382    24.025205    56.638062    13.368893    39.592047    19.735411  0.383037      48.518363          4.735991   56.561646
Round 52     26.998763    24.890924    41.652359    35.781433    47.392270    21.300997    64.990120    16.023490    35.331945    18.229763  0.371101      43.088686          4.949944   51.351838
Round 53     27.234349    22.083525    26.889050    44.724530    57.846438    16.964225    65.199597    15.571943    39.647468    19.632625  0.343552      47.846518          4.870268   55.908641
Round 54     27.506374    22.594233    41.969468    46.469885    57.875444    17.953493    55.460936    15.917748    33.343693    19.570992  0.350299      48.248341          3.416020   54.397311
Round 55     26.951486    15.741625    41.812569    46.999835    57.990658    24.178352    57.350769    15.849416    39.277828    18.669086  0.354220      37.109239          4.821247   45.068960
Round 56     26.823720    20.050704    42.213813    46.681742    58.136256    19.978991    57.411011    15.901818    33.500804    19.428510  0.351531      48.643070          4.838098   56.583671
Round 57     26.563034    24.795754    42.244032    45.717465    50.114848    18.160226    58.345176    16.263149    36.553216    19.577059  0.375703      46.165489          3.318416   52.182386
Round 58     27.228985    24.402500    38.200286    46.505310    56.716031    20.341639    65.939838    16.164924    39.429446    19.259502  0.347853      40.994245          4.998012   49.161890
Round 59     25.897673    18.547440    36.093476    46.866772    47.026586    23.901330    51.988945    15.935303    37.287441    19.468863  0.365857      48.370956          4.950241   56.469098
Round 60     21.388551    24.153008    42.380901    41.008660    49.263248    24.275824    59.467588    15.707785    30.822809    18.926621  0.348380      43.872070          3.299314   49.943523
Round 61     27.465968    24.738700    30.794292    45.146035    58.406941    16.290403    65.672438    15.626879    28.608392    19.784585  0.352030      39.971790          4.834051   48.105186
Round 62     26.488664    25.440341    31.819708    31.256151    42.422849    23.655070    65.371852    12.576543    39.434713    15.823974  0.397278      48.759017          5.003012   57.008251
Round 63     26.943799    24.804003    33.326481    46.949268    57.653610    24.308252    65.559687    15.820975    31.443099    17.959306  0.427841      48.484550          2.914396   53.979151
Round 64     26.113267    24.848250    42.091242    44.397513    58.276916    20.366898    48.464709    15.885595    39.488740    19.384918  0.359713      40.429982          4.832681   48.508542
Round 65     27.518866    16.907254    38.937753    46.865949    57.826245    18.495804    50.510034    15.354894    39.245251    19.337530  0.370892      48.681942          4.722225   56.652809
Round 66     18.417180    25.261089    41.815209    35.542440    57.569377    23.844515    65.739708    15.918194    39.110206    17.033479  0.356532      41.438441          4.885386   49.489448
Round 67     27.062266    24.942761    37.856567    46.877382    57.873780    23.885496    42.435457    15.444932    37.788613    19.318415  0.363463      48.678336          4.905869   56.826535
Round 68     26.961002    24.452928    42.590825    39.281160    49.685266    17.328595    65.402168    14.215970    39.258256    19.794475  0.405725      43.484238          2.561924   49.194284
Round 69     26.942469    19.196190    41.538699    46.464582    58.436834    23.981913    62.933765    15.552675    39.289752    19.969632  0.351110      45.822630          4.796364   53.944948
Round 70     18.604330    24.113601    36.404395    47.011523    54.790428    24.164785    65.279173    15.479067    39.305647    20.015998  0.377307      49.403208          4.995350   57.716497
Round 71     24.052503    24.824628    42.097258    40.939325    57.707345    24.421814    55.889861    15.960486    40.014476    14.248724  0.382802      39.004833          4.907368   47.245754
Round 72     27.629782    18.127939    33.452970    46.534320    58.190714    19.519876    65.425685     9.305968    38.936439    19.889225  0.364511      48.674788          4.695880   56.509460
Round 73     25.211045    12.623035    42.422962    46.650110    27.324574    11.935046    33.750218     9.575935    31.304595    10.065021  0.336160      24.037855          2.380181   28.729452
Round 74     12.664109    11.370533    17.910383    23.148638    28.745473    11.289571    30.949099     7.356615    20.191434     9.619933  0.341286      24.123935          2.377892   28.864191
Round 75     12.593182    12.530102    20.990935    23.337729    27.796603    11.403066    23.330950     7.485668    19.496523     9.435306  0.362207      24.094352          2.425104   29.100870
Round 76     13.251755    12.215208    20.700709    17.992951    28.379665    11.905686    31.574386     7.330116    19.749486     9.456772  0.331098      24.031942          2.415059   28.761613
Round 77     13.242032    12.598099    19.746089    14.917926    28.320294    11.649025    31.455334     7.823554    19.175968     9.567740  0.338815      23.992344          2.381538   28.970659
Round 78     10.557692    11.886873    20.148416    23.566204    28.456274    11.266586    31.126950     8.019649    18.992300    10.053478  0.345782      23.970727          2.381988   28.938394
Round 79     12.874453    12.065323    20.828108    21.946931    29.683054    12.293388    30.416454     7.588228    17.107836     9.072676  0.339296      23.728032          2.342721   28.371248
Round 80     13.186536    12.169859    19.343537    22.073063    29.506562    11.215351    29.409960     7.725688    18.386067    10.213982  0.361528      23.912047          2.345117   28.757272
Round 81     12.750435    12.236925    20.658936    22.256787    21.050545    10.808886    32.676292     7.382058    19.436687     9.093279  0.341851      23.758969          2.400091   28.487283
Round 82     12.201827    12.231336    18.834471    23.638241    28.389700    11.944187    31.209847     7.160713    18.243409     9.349809  0.335412      23.771325          2.362449   28.591222
Round 83     13.363958    11.811358    20.568304    20.607315    28.690227    11.347838    31.677025     8.032454    19.875023     9.487155  0.343431      24.059826          2.482125   28.990068
Round 84     13.040580    11.214151    19.839246    23.485501    28.402394    11.544936    32.965870     7.558879    11.278229     9.525200  0.365443      23.858293          2.427749   28.628962
Round 85     13.671956    12.288072    19.777621    22.438702    28.129787    11.379237    32.114363     4.829781    19.373255    10.087451  0.335147      24.010921          2.430701   28.889166
Round 86     13.321632    11.968792    21.105129    22.425653    27.793788    11.419911    32.146088     7.203956    19.017926     9.842190  0.339325      23.923491          2.385053   28.728310
Round 87     12.826672    12.607584    20.012390    23.443524    26.787581    11.580088    31.204389     8.145689    19.665974     9.856691  0.338879      23.757789          2.380795   28.459563
Round 88     13.060086    11.900179    20.279840    24.195484    26.130125    12.225371    33.098968     5.952461    19.231886     8.845138  0.336526      23.979805          2.370746   28.655947
Round 89     13.002655    11.413503    20.449390    22.683889    28.426230    11.457586    28.727772     7.973740    18.977454     9.235740  0.336326      24.110999          2.339974   28.744417
Round 90     12.679052    11.335390    19.517792    22.755846    28.016876    12.361360    31.930935     7.022880    19.271576     9.556351  0.341701      23.981514          2.383939   28.795023
Round 91     13.226326    12.094568    20.079503    22.369545    28.271126    11.405776    29.348001     7.491256    18.629671     9.458920  0.341855      24.136669          2.550605   29.329700
Round 92     12.734609    11.759702    20.590996    23.302279    28.086533    11.667946    31.672881     8.008921    18.785822     9.937264  0.347384      23.769065          2.345556   28.567084
Round 93     11.429419    12.263535    20.186579    22.209496    27.051850    11.986705    32.711127     7.256039    20.082238     9.406584  0.336500      23.717570          2.336764   28.398076
Round 94     13.500129     9.629626    20.169078    22.909220    27.282312    11.562040    31.589857     7.627612    18.499054     9.248729  0.337409      23.767267          2.327728   28.431391
Round 95     13.542678    11.887404    21.205374    22.127814    27.285275    10.888932    31.075649     7.637433    20.582242     9.746457  0.343800      23.724472          2.456457   28.524177
Round 96     12.112141    12.044172    20.111903    22.307838    27.725164    11.827522    31.191167     7.707524    20.415453     9.625015  0.354745      23.859516          2.460025   28.746660
Round 97     12.388327    12.657900    16.517633    22.711479    28.122227    12.078272    32.296171     7.621740    18.294647    10.037449  0.339559      23.918795          2.347603   28.572228
Round 98     13.684787    12.157418    20.490203    22.262785    27.134720    12.008880    32.972301     6.712248    18.279521     9.509143  0.340039      23.812831          2.353589   28.562333
Round 99     13.418941    11.915486    21.279972    22.726181    28.270493    10.250559    31.209740     7.850861    20.215985    10.059561  0.332392      23.807431          2.377667   28.487070
Round 100    13.487099    12.993401    20.725251    21.499585    27.786802    11.463973    31.422452     8.048107    20.119614     9.785773  0.337754      23.935944          2.363597   28.715380

총 시뮬레이션 시간: 4592.63초

================================================================================
 시뮬레이션 파라미터
================================================================================
NUM_CLIENTS: 10
NUM_ROUNDS: 100
LOCAL_EPOCHS: 5
DIRICHLET_ALPHA: 0.5
MIN_SAMPLES_PER_CLASS: 50
RANDOM_SEED: 42
NUM_COMMITTEE_MEMBERS: 3
EWMA_BETA: 0.9
CONTRIBUTION_SCALING_FACTOR: 1.4
NUM_NOISE_ATTACKERS: 0
NUM_DATAF_ATTACKERS: 3
DATAF_POISON_LEVEL: 3
COMMITTEE_EVAL_SKIPPED: False
