================================================================================
 데이터 분할 현황
================================================================================
   Client  Num Samples  Class 0  Class 1  Class 2  Class 3  Class 4  Class 5  Class 6  Class 7  Class 8  Class 9
0       0         3702       58      935      667      157      347      361      274      419       62      422
1       1         3398      448       50      234      881      317      490       55      511      353       59
2       2         5798     1210       52      482      541      642      212       75      202     2246      136
3       3         6461      180     1750       51       76      494     1025      617     1516      107      645
4       4         8058      744      382      762      208     2092      869     2355      286      284       76
5       5         3282      124      248      877      200       61      334      347      384      362      345
6       6         9048      101      236     1210     1697       63      201      966     1367     1102     2105
7       7         2138       50      269      259      153       91      513       50      180      339      234
8       8         5453     1898      868      402      522      146      800      143       50       86      538
9       9         2662      187      210       56      565      747      195      118       85       59      440

================================================================================
 라운드별 글로벌 모델 정확도
================================================================================
       Overall_Accuracy  Poisoned_Acc([1,5,8])
Round                                         
1                0.1192                 0.0000
2                0.2769                 0.0357
3                0.5281                 0.3233
4                0.6217                 0.4600
5                0.6680                 0.5323
6                0.6883                 0.5587
7                0.7046                 0.5750
8                0.7170                 0.6090
9                0.7251                 0.6180
10               0.7331                 0.6357
11               0.7407                 0.6420
12               0.7382                 0.6343
13               0.7427                 0.6477
14               0.7295                 0.5897
15               0.7433                 0.6317
16               0.7327                 0.6027
17               0.7492                 0.6560
18               0.7217                 0.5733
19               0.7508                 0.6683
20               0.7196                 0.5673
21               0.7494                 0.6857
22               0.7221                 0.5853
23               0.7460                 0.6717
24               0.7285                 0.6007
25               0.7436                 0.6517
26               0.7358                 0.6140
27               0.7307                 0.6237
28               0.7434                 0.6557
29               0.7382                 0.6440
30               0.7226                 0.5970
31               0.7507                 0.6863
32               0.7046                 0.5320
33               0.7648                 0.7290
34               0.6935                 0.4883
35               0.7598                 0.7133
36               0.7073                 0.5413
37               0.7472                 0.6700
38               0.7126                 0.5537
39               0.7454                 0.6693
40               0.7203                 0.5940
41               0.7401                 0.6583
42               0.7315                 0.6327
43               0.7286                 0.6223
44               0.7382                 0.6487
45               0.7342                 0.6413
46               0.7540                 0.7023
47               0.7075                 0.5457
48               0.7534                 0.7130
49               0.7152                 0.5750
50               0.7465                 0.6823
51               0.7287                 0.6217
52               0.7482                 0.6920
53               0.7269                 0.6170
54               0.7538                 0.6983
55               0.7029                 0.5357
56               0.7519                 0.7030
57               0.7156                 0.5850
58               0.7418                 0.6780
59               0.7365                 0.6487
60               0.7431                 0.6780
61               0.7200                 0.6023
62               0.7450                 0.6830
63               0.7285                 0.6320
64               0.7427                 0.6793
65               0.7098                 0.5747
66               0.7494                 0.7023
67               0.7149                 0.5877
68               0.7416                 0.6703
69               0.7181                 0.5963
70               0.7524                 0.7033
71               0.7187                 0.6030
72               0.7473                 0.6960
73               0.7273                 0.6337
74               0.7260                 0.6330
75               0.7363                 0.6663
76               0.7415                 0.6773
77               0.7428                 0.6773
78               0.7368                 0.6600
79               0.7368                 0.6600
80               0.7367                 0.6667
81               0.7160                 0.5873
82               0.7495                 0.6947
83               0.7076                 0.5600
84               0.7512                 0.7113
85               0.7143                 0.5847
86               0.7449                 0.6900
87               0.7373                 0.6507
88               0.7347                 0.6500
89               0.7407                 0.6500
90               0.7270                 0.6187
91               0.7426                 0.6763
92               0.7295                 0.6307
93               0.7300                 0.6213
94               0.7385                 0.6677
95               0.7369                 0.6533
96               0.7400                 0.6750
97               0.7330                 0.6427
98               0.7327                 0.6577
99               0.7465                 0.6823
100              0.7304                 0.6307

================================================================================
 라운드별 모델 합성 가중치
================================================================================
           client_0_weight  client_1_weight  client_2_weight  client_3_weight  client_4_weight  client_5_weight  client_6_weight  client_7_weight  client_8_weight  client_9_weight
Round 1                0.1              0.1              0.1              0.1              0.1              0.1              0.1              0.1              0.1              0.1
Round 2                0.1              0.1              0.1              0.1              0.1              0.1              0.1              0.1              0.1              0.1
Round 3                0.1              0.1              0.1              0.1              0.1              0.1              0.1              0.1              0.1              0.1
Round 4                0.1              0.1              0.1              0.1              0.1              0.1              0.1              0.1              0.1              0.1
Round 5                0.1              0.1              0.1              0.1              0.1              0.1              0.1              0.1              0.1              0.1
Round 6                0.1              0.1              0.1              0.1              0.1              0.1              0.1              0.1              0.1              0.1
Round 7                0.1              0.1              0.1              0.1              0.1              0.1              0.1              0.1              0.1              0.1
Round 8                0.1              0.1              0.1              0.1              0.1              0.1              0.1              0.1              0.1              0.1
Round 9                0.1              0.1              0.1              0.1              0.1              0.1              0.1              0.1              0.1              0.1
Round 10               0.1              0.1              0.1              0.1              0.1              0.1              0.1              0.1              0.1              0.1
Round 11               0.1              0.1              0.1              0.1              0.1              0.1              0.1              0.1              0.1              0.1
Round 12               0.1              0.1              0.1              0.1              0.1              0.1              0.1              0.1              0.1              0.1
Round 13               0.1              0.1              0.1              0.1              0.1              0.1              0.1              0.1              0.1              0.1
Round 14               0.1              0.1              0.1              0.1              0.1              0.1              0.1              0.1              0.1              0.1
Round 15               0.1              0.1              0.1              0.1              0.1              0.1              0.1              0.1              0.1              0.1
Round 16               0.1              0.1              0.1              0.1              0.1              0.1              0.1              0.1              0.1              0.1
Round 17               0.1              0.1              0.1              0.1              0.1              0.1              0.1              0.1              0.1              0.1
Round 18               0.1              0.1              0.1              0.1              0.1              0.1              0.1              0.1              0.1              0.1
Round 19               0.1              0.1              0.1              0.1              0.1              0.1              0.1              0.1              0.1              0.1
Round 20               0.1              0.1              0.1              0.1              0.1              0.1              0.1              0.1              0.1              0.1
Round 21               0.1              0.1              0.1              0.1              0.1              0.1              0.1              0.1              0.1              0.1
Round 22               0.1              0.1              0.1              0.1              0.1              0.1              0.1              0.1              0.1              0.1
Round 23               0.1              0.1              0.1              0.1              0.1              0.1              0.1              0.1              0.1              0.1
Round 24               0.1              0.1              0.1              0.1              0.1              0.1              0.1              0.1              0.1              0.1
Round 25               0.1              0.1              0.1              0.1              0.1              0.1              0.1              0.1              0.1              0.1
Round 26               0.1              0.1              0.1              0.1              0.1              0.1              0.1              0.1              0.1              0.1
Round 27               0.1              0.1              0.1              0.1              0.1              0.1              0.1              0.1              0.1              0.1
Round 28               0.1              0.1              0.1              0.1              0.1              0.1              0.1              0.1              0.1              0.1
Round 29               0.1              0.1              0.1              0.1              0.1              0.1              0.1              0.1              0.1              0.1
Round 30               0.1              0.1              0.1              0.1              0.1              0.1              0.1              0.1              0.1              0.1
Round 31               0.1              0.1              0.1              0.1              0.1              0.1              0.1              0.1              0.1              0.1
Round 32               0.1              0.1              0.1              0.1              0.1              0.1              0.1              0.1              0.1              0.1
Round 33               0.1              0.1              0.1              0.1              0.1              0.1              0.1              0.1              0.1              0.1
Round 34               0.1              0.1              0.1              0.1              0.1              0.1              0.1              0.1              0.1              0.1
Round 35               0.1              0.1              0.1              0.1              0.1              0.1              0.1              0.1              0.1              0.1
Round 36               0.1              0.1              0.1              0.1              0.1              0.1              0.1              0.1              0.1              0.1
Round 37               0.1              0.1              0.1              0.1              0.1              0.1              0.1              0.1              0.1              0.1
Round 38               0.1              0.1              0.1              0.1              0.1              0.1              0.1              0.1              0.1              0.1
Round 39               0.1              0.1              0.1              0.1              0.1              0.1              0.1              0.1              0.1              0.1
Round 40               0.1              0.1              0.1              0.1              0.1              0.1              0.1              0.1              0.1              0.1
Round 41               0.1              0.1              0.1              0.1              0.1              0.1              0.1              0.1              0.1              0.1
Round 42               0.1              0.1              0.1              0.1              0.1              0.1              0.1              0.1              0.1              0.1
Round 43               0.1              0.1              0.1              0.1              0.1              0.1              0.1              0.1              0.1              0.1
Round 44               0.1              0.1              0.1              0.1              0.1              0.1              0.1              0.1              0.1              0.1
Round 45               0.1              0.1              0.1              0.1              0.1              0.1              0.1              0.1              0.1              0.1
Round 46               0.1              0.1              0.1              0.1              0.1              0.1              0.1              0.1              0.1              0.1
Round 47               0.1              0.1              0.1              0.1              0.1              0.1              0.1              0.1              0.1              0.1
Round 48               0.1              0.1              0.1              0.1              0.1              0.1              0.1              0.1              0.1              0.1
Round 49               0.1              0.1              0.1              0.1              0.1              0.1              0.1              0.1              0.1              0.1
Round 50               0.1              0.1              0.1              0.1              0.1              0.1              0.1              0.1              0.1              0.1
Round 51               0.1              0.1              0.1              0.1              0.1              0.1              0.1              0.1              0.1              0.1
Round 52               0.1              0.1              0.1              0.1              0.1              0.1              0.1              0.1              0.1              0.1
Round 53               0.1              0.1              0.1              0.1              0.1              0.1              0.1              0.1              0.1              0.1
Round 54               0.1              0.1              0.1              0.1              0.1              0.1              0.1              0.1              0.1              0.1
Round 55               0.1              0.1              0.1              0.1              0.1              0.1              0.1              0.1              0.1              0.1
Round 56               0.1              0.1              0.1              0.1              0.1              0.1              0.1              0.1              0.1              0.1
Round 57               0.1              0.1              0.1              0.1              0.1              0.1              0.1              0.1              0.1              0.1
Round 58               0.1              0.1              0.1              0.1              0.1              0.1              0.1              0.1              0.1              0.1
Round 59               0.1              0.1              0.1              0.1              0.1              0.1              0.1              0.1              0.1              0.1
Round 60               0.1              0.1              0.1              0.1              0.1              0.1              0.1              0.1              0.1              0.1
Round 61               0.1              0.1              0.1              0.1              0.1              0.1              0.1              0.1              0.1              0.1
Round 62               0.1              0.1              0.1              0.1              0.1              0.1              0.1              0.1              0.1              0.1
Round 63               0.1              0.1              0.1              0.1              0.1              0.1              0.1              0.1              0.1              0.1
Round 64               0.1              0.1              0.1              0.1              0.1              0.1              0.1              0.1              0.1              0.1
Round 65               0.1              0.1              0.1              0.1              0.1              0.1              0.1              0.1              0.1              0.1
Round 66               0.1              0.1              0.1              0.1              0.1              0.1              0.1              0.1              0.1              0.1
Round 67               0.1              0.1              0.1              0.1              0.1              0.1              0.1              0.1              0.1              0.1
Round 68               0.1              0.1              0.1              0.1              0.1              0.1              0.1              0.1              0.1              0.1
Round 69               0.1              0.1              0.1              0.1              0.1              0.1              0.1              0.1              0.1              0.1
Round 70               0.1              0.1              0.1              0.1              0.1              0.1              0.1              0.1              0.1              0.1
Round 71               0.1              0.1              0.1              0.1              0.1              0.1              0.1              0.1              0.1              0.1
Round 72               0.1              0.1              0.1              0.1              0.1              0.1              0.1              0.1              0.1              0.1
Round 73               0.1              0.1              0.1              0.1              0.1              0.1              0.1              0.1              0.1              0.1
Round 74               0.1              0.1              0.1              0.1              0.1              0.1              0.1              0.1              0.1              0.1
Round 75               0.1              0.1              0.1              0.1              0.1              0.1              0.1              0.1              0.1              0.1
Round 76               0.1              0.1              0.1              0.1              0.1              0.1              0.1              0.1              0.1              0.1
Round 77               0.1              0.1              0.1              0.1              0.1              0.1              0.1              0.1              0.1              0.1
Round 78               0.1              0.1              0.1              0.1              0.1              0.1              0.1              0.1              0.1              0.1
Round 79               0.1              0.1              0.1              0.1              0.1              0.1              0.1              0.1              0.1              0.1
Round 80               0.1              0.1              0.1              0.1              0.1              0.1              0.1              0.1              0.1              0.1
Round 81               0.1              0.1              0.1              0.1              0.1              0.1              0.1              0.1              0.1              0.1
Round 82               0.1              0.1              0.1              0.1              0.1              0.1              0.1              0.1              0.1              0.1
Round 83               0.1              0.1              0.1              0.1              0.1              0.1              0.1              0.1              0.1              0.1
Round 84               0.1              0.1              0.1              0.1              0.1              0.1              0.1              0.1              0.1              0.1
Round 85               0.1              0.1              0.1              0.1              0.1              0.1              0.1              0.1              0.1              0.1
Round 86               0.1              0.1              0.1              0.1              0.1              0.1              0.1              0.1              0.1              0.1
Round 87               0.1              0.1              0.1              0.1              0.1              0.1              0.1              0.1              0.1              0.1
Round 88               0.1              0.1              0.1              0.1              0.1              0.1              0.1              0.1              0.1              0.1
Round 89               0.1              0.1              0.1              0.1              0.1              0.1              0.1              0.1              0.1              0.1
Round 90               0.1              0.1              0.1              0.1              0.1              0.1              0.1              0.1              0.1              0.1
Round 91               0.1              0.1              0.1              0.1              0.1              0.1              0.1              0.1              0.1              0.1
Round 92               0.1              0.1              0.1              0.1              0.1              0.1              0.1              0.1              0.1              0.1
Round 93               0.1              0.1              0.1              0.1              0.1              0.1              0.1              0.1              0.1              0.1
Round 94               0.1              0.1              0.1              0.1              0.1              0.1              0.1              0.1              0.1              0.1
Round 95               0.1              0.1              0.1              0.1              0.1              0.1              0.1              0.1              0.1              0.1
Round 96               0.1              0.1              0.1              0.1              0.1              0.1              0.1              0.1              0.1              0.1
Round 97               0.1              0.1              0.1              0.1              0.1              0.1              0.1              0.1              0.1              0.1
Round 98               0.1              0.1              0.1              0.1              0.1              0.1              0.1              0.1              0.1              0.1
Round 99               0.1              0.1              0.1              0.1              0.1              0.1              0.1              0.1              0.1              0.1
Round 100              0.1              0.1              0.1              0.1              0.1              0.1              0.1              0.1              0.1              0.1

================================================================================
 라운드별 시간 측정 결과 (초)
================================================================================
           cli 0 train  cli 1 train  cli 2 train  cli 3 train  cli 4 train  cli 5 train  cli 6 train  cli 7 train  cli 8 train  cli 9 train  agg time  cli eval time  global eval time  total time
Round 1      24.312706    21.879144    37.020966    41.142859    48.342393    20.786758    55.769587    14.027801    30.494003    12.942493  0.366817              0          2.915097    5.594852
Round 2      14.502256    14.296348    38.464991    33.142047    49.747335    13.312309    57.866666     9.102111    37.323871    10.862800  0.261937              0          4.729359    7.744390
Round 3      15.931934    14.273249    33.337644    43.992177    42.968108    22.649431    46.602440    10.491648    22.555502    11.916139  0.276745              0          4.644392    7.649213
Round 4      25.973030    18.124061    40.046704    25.389680    54.541488    22.569769    58.282819    15.313936    26.786576    18.236926  0.256094              0          2.594492    4.916236
Round 5      16.035646    24.248354    40.944165    45.157001    48.745498    23.500034    49.350763    15.423143    23.532094    15.434371  0.257286              0          4.788081    7.808932
Round 6      16.918754    15.332160    29.496973    28.648625    35.301938    23.550950    58.305699    15.540619    31.750865    19.592523  0.257253              0          4.732860    7.644640
Round 7      16.962559    15.279977    28.216306    27.948404    57.039560    21.807520    42.413590     9.903573    39.158816    11.978601  0.259797              0          4.548690    7.581699
Round 8      26.759865     9.433818    35.384942    46.607168    57.722766    23.509126    64.685335    11.665776    29.547255    19.599051  0.251364              0          2.618606    5.065875
Round 9      26.527788    15.079823    25.553269    44.255744    43.756238    23.570206    50.094694     9.148552    39.143276    20.031166  0.238546              0          4.910940    8.009321
Round 10     19.103111    16.647351    25.781835    28.763296    51.817075    14.676159    54.222190    11.934568    28.755128    12.005474  0.240154              0          4.978640    8.061488
Round 11     24.954350    20.316200    41.629336    46.233608    24.471275    23.936729    44.579034    15.881809    29.797650    12.315826  0.259469              0          2.539457    4.892048
Round 12     27.145758    18.890327    36.330802    46.305640    52.589802    23.868418    64.243802    15.766191    39.316795    19.560494  0.280431              0          3.365615    6.027977
Round 13     26.443729    24.502873    26.180482    28.997867    53.866911    23.967448    45.907056    16.117713    30.425148    12.181270  0.285504              0          4.895342    7.920093
Round 14     17.520327    15.165863    41.571782    46.117649    35.673173    20.612309    49.131931     9.769499    27.552349    19.067118  0.276169              0          4.853845    8.052910
Round 15     20.411894    24.394494    20.770607    45.599895    57.073567    23.864802    64.944121    15.838003    28.547154    19.347629  0.303689              0          2.620260    5.026467
Round 16     26.827562    24.691835    41.846599    41.316350    58.024154    23.946946    50.944095    10.120565    39.680698    12.086806  0.239408              0          4.857042    7.998583
Round 17     23.486314    25.068263    27.354126    46.950496    56.514167    16.570714    39.552875     9.612418    24.441255    12.254168  0.274721              0          4.749314    7.782877
Round 18     26.620349    15.446181    16.960567    35.996284    35.797645    23.813400    64.716506    16.181230    30.890403    12.058685  0.283686              0          4.645619    7.756016
Round 19     26.745007    24.417405    42.627487    46.762162    32.352288    23.634128    65.165759    15.856535    39.461983    18.709591  0.256764              0          2.705287    5.088891
Round 20     26.503728    22.351280    41.438889    47.228043    40.776114    23.921389    60.985180    16.120099    24.295894    19.755968  0.251989              0          5.005486    7.720391
Round 21     16.454318    15.489618    28.656811    40.924094    41.981164    17.935931    54.356311     9.670302    24.451581    11.842104  0.273858              0          4.850008    7.918362
Round 22     26.696277    25.432956    25.192055    28.922176    58.260294    20.535726    56.657477    15.574993    39.221541    12.347875  0.268557              0          2.574207    5.057385
Round 23     26.425841    24.791956    41.897780    46.763780    53.257940    23.513335    43.206980    15.810237    34.356310    19.699227  0.236916              0          3.035085    5.528711
Round 24     26.869247    15.096474    34.800106    28.294411    57.245575    24.241014    49.770890    16.146765    24.558962    12.030230  0.246783              0          4.903341    7.921784
Round 25     15.619887    24.105474    26.617763    33.055084    35.651840    14.211108    48.321773    11.955491    35.764076    11.881975  0.250942              0          4.668502    7.743562
Round 26     27.026073    25.122155    41.674857    46.089701    58.169690    23.768198    40.381330    10.991884    39.182331    19.133363  0.276531              0          2.538322    4.977059
Round 27     26.922283    24.703028    41.641254    31.534537    43.083190    23.934750    65.068208    15.548859    37.844374    19.713290  0.239170              0          4.699717    7.650438
Round 28     16.677343    15.431778    30.178413    29.716998    36.361091    18.703044    51.441392    11.671465    29.579651    12.059201  0.294192              0          5.066233    8.133119
Round 29     27.251306    21.412888    28.194886    22.901796    47.885419    23.993066    46.197424     9.672241    39.017022    19.720760  0.290854              0          2.844229    5.380403
Round 30     26.974952    24.574442    41.478178    42.174651    57.414399    19.804607    64.707592     9.655824    39.735688    19.458335  0.234126              0          3.552447    6.129525
Round 31     27.112508    15.089760    26.875757    43.661038    36.155670    24.140080    40.119098    15.910496    34.071024    19.521384  0.275464              0          4.836242    7.996395
Round 32     16.937073    25.158827    25.813467    28.424372    46.167165    14.653441    64.403144    15.479058    26.464827    13.481128  0.265318              0          5.008205    7.991171
Round 33     27.052253    25.241893    28.514868    46.294044    57.950142    23.320086    51.728604    15.338177    39.021354    19.620197  0.284131              0          2.570729    5.133766
Round 34     26.611067    25.095127    41.985835    41.987701    47.502936    14.656356    65.072412    15.055525    24.029348    19.381935  0.266883              0          4.754280    7.842209
Round 35     23.486751    15.432013    31.459766    29.210159    46.959746    14.612555    44.106813    15.913968    24.532960    19.279231  0.251083              0          4.780694    7.777066
Round 36     26.342227    24.790048    30.170367    44.174461    24.736205    24.136345    63.985428     9.354954    27.269441    12.106743  0.307191              0          2.800981    5.380974
Round 37     26.407728    24.801231    41.288075    46.039616    56.852443    23.831618    63.411120    15.764003    38.721738    13.589525  0.234981              0          2.713020    5.269176
Round 38     17.282437    24.779049    42.661744    28.957705    57.272123    17.827845    65.081851     9.808216    24.409224    18.730963  0.274902              0          4.696299    7.854199
Round 39     17.081622    24.447730    42.699680    29.166418    39.235554    14.582286    59.569463    13.501959    24.856202    18.742810  0.253829              0          4.726163    7.734200
Round 40     25.578412    24.776300    42.189929    42.541432    39.242096    23.821815    44.722150    15.526596    39.311801    19.496693  0.234251              0          2.686398    5.242843
Round 41     27.125252    15.198374    26.507281    43.269865    52.289325    23.949001    65.233697    15.866216    39.156308    19.351152  0.235464              0          3.976267    6.588018
Round 42     20.272088    25.171157    42.142379    31.211974    35.951513    14.172871    46.010504    15.122192    24.728821    12.521588  0.306693              0          4.996837    8.332207
Round 43     16.705647    25.081341    41.672445    46.217991    57.834864    23.440339    50.988058     9.605921    28.472080     8.900344  0.305303              0          2.582701    5.115752
Round 44     27.221414    24.351148    32.529789    46.917809    43.593078    14.928360    64.340138    15.842741    39.700719    19.440935  0.252580              0          3.633289    6.318600
Round 45     17.594931    24.927688    41.515420    29.023655    41.038614    15.000050    60.059143     9.628973    39.751687    11.899107  0.289100              0          4.945179    8.132773
Round 46     22.816689    24.587991    24.653516    29.299539    36.213605    23.682039    46.179779    14.525092    28.781514    11.586475  0.278600              0          4.673081    7.868655
Round 47     27.310359    18.009619    41.794445    47.022171    57.553654    23.886705    36.011554    14.995441    39.884072    18.938741  0.272532              0          2.603751    5.069810
Round 48     26.358037    24.457686    36.687013    34.623787    57.572286    24.060361    48.223021    16.111722    39.448058    11.626663  0.270324              0          3.508910    5.958577
Round 49     16.962147    15.590425    41.908174    46.767043    35.506709    14.168797    62.072737     9.578382    37.690426    12.071097  0.273211              0          4.885004    7.993397
Round 50     16.789890    15.575706    29.954454    46.275357    55.432791    14.926619    48.230552    15.582015    29.384593    12.070172  0.286142              0          4.414752    7.481526
Round 51     23.687180    25.305593    41.900261    20.711466    50.476029    24.093784    65.651657    15.479903    38.846494    19.901283  0.244073              0          2.646295    5.089959
Round 52     27.001298    25.151253    28.133328    46.254105    57.885725    22.864598    65.152253    16.008409    26.385986    19.328249  0.286613              0          4.643383    7.879614
Round 53     19.805577    18.574509    42.235377    32.426409    35.406064    15.195148    61.246315     9.734507    24.698397    11.778306  0.247024              0          4.828009    7.910188
Round 54     26.822979    18.758025    41.959753    24.452746    58.021518    24.046880    45.192978     9.755225    24.627967    19.228946  0.265686              0          2.510255    5.040269
Round 55     27.378996    24.536568    41.701679    45.943574    57.760040    18.851808    64.516759    12.017567    38.360250    19.371316  0.309019              0          3.138799    5.845989
Round 56     16.671665    15.462699    41.931583    37.194319    47.065773    15.039720    58.791354     9.464251    24.201212    12.068850  0.248981              0          4.893422    7.856883
Round 57     16.391588    15.640166    26.602562    35.337385    42.153011    16.704222    61.420164    14.845466    39.143555    12.168201  0.282007              0          4.960538    8.204302
Round 58     24.732793    24.545232    30.889752    46.065154    57.447010    24.113609    42.303004    15.874227    39.129502    15.585630  0.247694              0          2.699358    5.188118
Round 59     16.707170    24.467632    25.738408    46.924314    57.926382    23.559488    58.514172     9.055702    26.691432    20.055743  0.273705              0          4.959161    8.133259
Round 60     22.665622    21.185544    25.928468    31.706877    45.680231    14.438310    54.028452     9.761769    27.469810    12.475951  0.240127              0          4.707875    7.871380
Round 61     20.079555    25.034768    38.463504    29.703718    57.378278    11.520575    44.690621    13.411047    38.871954    19.642735  0.234407              0          2.723283    5.201816
Round 62     19.378752    24.414070    35.271949    46.160509    57.934932    16.726801    64.751098    15.675538    39.240888    19.226577  0.244568              0          3.513098    6.124604
Round 63     16.260414    15.870564    26.643003    43.234589    35.510315    14.488337    65.229206    11.589956    30.931903    20.007336  0.300178              0          4.599860    7.743975
Round 64     16.613030    23.917040    26.258757    29.145287    36.044114    14.552718    64.259732    15.931520    39.642251    17.543653  0.267990              0          4.751319    7.926066
Round 65     26.884978    21.862533    19.176262    46.335935    46.440830    24.035946    65.064665    10.219464    39.417936    19.847270  0.286227              0          2.840038    5.274858
Round 66     26.977616    21.924839    32.503155    46.466275    53.307617    23.836452    65.418411     9.372240    39.639228    18.943866  0.238591              0          4.641800    7.264760
Round 67     26.624272    19.610190    26.574093    36.985489    36.256282    23.862046    59.118122     9.716327    24.422552    19.827182  0.293805              0          4.903773    8.049810
Round 68     17.768494    15.231074    41.190709    35.896381    36.013225    14.807092    54.952350    10.989661    24.592621    19.689515  0.269747              0          2.543219    5.400973
Round 69     26.821091    24.295813    42.191997    36.160738    57.714849    24.281294    60.842215    15.806012    39.305270    19.133568  0.264361              0          3.144719    5.679372
Round 70     16.607136    14.996710    42.298801    46.834752    52.231677    14.779119    60.999150     9.690036    24.961185    12.193777  0.272693              0          4.932776    7.972849
Round 71     20.838724    24.003174    26.091910    35.763729    37.598738    24.023272    59.482760     9.565502    24.127468    12.233673  0.267085              0          4.985863    8.079535
Round 72     27.240668    21.829405    41.507240    29.565676    37.174131    23.665858    64.448760    15.536792    39.342624    19.614072  0.290208              0          2.604464    5.084497
Round 73     16.516080    25.059337    39.859994    46.543657    45.393143    24.151587    64.800682    16.089625    32.615703    19.794283  0.250576              0          5.083026    7.671573
Round 74     16.387654    22.347598    41.756543    29.043521    37.977062    16.062479    51.551674    16.126948    39.791918    12.058597  0.297211              0          4.577998    7.680612
Round 75     26.623255    16.644323    26.874027    23.963349    36.616291    24.663933    61.994040     9.800074    34.682959    19.577232  0.278591              0          5.101660    8.235967
Round 76     26.845446    25.017714    42.064475    47.405944    58.023133    23.784897    39.483810    15.949525    39.132494    19.505355  0.385834              0          2.639659    5.165474
Round 77     26.937957    15.222231    41.242941    42.430537    57.723425    24.238695    58.670884    15.847934    23.652392    19.571117  0.235846              0          4.689891    7.810693
Round 78     16.709778    24.127479    32.105303    34.873721    36.274414    23.894595    63.312055    11.969292    24.216192    19.485459  0.309750              0          5.051462    8.190719
Round 79     16.879765    12.200272    28.871796    30.545218    53.077129    23.967422    63.441209    15.629622    24.717690    19.313162  0.295040              0          2.799773    5.776724
Round 80     26.666538    24.082854    42.177085    46.075544    57.820536    15.631392    65.035452    15.804280    40.403463    19.379421  0.280969              0          2.724694    5.390941
Round 81     26.897964    15.477127    31.975281    29.757149    45.461077    14.795600    65.011581     9.504092    39.119697    19.517642  0.245516              0          4.794627    7.982675
Round 82     16.236789    24.484345    25.196593    46.496324    38.063205    15.037824    57.253318    14.060578    24.969716    19.839284  0.251003              0          4.762885    7.846322
Round 83     26.878544    24.940060    26.263707    46.931694    27.495334    15.823499    61.375787     9.706555    29.220551    12.543547  0.276043              0          4.829669    8.004173
Round 84     11.503920    18.983108    33.658300    46.263145    58.437970    24.500498    62.876837    15.917510    39.402558    19.514290  0.277566              0          2.605679    5.048041
Round 85     26.529160    15.376123    25.977398    33.143520    57.938633    17.763357    50.068826    15.942104    38.993050    20.110631  0.310823              0          5.045896    8.099457
Round 86     25.111340    24.484428    38.302731    32.183272    49.930022    16.057948    40.639466    11.969435    24.726352    12.186120  0.241239              0          4.901812    7.918927
Round 87     26.933585    24.217623    26.171208    47.211301    57.545580    14.535335    56.204321     9.838700    25.098282    11.853227  0.253453              0          2.546137    5.087769
Round 88     27.031024    24.062007    41.342365    46.550309    57.514455    23.892631    41.300117    15.067369    39.474316    18.849012  0.332769              0          2.573054    5.087761
Round 89     16.634447    24.498043    27.188042    46.776972    50.410019    14.845091    65.254801     9.672004    37.625680    20.025233  0.262936              0          4.759581    8.008812
Round 90     20.368858    17.517871    31.443597    29.052798    39.919392    20.551088    45.316314    14.361071    24.577904    12.831743  0.262606              0          4.904099    7.984775
Round 91     16.877442    24.570470    38.390340    28.356704    58.473729    24.119402    64.877954    15.341351    38.780364    19.848280  0.254189              0          2.740036    5.308338
Round 92     16.470603    25.080030    42.536477    46.050873    58.531276    23.712877    51.729594    15.805006    30.107002    17.417737  0.311150              0          3.304056    5.943720
Round 93     16.589164    24.439949    27.990805    30.780230    48.919499    22.375078    51.098864    11.728562    24.996118    14.446331  0.245874              0          4.681059    7.766806
Round 94     26.866092    15.712734    42.614312    25.648719    40.071597    21.367709    65.042024    15.637684    27.523123    19.266217  0.272919              0          2.587047    5.344745
Round 95     27.063932    23.076582    41.915775    47.368855    57.700539    23.518661    59.682046    16.182069    39.838529    15.350839  0.311608              0          3.824670    6.632191
Round 96     25.279321    15.481349    42.083459    29.334989    55.767025    24.376096    40.086024     9.731113    33.803441    20.049336  0.328975              0          4.652234    7.989779
Round 97     27.127090    15.900317    41.615675    34.340405    45.082849    14.551687    54.821773     9.555977    25.292590    18.242887  0.304326              0          4.481609    7.625059
Round 98     26.852893    24.869702    41.704671    22.965091    57.672000    24.383212    60.990777    15.674410    28.995525    20.162263  0.256384              0          2.671960    5.049547
Round 99     27.338452    24.947296    27.632877    46.664295    58.528651    24.423537    50.527630    15.811332    39.196203    16.531528  0.285007              0          4.814526    7.783754
Round 100    16.536689    24.839349    34.921257    43.956914    36.345912    17.988907    40.795144     9.881472    38.179461    15.433608  0.271603              0          5.005142    8.201588

총 시뮬레이션 시간: 685.32초

================================================================================
 시뮬레이션 파라미터
================================================================================
NUM_CLIENTS: 10
NUM_ROUNDS: 100
LOCAL_EPOCHS: 5
DIRICHLET_ALPHA: 0.5
MIN_SAMPLES_PER_CLASS: 50
RANDOM_SEED: 42
NUM_COMMITTEE_MEMBERS: 3
EWMA_BETA: 0.9
CONTRIBUTION_SCALING_FACTOR: 1.4
NUM_NOISE_ATTACKERS: 0
NUM_DATAF_ATTACKERS: 3
DATAF_POISON_LEVEL: 3
COMMITTEE_EVAL_SKIPPED: True
