================================================================================
 데이터 분할 현황
================================================================================
   Client  Num Samples  Class 0  Class 1  Class 2  Class 3  Class 4  Class 5  Class 6  Class 7  Class 8  Class 9
0       0         3847      107      886      649      195      364      377      299      428      111      431
1       1         3575      454      100      263      839      337      491      104      509      370      108
2       2         5709     1131      102      484      537      627      244      122      235     2051      176
3       3         6301      216     1611      101      123      495      967      604     1405      150      629
4       4         7718      717      395      732      240     1916      828     2149      310      308      123
5       5         3473      165      276      835      233      110      353      364      397      378      362
6       6         8597      145      265     1131     1565      111      234      914     1270     1035     1927
7       7         2454      100      295      286      191      136      511      100      215      357      263
8       8         5403     1743      827      413      519      185      767      183      100      132      534
9       9         2923      222      243      106      558      719      228      161      131      108      447

================================================================================
 라운드별 글로벌 모델 정확도
================================================================================
       Overall_Accuracy
Round                  
1                0.1018
2                0.4227
3                0.6039
4                0.6722
5                0.7155
6                0.7254
7                0.7466
8                0.7627
9                0.7652
10               0.7685
11               0.7771
12               0.7882
13               0.7818
14               0.7878
15               0.7892
16               0.7930
17               0.7936
18               0.7944
19               0.7933
20               0.7966
21               0.7909
22               0.7925
23               0.7913
24               0.7919
25               0.7928
26               0.7936
27               0.7924
28               0.7936
29               0.7922
30               0.7912
31               0.7909
32               0.7887
33               0.7905
34               0.7904
35               0.7902
36               0.7884
37               0.7859
38               0.7884
39               0.7915
40               0.7891
41               0.7885
42               0.7880
43               0.7869
44               0.7875
45               0.7887
46               0.7857
47               0.7926
48               0.7915
49               0.7900
50               0.7910

================================================================================
 라운드별 모델 합성 가중치
================================================================================
          client_0_weight  client_1_weight  client_2_weight  client_3_weight  client_4_weight  client_5_weight  client_6_weight  client_7_weight  client_8_weight  client_9_weight
Round 1          0.114433         0.075038         0.094135         0.133870         0.094001         0.096347         0.144462         0.060404         0.078188         0.109122
Round 2          0.100729         0.086863         0.087655         0.127844         0.097279         0.094775         0.134311         0.072467         0.100447         0.097629
Round 3          0.103893         0.089492         0.102076         0.111899         0.113010         0.097108         0.120762         0.077393         0.099610         0.084757
Round 4          0.099012         0.096163         0.086321         0.116969         0.107445         0.101594         0.108205         0.093733         0.094753         0.095807
Round 5          0.102338         0.090369         0.088506         0.113039         0.103960         0.106544         0.109282         0.096122         0.088123         0.101717
Round 6          0.106420         0.093899         0.095463         0.109701         0.104052         0.096969         0.105102         0.101810         0.091947         0.094638
Round 7          0.107376         0.101259         0.088185         0.108750         0.102440         0.101236         0.102337         0.103250         0.089850         0.095318
Round 8          0.109249         0.103848         0.095375         0.102974         0.096492         0.104352         0.097060         0.097607         0.094500         0.098543
Round 9          0.108439         0.104822         0.097846         0.101556         0.098431         0.102616         0.093778         0.099608         0.093416         0.099488
Round 10         0.106462         0.103137         0.097742         0.104139         0.097986         0.099250         0.092049         0.101919         0.098316         0.099000
Round 11         0.106793         0.101955         0.097222         0.105643         0.099408         0.099572         0.089555         0.102460         0.098945         0.098445
Round 12         0.107633         0.101697         0.096850         0.101881         0.100996         0.097703         0.089961         0.105460         0.097836         0.099983
Round 13         0.105886         0.099202         0.096082         0.102697         0.098834         0.098910         0.092386         0.107340         0.097470         0.101192
Round 14         0.105845         0.101322         0.098765         0.100632         0.098816         0.100447         0.089054         0.109605         0.094458         0.101055
Round 15         0.107398         0.097178         0.097752         0.097411         0.098595         0.102659         0.090163         0.110816         0.094540         0.103488
Round 16         0.107477         0.096164         0.094525         0.098446         0.093909         0.105368         0.092619         0.113094         0.094918         0.103480
Round 17         0.108499         0.093238         0.095287         0.100311         0.093772         0.106115         0.090798         0.113164         0.095577         0.103239
Round 18         0.109614         0.099117         0.090917         0.096659         0.094268         0.103740         0.091604         0.112527         0.097590         0.103965
Round 19         0.109170         0.100635         0.090430         0.098536         0.091397         0.104767         0.088824         0.112680         0.097734         0.105827
Round 20         0.109599         0.102832         0.087483         0.098313         0.091191         0.105968         0.087687         0.112342         0.097455         0.107131
Round 21         0.109385         0.102818         0.089214         0.098431         0.089238         0.104794         0.088606         0.112597         0.098334         0.106584
Round 22         0.108548         0.104070         0.090589         0.099787         0.092181         0.105458         0.083784         0.112262         0.100310         0.103012
Round 23         0.108542         0.102701         0.094386         0.099013         0.090241         0.105925         0.083164         0.111963         0.101043         0.103022
Round 24         0.103117         0.105510         0.094589         0.100018         0.089461         0.105527         0.084030         0.111143         0.101447         0.105158
Round 25         0.100502         0.105903         0.091007         0.099565         0.092788         0.105574         0.087950         0.110301         0.101186         0.105222
Round 26         0.103234         0.105443         0.092983         0.099054         0.088545         0.105337         0.089983         0.109603         0.101359         0.104460
Round 27         0.103696         0.104280         0.094982         0.098815         0.088934         0.104610         0.090908         0.108364         0.100841         0.104571
Round 28         0.104616         0.105346         0.098103         0.098009         0.087357         0.104507         0.092455         0.108734         0.096475         0.104398
Round 29         0.104051         0.104924         0.097875         0.098030         0.091723         0.104007         0.089791         0.107758         0.097968         0.103874
Round 30         0.103860         0.103757         0.098586         0.097997         0.093713         0.103516         0.091317         0.106015         0.098572         0.102667
Round 31         0.101986         0.103813         0.098474         0.098293         0.094795         0.103154         0.091452         0.105996         0.098947         0.103089
Round 32         0.102315         0.103393         0.098026         0.098994         0.095578         0.102916         0.090409         0.105928         0.098548         0.103892
Round 33         0.101977         0.103452         0.096464         0.098671         0.096217         0.102360         0.092192         0.105744         0.099350         0.103573
Round 34         0.101088         0.103480         0.096059         0.099159         0.095760         0.102587         0.092739         0.106250         0.098218         0.104658
Round 35         0.102389         0.104325         0.097879         0.099295         0.088554         0.103284         0.092665         0.106649         0.099826         0.105134
Round 36         0.102341         0.103271         0.098081         0.099165         0.092432         0.103359         0.092868         0.106328         0.100135         0.102020
Round 37         0.096074         0.104591         0.099715         0.100754         0.095816         0.104072         0.093912         0.107225         0.095532         0.102308
Round 38         0.097859         0.104316         0.099232         0.099935         0.096994         0.103500         0.093201         0.106347         0.096481         0.102135
Round 39         0.087969         0.105388         0.100892         0.100257         0.098648         0.104835         0.091644         0.107422         0.098772         0.104175
Round 40         0.092818         0.104283         0.100598         0.099765         0.097804         0.103176         0.092352         0.106392         0.098841         0.103971
Round 41         0.096106         0.104386         0.100172         0.099353         0.098534         0.103185         0.089598         0.105490         0.099335         0.103841
Round 42         0.097889         0.103643         0.099847         0.098925         0.097614         0.102969         0.091415         0.105191         0.099014         0.103493
Round 43         0.100255         0.103724         0.095606         0.099672         0.098221         0.102245         0.090308         0.105671         0.100039         0.104259
Round 44         0.099692         0.103138         0.096555         0.099790         0.098766         0.102540         0.091262         0.104938         0.099850         0.103469
Round 45         0.100814         0.103449         0.097232         0.099002         0.098448         0.102671         0.089401         0.105044         0.100354         0.103584
Round 46         0.100516         0.103697         0.095935         0.099349         0.098382         0.101753         0.090551         0.105205         0.100925         0.103689
Round 47         0.093643         0.104979         0.098142         0.100492         0.093105         0.103061         0.093483         0.105800         0.102553         0.104743
Round 48         0.096972         0.104552         0.099114         0.100020         0.095400         0.103135         0.093610         0.105591         0.096812         0.104793
Round 49         0.098179         0.104139         0.099190         0.099632         0.096044         0.103027         0.093809         0.104656         0.097450         0.103874
Round 50         0.099773         0.104024         0.098455         0.098980         0.097352         0.103122         0.094771         0.103386         0.096197         0.103940

================================================================================
 라운드별 시간 측정 결과 (초)
================================================================================
          cli 0 train  cli 1 train  cli 2 train  cli 3 train  cli 4 train  cli 5 train  cli 6 train  cli 7 train  cli 8 train  cli 9 train  agg time  cli eval time  global eval time  total time
Round 1      6.339665     5.451796     8.205916     8.752188    10.753583     4.980972    12.431321     3.863127     8.368210     4.318906  0.399579      27.757643          2.772490   30.930000
Round 2      5.690726     5.537057     8.337047     7.331812    11.055024     4.971371    12.267688     3.384611     7.770647     3.994311  0.341269      27.570916          2.708977   30.621392
Round 3      5.704865     5.233363     8.473567     6.213165    10.694786     5.299406    11.996519     3.776551     7.735121     4.274328  0.338650      27.237428          2.682994   30.259338
Round 4      5.910126     5.270260     8.569453     9.113207    10.589477     5.050835    12.226256     3.866400     7.958481     4.410579  0.345125      27.275836          2.705916   30.327110
Round 5      5.271005     5.553128     8.361488     8.945119    11.468767     5.259389    12.516492     3.762231     7.618899     4.199671  0.335787      27.442425          2.718581   30.497011
Round 6      5.246000     5.152667     8.681922     8.825520    10.610981     4.807500    11.512445     3.866732     8.065327     4.314600  0.341134      27.538867          2.721860   30.602145
Round 7      6.250393     4.857349     8.572740     9.320412    11.486491     5.907775    12.052255     3.159228    11.190279     4.209728  0.351165      44.259350          5.008855   49.619656
Round 8      7.199108    10.133823    13.579709    16.525753    19.751128     9.346539    22.832269     5.163137    14.577022     5.361513  0.344503      46.519514          3.041441   49.905738
Round 9     10.497563     9.369311    15.072976    16.782737    20.802204     5.736065    23.028361     6.727873    14.693451     8.359860  0.353902      45.966514          3.438057   49.758776
Round 10    10.305006    10.121812    13.616909    16.690620    19.138185     9.039524    23.001066     6.729563    12.468071     7.940874  0.346156      43.525659          4.754614   48.626707
Round 11     8.789294     8.661824    15.144486    16.643939    20.810121     9.306372    22.638304     6.684534    11.559287     7.269576  0.399910      45.017666          4.874794   50.292627
Round 12     7.934483     8.036291    14.735353    14.916926    20.755217     6.484691    22.844851     7.095281    11.555941     6.811109  0.356773      43.628705          4.688435   48.674209
Round 13    10.388806     8.893414    11.402581    14.055344    19.968472     9.781603    20.265993     6.646987    14.569034     8.330179  0.345338      44.833067          4.622144   49.800795
Round 14    10.938417     8.478118    14.798813    16.511693    19.221581     9.282254    18.077393     7.096464    14.279636     5.402549  0.354242      43.756983          4.770292   48.881797
Round 15    10.511971     9.958329    11.183287    16.730818    18.645023     9.582324    20.974553     6.734076    14.636137     6.118681  0.368766      44.448703          4.938025   49.755754
Round 16     8.321724     9.813381    14.381050    17.098617    20.397334     6.253983    19.418023     7.130991    13.265557     7.923628  0.355963      44.477647          4.958169   49.792040
Round 17     9.588842     9.893553    11.771456    17.047045    20.397095     9.600211    18.571698     6.795361    13.887477     7.931005  0.355192      44.921169          3.889012   49.165647
Round 18    10.380359     9.555453    15.425087    16.993051    20.217854     9.619509    20.872126     6.740927     9.257179     8.274431  0.361521      46.764219          2.789561   49.915598
Round 19    10.435415     9.850084     9.142326    16.748127    19.697912     9.306556    22.793243     7.262961    14.764189     7.844115  0.370154      45.311026          3.573855   49.255311
Round 20    10.592179     9.862861    14.413000    16.960009    16.947512     9.561074    19.405419     6.702521    14.450284     8.346479  0.350935      44.085425          4.790717   49.227350
Round 21     9.688663     8.204905    15.402179    16.700855    15.617991     8.584557    22.655406     6.576063    14.843800     5.586801  0.354825      44.281840          5.090183   49.727112
Round 22    10.929368     9.410434    15.104322    13.045547    20.173291     6.096366    22.384057     7.379923    11.054847     8.346976  0.356030      43.900800          4.676595   48.933718
Round 23    10.550620     9.394713    13.044938    16.789623    20.215701     9.374454    22.931143     7.398398    10.336380     6.002823  0.357552      44.956351          4.742587   50.056724
Round 24     9.963461     7.650005    13.736064    16.682578    16.842108     9.673609    21.571296     6.871437    11.056833     8.328777  0.377194      43.448700          4.905904   48.732034
Round 25     8.820523     9.081865    15.169163    15.271737    16.387736     8.649977    22.349443     7.060634    15.091808     5.747144  0.400808      43.194835          4.638755   48.234697
Round 26    10.265792     9.914028    15.529520    14.904251    15.056473     9.290043    23.033415     4.505455    14.867069     8.406782  0.367693      44.977443          4.918781   50.264211
Round 27    10.226896     7.760945    15.211978    16.038499    15.547097     9.315208    22.389220     5.349341    14.590527     8.118333  0.376255      45.278703          3.823900   49.479088
Round 28     8.230200     8.809835    15.659133    14.226572    20.255965     9.833714    22.898184     6.719394    14.467547     8.047792  0.394379      44.369968          4.998618   49.763236
Round 29    10.917336     9.893413    14.810691    11.773700    20.425113     9.883427    18.764899     6.828876    12.059116     5.960973  0.389294      45.384465          4.971692   50.745720
Round 30    10.613850     9.580750    15.472276    16.062524    16.596832     7.023689    22.482687     7.092732    13.358471     8.627573  0.349333      43.509507          5.198676   49.057781
Round 31     9.265089     6.903753    15.162435    16.137562    17.127563     9.846385    20.934424     6.764688    12.208927     7.234945  0.402045      45.675525          4.927777   51.005609
Round 32     8.910328     9.789756    15.296958    12.996052    20.704434     9.349923    22.971957     6.725432    10.664000     7.897575  0.347839      43.828848          4.533314   48.710286
Round 33    10.673775     8.863121    12.639850    17.037806    20.607968     9.644036    22.225799     5.455914    12.043985     6.590515  0.342228      39.126701          2.760489   42.229647
Round 34     5.675137     5.237971     8.588574     8.841966    11.221857     5.232117    12.499838     3.174190     7.925143     4.609193  0.344064      27.854465          2.721032   30.919847
Round 35     5.750818     5.171168     8.432342     9.202749     9.140543     5.232244    12.088368     3.846588     8.138727     4.500538  0.342779      27.492297          2.716418   30.551713
Round 36     5.408668     5.349446     8.159351     7.996748    11.584847     5.141719    12.337764     3.287424     8.054321     4.540375  0.337615      27.399197          2.744693   30.481765
Round 37     5.311350     5.587449     8.292747     9.017821    11.764134     4.024206    12.193922     3.723877     8.219116     4.191783  0.338636      27.677406          2.777588   30.793909
Round 38     5.783850     5.670304     8.344240     8.747198    11.512057     5.049376    11.831130     3.263722     6.255413     4.281915  0.336356      27.586798          2.776729   30.700104
Round 39     5.716959     5.227882     7.983422     9.247163    11.705085     4.985306    12.580937     3.620935     7.457449     4.553665  0.383487      27.543021          2.783577   30.710330
Round 40     5.901178     5.400782     7.884443     9.520736    10.813474     2.958918    12.314272     3.742661     8.003330     4.301917  0.344600      27.477011          2.737305   30.559147
Round 41     5.733687     5.445528     8.409019     8.993047    11.063540     5.130895    12.855284     3.585273     7.610729     2.607044  0.334357      27.676626          2.780638   30.791899
Round 42     5.798175     5.616504     8.334753     9.180064    11.080806     5.390542    10.172425     3.832632     8.156221     4.261047  0.339074      27.453100          2.753548   30.545946
Round 43     5.635450     5.293092     8.325189     9.228744    10.752913     5.353094    12.116521     3.686640     8.182455     4.475098  0.347546      27.728726          2.741583   30.818099
Round 44     5.655291     5.333507     8.685124     8.186755    10.606682     4.972283    12.729053     3.628625     8.411948     4.562854  0.341584      27.523631          2.737276   30.602719
Round 45     5.634608     5.341273     8.208588     8.731617    11.238607     5.213105    12.445467     3.797372     7.695146     4.562945  0.348078      27.520357          2.735784   30.604497
Round 46     5.573713     4.602076     8.630035     9.038381    10.708261     5.246250    13.034768     4.024527     7.612871     4.329848  0.339316      27.600709          2.738424   30.678708
Round 47     5.462308     5.511265     8.605493     8.735698    11.123163     5.237414     8.452665     3.669064     8.086667     4.451200  0.343707      27.484698          2.726410   30.555092
Round 48     5.694726     5.304766     8.567324     9.351287    11.439688     5.291580    12.486046     2.508229     7.872739     3.979643  0.340650      27.534655          2.704560   30.580119
Round 49     5.846113     5.011824     6.069232     8.967565    11.726453     5.030463    12.309869     3.817138     8.047628     4.203262  0.341356      27.509404          2.731168   30.582154
Round 50     5.567862     4.938497     8.509124     8.909419    10.725435     5.283196    12.044089     3.612262     7.780934     4.045925  0.333661      27.341539          2.795322   30.470770

총 시뮬레이션 시간: 2033.80초

================================================================================
 시뮬레이션 파라미터
================================================================================
NUM_CLIENTS: 10
NUM_ROUNDS: 50
LOCAL_EPOCHS: 2
DIRICHLET_ALPHA: 0.5
MIN_SAMPLES_PER_CLASS: 100
RANDOM_SEED: 42
NUM_COMMITTEE_MEMBERS: 3
EWMA_BETA: 0.3
CONTRIBUTION_SCALING_FACTOR: 1.5
NUM_NOISE_ATTACKERS: 0
NUM_DATAF_ATTACKERS: 0
DATAF_POISON_LEVEL: 0
COMMITTEE_EVAL_SKIPPED: False
