================================================================================
 데이터 분할 현황
================================================================================
   Client  Num Samples  Class 0  Class 1  Class 2  Class 3  Class 4  Class 5  Class 6  Class 7  Class 8  Class 9
0       0         3702       58      935      667      157      347      361      274      419       62      422
1       1         3398      448       50      234      881      317      490       55      511      353       59
2       2         5798     1210       52      482      541      642      212       75      202     2246      136
3       3         6461      180     1750       51       76      494     1025      617     1516      107      645
4       4         8058      744      382      762      208     2092      869     2355      286      284       76
5       5         3282      124      248      877      200       61      334      347      384      362      345
6       6         9048      101      236     1210     1697       63      201      966     1367     1102     2105
7       7         2138       50      269      259      153       91      513       50      180      339      234
8       8         5453     1898      868      402      522      146      800      143       50       86      538
9       9         2662      187      210       56      565      747      195      118       85       59      440

================================================================================
 라운드별 글로벌 모델 정확도
================================================================================
       Overall_Accuracy  Poisoned_Acc([0,2,3,4,6,7,8,9])
Round                                                   
1                0.1443                           0.1802
2                0.4072                           0.3967
3                0.5895                           0.5485
4                0.6609                           0.6211
5                0.6828                           0.6392
6                0.7216                           0.6970
7                0.7354                           0.7106
8                0.7390                           0.7144
9                0.7525                           0.7228
10               0.7509                           0.7341
11               0.7642                           0.7400
12               0.7673                           0.7508
13               0.7607                           0.7355
14               0.7751                           0.7560
15               0.7764                           0.7618
16               0.7795                           0.7582
17               0.7770                           0.7580
18               0.7773                           0.7609
19               0.7785                           0.7582
20               0.7756                           0.7578
21               0.7796                           0.7598
22               0.7720                           0.7476
23               0.7777                           0.7574
24               0.7733                           0.7508
25               0.7699                           0.7475
26               0.7747                           0.7531
27               0.7704                           0.7496
28               0.7729                           0.7521
29               0.7726                           0.7522
30               0.7687                           0.7460

================================================================================
 라운드별 모델 합성 가중치
================================================================================
          client_0_weight  client_1_weight  client_2_weight  client_3_weight  client_4_weight  client_5_weight  client_6_weight  client_7_weight  client_8_weight  client_9_weight
Round 1          0.103040         0.077666         0.109525         0.137005         0.121733         0.098798         0.113706         0.083898         0.086582         0.068045
Round 2          0.107031         0.083941         0.104469         0.121214         0.108314         0.095700         0.135831         0.093159         0.088484         0.061857
Round 3          0.101581         0.086584         0.116316         0.126501         0.114345         0.102740         0.119284         0.094307         0.087029         0.051313
Round 4          0.099776         0.095355         0.110257         0.125193         0.107388         0.105826         0.116716         0.092094         0.078773         0.068621
Round 5          0.103593         0.112047         0.091152         0.119976         0.108781         0.102289         0.120046         0.095429         0.076820         0.069868
Round 6          0.109412         0.113319         0.107754         0.123379         0.108872         0.100187         0.111072         0.088461         0.067156         0.070391
Round 7          0.113671         0.116235         0.105669         0.116219         0.112291         0.104773         0.106903         0.086263         0.069887         0.068089
Round 8          0.107374         0.114803         0.110376         0.114244         0.111091         0.102298         0.108177         0.084836         0.071737         0.075063
Round 9          0.117029         0.113008         0.106700         0.114634         0.109076         0.106634         0.103954         0.082621         0.075191         0.071154
Round 10         0.117466         0.114052         0.097959         0.115988         0.114257         0.102453         0.107116         0.083363         0.077261         0.070085
Round 11         0.115857         0.111013         0.097416         0.110665         0.114654         0.111270         0.106916         0.081859         0.075207         0.075142
Round 12         0.111947         0.107160         0.103897         0.112908         0.112816         0.113772         0.102536         0.081544         0.073612         0.079807
Round 13         0.111245         0.103724         0.111246         0.112638         0.105870         0.117926         0.107053         0.082672         0.070108         0.077518
Round 14         0.115920         0.103529         0.107108         0.113120         0.107786         0.115976         0.109456         0.078114         0.073799         0.075193
Round 15         0.119967         0.102974         0.105311         0.111271         0.109862         0.115842         0.105748         0.079905         0.073769         0.075351
Round 16         0.122489         0.111688         0.099492         0.111359         0.109092         0.120897         0.097744         0.077914         0.072453         0.076873
Round 17         0.120760         0.101741         0.106367         0.113528         0.110978         0.120924         0.102231         0.080443         0.072598         0.070432
Round 18         0.123487         0.103979         0.105158         0.111714         0.107696         0.123492         0.100622         0.082353         0.073376         0.068122
Round 19         0.123907         0.110343         0.105472         0.105499         0.104510         0.122411         0.100817         0.080252         0.072487         0.074302
Round 20         0.123841         0.111649         0.107387         0.108980         0.105104         0.122651         0.100320         0.080560         0.070440         0.069068
Round 21         0.122687         0.112795         0.098067         0.107280         0.109268         0.122305         0.105085         0.078384         0.069220         0.074909
Round 22         0.122990         0.115273         0.105537         0.112124         0.105309         0.121812         0.099915         0.078607         0.067130         0.071303
Round 23         0.122737         0.115142         0.109782         0.112460         0.109927         0.118397         0.096676         0.079310         0.068312         0.067257
Round 24         0.122905         0.112821         0.109222         0.113952         0.112408         0.119839         0.100171         0.080486         0.065845         0.062351
Round 25         0.123217         0.102753         0.111696         0.115032         0.115987         0.120410         0.103981         0.074823         0.063719         0.068381
Round 26         0.121011         0.108596         0.111102         0.116112         0.114622         0.120968         0.103326         0.072707         0.062894         0.068661
Round 27         0.119875         0.106975         0.108232         0.113955         0.113698         0.118853         0.103435         0.075903         0.064908         0.074166
Round 28         0.121919         0.099921         0.110232         0.114327         0.115979         0.120443         0.106508         0.073339         0.065498         0.071834
Round 29         0.121728         0.107425         0.109967         0.113472         0.113907         0.116459         0.107325         0.074833         0.067650         0.067234
Round 30         0.121846         0.113099         0.111373         0.112857         0.113577         0.116901         0.098065         0.077488         0.064478         0.070316

================================================================================
 라운드별 시간 측정 결과 (초)
================================================================================
          cli 0 train  cli 1 train  cli 2 train  cli 3 train  cli 4 train  cli 5 train  cli 6 train  cli 7 train  cli 8 train  cli 9 train  agg time  cli eval time  global eval time  total time
Round 1      4.666852     5.886186     7.134727     8.685421     8.863705     3.377213    10.896127     2.561918     6.196885     2.869674  0.399401      24.087393          2.404883   29.773131
Round 2      4.530181     4.043783     7.721312     7.593246    10.015975     4.673430     9.554022     2.761460     6.943995     3.407177  0.340173      23.896682          2.342943   29.412897
Round 3      5.223887     4.545068     6.926550     7.798755     9.171696     4.487868    12.380046     3.175487     7.673430     3.588688  0.344291      23.872523          2.361224   29.252865
Round 4      4.659389     2.788077     7.448513     7.752965     9.410205     3.969739    12.299832     2.614703     7.379558     3.226430  0.343757      23.821072          2.353791   29.373706
Round 5      5.036632     4.487225     6.545653     8.433046    10.772047     5.140236    11.871348     2.899523     6.994416     3.094215  0.341442      23.866774          2.348333   29.188040
Round 6      5.542197     4.074882     6.755612     8.577015    10.739580     4.016061    11.873778     3.043713     7.727111     3.926990  0.355475      23.820900          2.386188   29.320072
Round 7      4.360282     4.631698     6.637455     7.877478    11.843605     3.959868     7.573183     3.395705     7.744240     3.296010  0.338825      23.889445          2.329373   29.100800
Round 8      5.482486     4.627545     6.972564     8.074407     9.427576     4.324262    12.329404     2.360693     7.978783     3.544988  0.333622      23.652971          2.341148   28.942890
Round 9      4.477787     4.654866     8.571858     8.205632    10.518182     3.796223    11.219881     3.223881     7.811619     3.454180  0.338948      23.831676          2.343067   29.161866
Round 10     4.669557     4.804438     8.296895     8.946142    10.070983     4.121254    12.284662     2.886956     7.665951     3.692651  0.340231      23.644607          2.340515   29.043481
Round 11     4.432182     4.805140     8.244560     8.527493    11.085287     5.010214    12.200744     2.508652     6.693147     3.312564  0.357736      23.842035          2.359945   29.088107
Round 12     4.635131     3.970805     8.485317     7.735375     9.782071     4.604730    12.650822     2.730470     7.259532     3.700049  0.368870      23.802478          2.340152   29.060666
Round 13     4.787991     4.653085     8.069031     8.141824    11.703342     3.618148    12.177435     2.658178     6.890277     3.244468  0.345351      23.836184          2.346778   29.089863
Round 14     4.938586     4.794378     7.296996     8.218539    10.850778     4.620740    12.383137     3.130240     6.629447     3.826296  0.345971      23.787982          2.342339   29.015908
Round 15     4.476330     4.723778     8.221809     9.203302    10.112993     4.147553    12.024467     3.147095     3.844190     3.816493  0.340100      24.263091          2.475459   29.801244
Round 16     4.563410     4.474838     7.881019     8.549158     9.852454     4.979769    13.064327     2.740235     6.948166     4.195877  0.338141      23.772437          2.332031   29.025552
Round 17     5.222399     4.806281     7.371536     8.732831    11.010814     4.574687    12.828353     2.520376     6.910747     3.614585  0.338032      24.032638          2.385755   29.404999
Round 18     4.777896     4.827811     7.561305     8.456125     9.498090     3.949507    12.247409     2.809910     6.473239     3.698889  0.336436      24.137266          2.387171   29.479348
Round 19     5.001368     4.768670     7.696920     8.059890    10.147293     4.177783     9.255654     2.641473     8.101631     3.500390  0.349741      23.933210          2.397929   29.219184
Round 20     4.549334     4.524571     7.274473     8.433026     9.687778     4.765067     9.883501     3.249880     7.399873     3.995271  0.343645      23.874577          2.470870   29.317016
Round 21     5.163592     4.439892     7.086117     8.746640    10.969939     4.185758    13.319353     3.066047     6.842348     3.358807  0.357091      23.739858          2.481117   29.519173
Round 22     5.079668     4.531988     7.445272     8.059149    10.412660     4.003875    11.675396     3.086837     7.940043     3.731430  0.339933      23.930454          2.392754   29.212377
Round 23     5.087965     5.146913     7.879464     8.225093    10.239857     4.721792    12.997387     2.958194     6.699515     3.476719  0.335516      24.011381          2.362181   29.283859
Round 24     5.561903     4.075039     6.874067     8.219660    10.406922     4.569693    12.350478     3.268389     7.375119     3.778228  0.332644      23.982963          2.447288   29.407665
Round 25     5.833395     4.727939     7.111133     8.277098    11.325634     4.534075     9.201546     2.672119     6.815764     3.795085  0.340460      23.936584          2.375817   29.294124
Round 26     3.350938     4.922421     7.746255     8.969464    11.366687     4.303004    11.342768     3.100021     7.573193     3.097569  0.360809      23.934354          2.375787   29.475205
Round 27     4.761593     4.866521     7.851046     9.050768    10.768748     4.351369    12.687609     2.756323     6.846171     3.016942  0.384838      23.865368          2.341449   29.130476
Round 28     5.418451     4.875283     7.733978     8.341138    10.436656     4.591113    11.858099     3.140192     6.668179     3.775229  0.342125      23.869208          2.412176   29.192231
Round 29     4.760006     4.864387     8.549898     8.472616     7.736026     4.061859    11.006037     2.954890     7.002439     3.405623  0.355576      24.174428          2.405647   29.502338
Round 30     5.422212     4.629685     8.464233     8.464118     8.799105     4.436453    11.587255     2.994091     7.013052     4.218368  0.339086      23.928889          2.345223   29.216243

총 시뮬레이션 시간: 878.31초

================================================================================
 시뮬레이션 파라미터
================================================================================
NUM_CLIENTS: 10
NUM_ROUNDS: 30
LOCAL_EPOCHS: 2
DIRICHLET_ALPHA: 0.5
MIN_SAMPLES_PER_CLASS: 50
RANDOM_SEED: 42
NUM_COMMITTEE_MEMBERS: 3
EWMA_BETA: 0.5
CONTRIBUTION_SCALING_FACTOR: 1.3
NUM_NOISE_ATTACKERS: 0
NUM_DATAF_ATTACKERS: 3
DATAF_POISON_LEVEL: 3
COMMITTEE_EVAL_SKIPPED: False
