================================================================================
 데이터 분할 현황
================================================================================
   Client  Num Samples  Class 0  Class 1  Class 2  Class 3  Class 4  Class 5  Class 6  Class 7  Class 8  Class 9
0       0         3702       58      935      667      157      347      361      274      419       62      422
1       1         3398      448       50      234      881      317      490       55      511      353       59
2       2         5798     1210       52      482      541      642      212       75      202     2246      136
3       3         6461      180     1750       51       76      494     1025      617     1516      107      645
4       4         8058      744      382      762      208     2092      869     2355      286      284       76
5       5         3282      124      248      877      200       61      334      347      384      362      345
6       6         9048      101      236     1210     1697       63      201      966     1367     1102     2105
7       7         2138       50      269      259      153       91      513       50      180      339      234
8       8         5453     1898      868      402      522      146      800      143       50       86      538
9       9         2662      187      210       56      565      747      195      118       85       59      440

================================================================================
 라운드별 글로벌 모델 정확도
================================================================================
Round	Accuracy
1	0.101
2	0.3801
3	0.5925
4	0.6813
5	0.7175
6	0.7406
7	0.7499
8	0.764
9	0.7679
10	0.7726
11	0.777
12	0.778
13	0.7786
14	0.785
15	0.7835
16	0.7817
17	0.7777
18	0.7801
19	0.7774
20	0.7807
21	0.7809
22	0.7795
23	0.7808
24	0.7789
25	0.7813
26	0.7809
27	0.7758
28	0.781
29	0.7798
30	0.7794
31	0.7768
32	0.7802
33	0.7816
34	0.7805
35	0.7792
36	0.7792
37	0.7803
38	0.7781
39	0.7783
40	0.7787
41	0.7785
42	0.7827
43	0.7803
44	0.7796
45	0.7806
46	0.7786
47	0.7774
48	0.7763
49	0.7767
50	0.7767
51	0.7788
52	0.7772
53	0.7785
54	0.7783
55	0.777
56	0.7757
57	0.7766
58	0.7756
59	0.779
60	0.7786
61	0.7783
62	0.7786
63	0.7781
64	0.7776
65	0.7775
66	0.7758
67	0.7784
68	0.7772
69	0.7782
70	0.7772
71	0.7812
72	0.7832
73	0.7796
74	0.779
75	0.7803
76	0.7776
77	0.7806
78	0.7759
79	0.7774
80	0.7783
81	0.7767
82	0.7765
83	0.7772
84	0.7777
85	0.777
86	0.7761
87	0.7786
88	0.7771
89	0.7772
90	0.7793
91	0.78
92	0.7789
93	0.7787
94	0.7772
95	0.7772
96	0.7765
97	0.7764
98	0.7768
99	0.7788
100	0.7776


================================================================================
 라운드별 모델 합성 가중치
================================================================================
           client_0_weight  client_1_weight  client_2_weight  client_3_weight  client_4_weight  client_5_weight  client_6_weight  client_7_weight  client_8_weight  client_9_weight
Round 1           0.094929         0.089548         0.095803         0.117172         0.094129         0.105149         0.129505         0.082390         0.107877         0.083498
Round 2           0.103622         0.092383         0.105091         0.116158         0.102898         0.099576         0.123992         0.094940         0.101904         0.059438
Round 3           0.102065         0.090666         0.100488         0.102663         0.107228         0.107080         0.105969         0.100802         0.099243         0.083798
Round 4           0.105726         0.094470         0.096253         0.102069         0.103236         0.105407         0.097292         0.103605         0.096946         0.094995
Round 5           0.106524         0.100356         0.098484         0.104715         0.097319         0.103252         0.097807         0.101541         0.098017         0.091984
Round 6           0.103021         0.099394         0.099490         0.102299         0.101857         0.101161         0.100267         0.101246         0.099026         0.092238
Round 7           0.104055         0.099812         0.099822         0.100972         0.104605         0.102558         0.097380         0.103685         0.096920         0.090190
Round 8           0.105162         0.102211         0.099636         0.101391         0.103881         0.101771         0.096458         0.101854         0.096815         0.090819
Round 9           0.104636         0.099548         0.099347         0.099867         0.104233         0.102254         0.094058         0.103148         0.098390         0.094519
Round 10          0.103921         0.100490         0.097766         0.100935         0.102903         0.101589         0.095612         0.104946         0.099491         0.092347
Round 11          0.105524         0.093026         0.100662         0.100907         0.103501         0.103262         0.095461         0.106689         0.097234         0.093733
Round 12          0.106121         0.097576         0.099668         0.098101         0.102944         0.103054         0.095405         0.107505         0.098991         0.090635
Round 13          0.107141         0.099046         0.099199         0.101764         0.099444         0.103906         0.093180         0.105958         0.096906         0.093455
Round 14          0.106624         0.094783         0.097471         0.102221         0.102885         0.106246         0.093620         0.107361         0.093151         0.095638
Round 15          0.107589         0.100389         0.099414         0.100797         0.100864         0.103201         0.096509         0.107449         0.093098         0.090690
Round 16          0.107320         0.098449         0.097262         0.102102         0.099944         0.106247         0.091076         0.106763         0.097896         0.092941
Round 17          0.105031         0.097975         0.094899         0.100650         0.101146         0.105582         0.088753         0.107631         0.103165         0.095168
Round 18          0.109165         0.096696         0.098820         0.103796         0.091452         0.106891         0.097640         0.108870         0.095956         0.090713
Round 19          0.105899         0.095525         0.100196         0.100969         0.099629         0.102969         0.095541         0.105718         0.099358         0.094196
Round 20          0.106727         0.095310         0.100323         0.100968         0.100808         0.104721         0.088544         0.107610         0.102490         0.092500
Round 21          0.104358         0.102285         0.097011         0.098333         0.101161         0.103910         0.094614         0.105338         0.099400         0.093590
Round 22          0.105774         0.104843         0.089212         0.099535         0.100351         0.104083         0.096377         0.106239         0.101021         0.092565
Round 23          0.104869         0.102662         0.097265         0.100043         0.094685         0.104513         0.095121         0.105987         0.100719         0.094136
Round 24          0.104480         0.095818         0.098331         0.100540         0.100507         0.103613         0.097207         0.105804         0.101755         0.091946
Round 25          0.103476         0.102610         0.098341         0.099840         0.100870         0.103117         0.095246         0.105671         0.095991         0.094838
Round 26          0.104708         0.104359         0.092720         0.099620         0.101447         0.103310         0.095409         0.106041         0.099806         0.092580
Round 27          0.105424         0.103751         0.098680         0.100936         0.100906         0.102119         0.097248         0.105947         0.089528         0.095462
Round 28          0.105800         0.104439         0.095175         0.101782         0.101390         0.104602         0.088035         0.106317         0.098112         0.094348
Round 29          0.105017         0.104027         0.097518         0.099721         0.100724         0.102679         0.094879         0.104646         0.096802         0.093988
Round 30          0.104418         0.097921         0.099115         0.099062         0.100462         0.103900         0.094607         0.104863         0.099984         0.095668
Round 31          0.103775         0.103240         0.098586         0.099479         0.099926         0.102273         0.095186         0.104644         0.098278         0.094614
Round 32          0.104734         0.104185         0.090671         0.101180         0.100247         0.102391         0.095819         0.105256         0.100737         0.094781
Round 33          0.105608         0.102697         0.087817         0.101958         0.101428         0.105835         0.097840         0.106147         0.097774         0.092896
Round 34          0.103610         0.103178         0.099196         0.099556         0.099529         0.102507         0.092922         0.103981         0.100981         0.094542
Round 35          0.104232         0.103244         0.095171         0.099253         0.101028         0.102908         0.096493         0.104820         0.099187         0.093663
Round 36          0.105038         0.102660         0.084858         0.101973         0.100542         0.104013         0.098154         0.106026         0.101049         0.095687
Round 37          0.104322         0.104048         0.090924         0.098376         0.099942         0.102241         0.097739         0.104075         0.102094         0.096239
Round 38          0.104959         0.103668         0.100409         0.101067         0.099335         0.102054         0.094969         0.104812         0.101818         0.086908
Round 39          0.103846         0.103485         0.099083         0.100663         0.095107         0.103179         0.093647         0.104625         0.101079         0.095286
Round 40          0.104504         0.104077         0.099633         0.101159         0.099578         0.100178         0.095490         0.104960         0.100138         0.090282
Round 41          0.105204         0.093741         0.102106         0.099594         0.099841         0.103434         0.097576         0.106115         0.101984         0.090406
Round 42          0.104971         0.089616         0.102351         0.102545         0.094117         0.103410         0.098365         0.105358         0.101782         0.097485
Round 43          0.103135         0.093558         0.101594         0.099880         0.099417         0.102595         0.096744         0.104797         0.101380         0.096899
Round 44          0.103344         0.103356         0.096231         0.100480         0.102146         0.102611         0.097045         0.104239         0.100484         0.090064
Round 45          0.104191         0.098311         0.100406         0.101750         0.101393         0.104228         0.098067         0.105003         0.102056         0.084596
Round 46          0.102890         0.102394         0.098640         0.099691         0.099486         0.102532         0.095633         0.103586         0.100143         0.095003
Round 47          0.102673         0.103783         0.101975         0.099677         0.102244         0.104249         0.098168         0.104221         0.101639         0.081371
Round 48          0.102335         0.102409         0.100653         0.099392         0.099271         0.101312         0.096136         0.102874         0.100596         0.095021
Round 49          0.103856         0.103086         0.102982         0.100827         0.101652         0.103668         0.098009         0.104154         0.100801         0.080964
Round 50          0.103535         0.093459         0.102111         0.100705         0.100885         0.102751         0.097446         0.103650         0.100860         0.094599
Round 51          0.102666         0.097980         0.100718         0.100892         0.100584         0.101697         0.095990         0.102810         0.100100         0.096563
Round 52          0.101488         0.101981         0.099105         0.100043         0.099629         0.101511         0.097282         0.103071         0.098731         0.097160
Round 53          0.102850         0.102672         0.099725         0.100144         0.099982         0.102108         0.097473         0.103214         0.100914         0.090918
Round 54          0.101915         0.101803         0.101201         0.099039         0.100523         0.101914         0.096380         0.102679         0.099781         0.094765
Round 55          0.102085         0.102420         0.096290         0.100195         0.099806         0.102108         0.096691         0.102651         0.100807         0.096947
Round 56          0.101751         0.101940         0.100722         0.099577         0.099848         0.101433         0.095672         0.102022         0.100268         0.096768
Round 57          0.101470         0.101845         0.098304         0.099662         0.099868         0.101700         0.097183         0.102233         0.100633         0.097102
Round 58          0.102026         0.101148         0.100960         0.099930         0.100177         0.101966         0.095712         0.102293         0.098410         0.097379
Round 59          0.105294         0.078969         0.103596         0.102985         0.102346         0.105190         0.100027         0.105667         0.103418         0.092508
Round 60          0.102899         0.098331         0.094354         0.100016         0.099773         0.103249         0.098021         0.103513         0.101970         0.097875
Round 61          0.101622         0.101610         0.099987         0.100096         0.099547         0.101538         0.097334         0.102541         0.100910         0.094815
Round 62          0.101237         0.101864         0.100837         0.099793         0.099714         0.101857         0.096803         0.102146         0.100502         0.095247
Round 63          0.102640         0.103004         0.091158         0.100047         0.098936         0.102307         0.097994         0.103679         0.101762         0.098472
Round 64          0.101728         0.101337         0.098622         0.099834         0.099925         0.101577         0.097222         0.101723         0.100597         0.097436
Round 65          0.101221         0.100625         0.098087         0.100131         0.099534         0.101432         0.097082         0.102265         0.101073         0.098551
Round 66          0.104378         0.104732         0.085453         0.103153         0.103581         0.104571         0.100664         0.105488         0.102675         0.085305
Round 67          0.103686         0.103103         0.101491         0.102521         0.101811         0.085839         0.099640         0.104610         0.101466         0.095832
Round 68          0.102661         0.101321         0.101138         0.100581         0.101050         0.100959         0.098379         0.103315         0.101447         0.089148
Round 69          0.103051         0.102664         0.090771         0.101424         0.101759         0.102327         0.095674         0.103501         0.101186         0.097645
Round 70          0.102239         0.099145         0.099420         0.100299         0.100463         0.102633         0.097722         0.102786         0.102150         0.093142
Round 71          0.102383         0.101370         0.101278         0.100651         0.101180         0.102661         0.097912         0.102640         0.101992         0.087934
Round 72          0.103267         0.090593         0.101514         0.100804         0.101348         0.103307         0.097305         0.103484         0.101070         0.097309
Round 73          0.102537         0.101550         0.102350         0.100573         0.100579         0.103484         0.098292         0.102964         0.101602         0.086070
Round 74          0.101761         0.101426         0.100253         0.099273         0.100018         0.101772         0.096955         0.102123         0.100131         0.096288
Round 75          0.101713         0.100708         0.099395         0.099854         0.098946         0.102093         0.097172         0.101713         0.100969         0.097436
Round 76          0.102269         0.101644         0.101917         0.100582         0.101253         0.102368         0.098931         0.103008         0.101230         0.086798
Round 77          0.101812         0.101538         0.099881         0.099737         0.098720         0.101539         0.097466         0.101779         0.100696         0.096830
Round 78          0.102691         0.102699         0.102435         0.100985         0.100833         0.102448         0.098409         0.103405         0.101692         0.084405
Round 79          0.101632         0.100770         0.101488         0.100093         0.098695         0.101974         0.098598         0.101632         0.098508         0.096612
Round 80          0.102462         0.099514         0.093316         0.100829         0.100270         0.102270         0.100117         0.101472         0.101098         0.098653
Round 81          0.101397         0.100975         0.100350         0.099854         0.099350         0.101343         0.098852         0.101499         0.099503         0.096877
Round 82          0.104287         0.104499         0.083873         0.102067         0.102609         0.104391         0.100241         0.104468         0.103316         0.090249
Round 83          0.101975         0.101984         0.098914         0.100360         0.101254         0.098738         0.097182         0.102053         0.100671         0.096869
Round 84          0.101730         0.102003         0.096947         0.100376         0.100347         0.101479         0.096266         0.101939         0.100053         0.098859
Round 85          0.103323         0.103495         0.083883         0.101566         0.101742         0.103550         0.098747         0.103536         0.101976         0.098183
Round 86          0.101169         0.101033         0.098391         0.099737         0.099601         0.101509         0.098884         0.101507         0.100753         0.097416
Round 87          0.103510         0.083667         0.101477         0.102508         0.102626         0.103521         0.100587         0.104184         0.102599         0.095322
Round 88          0.103339         0.100723         0.093165         0.101468         0.102258         0.103256         0.098464         0.103693         0.101297         0.092337
Round 89          0.102847         0.102777         0.088810         0.101201         0.101387         0.103018         0.098965         0.102930         0.100072         0.097994
Round 90          0.103710         0.095427         0.088724         0.101974         0.102693         0.103571         0.100467         0.104419         0.102802         0.096212
Round 91          0.103040         0.101406         0.100731         0.100655         0.101635         0.103194         0.098987         0.103577         0.102388         0.084387
Round 92          0.101321         0.101513         0.101529         0.099293         0.099602         0.102067         0.097938         0.101291         0.099358         0.096087
Round 93          0.102471         0.102288         0.097165         0.100745         0.100633         0.102558         0.098658         0.102695         0.101607         0.091180
Round 94          0.104114         0.097556         0.098137         0.102943         0.102543         0.104802         0.100922         0.104840         0.103770         0.080372
Round 95          0.103533         0.095576         0.103541         0.102265         0.102237         0.103964         0.100865         0.104331         0.100022         0.083665
Round 96          0.102170         0.102162         0.102063         0.099575         0.100993         0.102487         0.099092         0.103072         0.101084         0.087302
Round 97          0.101531         0.101731         0.096295         0.100080         0.100220         0.101775         0.098011         0.101785         0.101020         0.097552
Round 98          0.101271         0.100250         0.100806         0.099435         0.100796         0.101674         0.097833         0.101426         0.100084         0.096426
Round 99          0.103337         0.083634         0.103229         0.101681         0.102000         0.103787         0.099014         0.103569         0.102674         0.097076
Round 100         0.101994         0.095259         0.096781         0.100854         0.100910         0.102432         0.098793         0.102601         0.101286         0.099090

================================================================================
 라운드별 시간 측정 결과 (초)
================================================================================
           cli 0 train  cli 1 train  cli 2 train  cli 3 train  cli 4 train  cli 5 train  cli 6 train  cli 7 train  cli 8 train  cli 9 train  agg time  cli eval time  global eval time  total time
Round 1      17.892806    19.269269    35.715764    41.107664    49.190226    21.389830    48.936921    11.888989    27.804214    17.190453  0.424495      45.560612          4.701444   50.686830
Round 2      19.987919    16.210812    39.569431    38.312052    54.312759    22.273816    60.006542    12.151674    36.937315    13.610056  0.387428      37.295530          3.603846   41.287095
Round 3      25.606554    23.053189    28.273196    43.353759    54.568542    22.842578    60.425255    14.944784    36.813294    14.551358  0.364465      44.196188          4.934347   49.495273
Round 4      23.573904    21.337296    38.964074    42.926571    50.691612    22.712510    50.711684    14.975075    26.851265    18.691191  0.364309      46.888135          4.711198   51.963923
Round 5      20.310561    23.552204    30.603205    43.521805    43.734080    22.387298    50.917810    14.794342    28.320024    14.067281  0.394814      39.257675          2.551425   42.204245
Round 6      25.457832    23.008186    39.362278    37.717693    42.771341    22.600033    61.056899    15.019923    36.956599    18.745010  0.354775      40.776263          4.766335   45.897638
Round 7      24.372290    22.963510    29.485871    44.127131    42.075804    22.504600    61.719642    11.488894    28.707302    15.089938  0.353649      46.560739          4.563163   51.477824
Round 8      25.554154    17.058447    27.888362    39.929872    54.488045    21.654420    52.938036    11.142536    35.213467    18.808908  0.350234      41.221677          2.754633   44.326840
Round 9      25.682114    23.580868    39.646684    36.446123    53.377923    22.313526    61.891624    14.770730    36.884024    17.781427  0.409119      44.006976          4.593741   49.010129
Round 10     30.403923    37.260860    77.974680    59.142138   104.348897    45.671515   118.280332    30.490271    67.044897    37.185874  0.371572      80.303331          7.837343   88.512485
Round 11     48.313033    47.454654    60.460759    77.686385    95.305768    43.269913   117.778375    26.750274    64.746372    38.003269  0.420527      80.689260         10.383947   91.493996
Round 12     51.592556    44.260340    53.879317    80.044747   107.261839    46.092017   109.508152    26.842687    66.502572    37.255676  0.371488      86.625276          8.799213   95.796265
Round 13     50.862155    47.523614    56.562821    87.993906   110.324563    36.261117   115.304118    30.448153    71.343069    33.851269  0.381743      89.534230         10.399615  100.315923
Round 14     46.831183    45.336425    72.025486    76.061764    98.280725    40.081238   110.708298    25.828604    66.657840    33.838635  0.389048      91.923476          9.180882  101.493707
Round 15     43.705157    40.538928    80.609089    88.667537   102.589130    37.075081   117.045634    24.925460    58.476352    35.301696  0.428396      85.137748         10.552657   96.119250
Round 16     37.064502    47.728891    74.493811    63.393858   110.015907    45.245409   122.203717    22.630006    75.742450    27.884030  0.409616      96.968514         10.121019  107.499458
Round 17     45.271911    47.508905    75.813757    81.744781    82.017506    44.740639   111.217779    30.424462    62.887157    37.172338  0.429539      89.888572          8.627227   98.945627
Round 18     51.772169    47.170104    67.380208    79.505226    68.249041    45.358824   125.826777    30.143209    76.997207    28.027690  0.424574     100.573719         10.288434  111.287021
Round 19     35.648485    47.895914    66.460286    61.523823    85.133532    46.634311   124.745231    25.602675    57.674911    37.958428  0.385803     104.141792         10.205462  114.733374
Round 20     45.697177    48.104518    75.368001    83.733284    95.205947    38.498102   105.006269    25.313108    67.812808    34.478875  0.377221     101.704745          9.549548  111.631829
Round 21     46.181981    32.287279    67.397602    68.527406   107.707425    45.536113    99.904510    21.139416    73.120580    30.703316  0.425084     102.548329         10.555069  113.528724
Round 22     52.287307    48.192361    78.242752    64.406651    99.338823    44.853081   109.142982    28.395405    54.719818    32.772756  0.417440      96.687781         10.347731  107.453190
Round 23     42.319475    39.689978    68.200653    89.183284    90.963317    45.681791   109.091324    26.296544    64.274805    33.376210  0.478290     100.454285          9.973317  110.906272
Round 24     39.814260    49.048951    74.252287    67.065998   104.031527    40.741697   101.579108    28.665024    59.794506    29.759343  0.445052     104.290179          9.367661  114.103136
Round 25     40.504793    41.995312    76.208333    76.697914    96.728241    34.196697   104.393693    25.037233    65.201201    26.489288  0.421281     102.885785          9.494399  112.801752
Round 26     38.109543    47.566727    57.542735    72.588390    97.925127    31.398917    96.071236    27.613642    57.002941    38.097546  0.510324      91.285435          8.954613  100.750735
Round 27     39.983151    32.732504    66.089043    88.514679    97.133402    46.068346   123.363266    21.657254    66.389492    33.128432  0.424975      96.736015          8.654407  105.815675
Round 28     52.000322    39.320000    66.395400    84.261134    91.276488    46.299496   117.170799    28.195676    65.634906    37.337362  0.429805      98.475369          9.532314  108.437750
Round 29     52.519889    27.186668    42.336655    84.137013   111.344756    38.704202   124.696680    23.778808    54.679523    27.741853  0.431713      91.322865          8.022565   99.777401
Round 30     42.737368    45.919132    78.852881    77.907690   107.033830    46.284105   119.159348    24.979229    69.316284    30.637731  0.450899      97.427294          8.475822  106.354347
Round 31     49.880620    43.964659    75.363034    73.983869    95.118572    43.963834   112.187475    27.068393    70.298978    38.154633  0.436663      87.388813          8.702142   96.527927
Round 32     47.432944    42.353954    62.544001    70.723133    94.329625    45.668916   124.915195    30.474505    76.370207    35.109429  0.417064      84.729833          8.729197   93.876421
Round 33     50.138376    41.964549    59.491881    83.517116   105.305221    39.416218   117.555699    31.001463    73.673408    37.933709  0.393466      87.240511          7.502997   95.137271
Round 34     46.478633    36.186806    74.629359    82.840836   111.090130    46.589509   117.589489    21.030757    71.577048    31.855463  0.449357      79.912277          8.618197   88.980112
Round 35     47.901986    37.427312    75.201179    77.769550    90.322497    46.297516   113.962613    25.688871    75.490191    38.247699  0.397578      86.493491          8.746964   95.638347
Round 36     52.666202    47.243975    66.086898    82.324825   107.917662    46.657301   119.828463    29.616585    72.521965    31.271724  0.430023      84.806963          6.609794   91.847156
Round 37     52.327705    41.794338    80.574935    86.077911    82.252856    46.499477   117.846509    26.885232    76.792860    38.879156  0.411105      90.796647         10.476510  101.684537
Round 38     46.783516    43.515254    74.073141    86.256293   106.660062    41.763996   120.272707    22.386066    74.528609    26.131603  0.460492      82.241975          9.007447   91.710192
Round 39     44.187424    31.613782    81.678056    90.251369   107.273581    46.036119   104.254126    26.128900    76.682390    23.594193  0.400056      90.996881         10.395386  101.792724
Round 40     51.683842    39.901773    59.894189    73.136257   112.123593    46.627766   110.607175    31.343953    59.265654    37.816139  0.471847      93.922291         10.227877  104.622303
Round 41     46.100088    39.848897    71.695733    77.073237   112.789654    37.886218   121.784109    31.016685    64.976272    21.782995  0.414402      79.873522         10.333337   90.621589
Round 42     52.157992    35.027215    47.170905    90.138149    82.160969    47.325862   126.077640    30.399934    76.364871    38.281883  0.449739     100.993886         10.001249  111.445185
Round 43     45.605743    44.408154    63.230202    73.644388    91.497935    46.348846   102.023376    30.199555    75.969576    37.979129  0.376760      97.952869          9.914912  108.244876
Round 44     42.402049    39.353211    80.968879    90.373012   104.919111    36.159306   111.574831    27.181933    54.900056    33.347083  0.379776      96.069689         10.247581  106.697304
Round 45     52.063832    48.350377    61.200883    67.289712    85.121218    47.397861   126.261601    30.850600    59.430237    38.832873  0.451832     104.596401         10.260173  115.308708
Round 46     43.183048    48.664971    78.500177    75.969015    92.212838    39.604628   103.986720    25.443740    61.535805    34.151823  0.472635     101.100536         10.311111  111.884711
Round 47     43.750891    43.582170    73.549963    82.071703    80.422680    41.311335    91.037385    26.984429    66.694810    34.333076  0.439225     101.176256         10.330345  111.946204
Round 48     49.973727    48.561410    82.223606    87.306342    85.269700    32.092264    89.073727    21.448393    63.307534    29.713179  0.450594     104.112787          9.923620  114.487432
Round 49     48.632231    41.422021    72.665427    65.373596    95.883430    42.651160   109.577008    30.765857    72.116165    26.071587  0.441900      98.014355         10.373549  108.830129
Round 50     41.917771    33.631341    79.142510    86.860169    90.772446    38.615545   105.287620    21.546395    61.257478    28.449742  0.430890     101.359762          9.659400  111.450319
Round 51     51.093847    40.486485    64.793936    68.994656    83.045674    45.467519    97.466185    30.235700    63.400767    37.500320  0.415409     100.778923          8.874793  110.069426
Round 52     50.255358    41.260847    55.127904    79.352695    78.486300    33.735125   105.802665    29.917708    57.985828    34.269584  0.450339     104.351571         10.621497  115.423845
Round 53     48.992429    32.284672    76.181613    76.654268    85.609176    40.183447    93.174456    29.171807    65.620620    30.144821  0.489480      96.734392          8.042858  105.267098
Round 54     40.117066    45.231308    75.447917    66.822248    87.464257    43.658881    94.067478    23.802621    71.290909    35.555722  0.431153      91.083032          8.506543  100.021030
Round 55     39.202615    36.357192    71.562833    74.729415    99.800021    39.613338   105.941373    24.932049    64.060034    30.019577  0.387929      90.787026          8.260787   99.436091
Round 56     32.917167    34.950697    74.641566    81.875202    76.752446    42.237460   115.132957    28.166989    46.644093    34.844876  0.451111      78.910422          8.619241   87.981058
Round 57     36.757851    43.977900    60.511317    82.754931    86.990641    39.669342   106.661819    28.011533    61.631648    35.398062  0.454759      83.799211          7.099255   91.353509
Round 58     47.402111    43.433928    74.375457    61.585190   102.237976    42.186067    93.520679    27.585974    53.320790    34.750682  0.479852      63.735669          8.910158   73.126035
Round 59     47.463302    43.516577    60.568031    81.558616   101.000587    31.625906   106.064445    28.058135    43.890728    23.047858  0.451509      86.694773          9.957652   97.104305
Round 60     40.476997    43.166532    73.680635    68.148396    93.441669    41.888842    99.877815    27.918016    47.242315    34.424621  0.373907      86.873507          7.627900   94.875697
Round 61     34.230680    43.170095    71.963160    80.475455    93.870713    28.368382   108.707823    27.502813    47.326636    33.618540  0.390412      86.188790          9.269381   95.848856
Round 62     44.227786    31.525302    72.138493    68.639868    95.922305    34.355563    86.123524    27.577359    60.301172    23.730862  0.497750      91.799508          9.095290  101.392828
Round 63     42.248681    38.855858    65.687604    74.041470    83.080822    39.316115   101.362674    24.258535    51.175546    29.102007  0.468049      83.344244          8.661697   92.474274
Round 64     40.220144    42.915666    59.168975    73.976132    97.577864    37.637593   107.540479    27.310652    52.837354    27.552231  0.434575      85.007140          9.899776   95.341795
Round 65     35.100851    37.718272    51.972319    79.317281    69.967124    40.213336   102.982071    23.775502    59.134225    33.366036  0.423861      84.744200          9.295335   94.463702
Round 66     42.489965    42.648483    48.422627    58.018991    87.753621    38.252310    85.436029    27.206805    67.644616    29.547342  0.393165      95.442637          8.642929  104.479031
Round 67     37.220362    33.823112    59.583534    71.759740    81.122554    34.736902    98.984003    23.378878    54.884287    29.341748  0.384079      92.631639          8.549721  101.565764
Round 68     30.472543    39.668120    50.616553    67.082827    95.776765    36.118994    82.369869    27.745462    61.419232    29.197526  0.417295      96.557816          9.575898  106.551296
Round 69     42.276654    42.866958    59.446455    57.759708    80.510090    32.094968    84.961746    24.760850    67.184318    33.328958  0.442662      95.854513          7.176204  103.473652
Round 70     41.954601    38.734156    58.055495    74.621170    88.696242    33.714536    97.555621    27.012160    59.725190    20.769967  0.456074      93.029361          9.826931  103.312795
Round 71     32.136655    34.960346    70.977379    69.414949    77.985128    41.297784    86.796789    26.915177    52.694897    23.413431  0.425469      97.527564         10.572326  108.525598
Round 72     37.361238    34.851132    72.092839    74.051149    92.213842    31.263652    83.090589    27.500941    46.727287    26.561836  0.449098      86.364219          8.951958   95.765591
Round 73     40.077581    34.519394    62.726185    66.680871    84.789727    38.946630    94.414631    23.694271    57.314393    27.068719  0.430479      97.755531          9.922565  108.108824
Round 74     32.782430    42.739575    72.079048    59.270247    79.289718    35.647015    99.319821    27.416367    63.166552    34.561767  0.393756      92.676587          7.808194  100.878899
Round 75     31.604054    24.864723    52.253509    50.790853    68.975769    30.569782    77.150824    15.275532    46.123039    19.245094  0.403314      76.709563          6.258862   83.372027
Round 76     19.180256    32.988657    37.076308    60.363384    70.120437    23.580358    63.161855    20.954535    38.518124    26.166065  0.384747      67.183097          5.080689   72.648825
Round 77     30.791444    25.495763    48.623746    46.207365    66.105212    32.040537    80.746818    20.998708    39.717710    19.668790  0.393045      76.049857          6.413037   82.856379
Round 78     35.795281    20.396957    40.160104    46.659271    57.684154    31.410142    85.165775    15.699745    52.972493    25.555565  0.370481      74.753297          3.896749   79.020821
Round 79     26.086985    27.512586    52.145871    43.888417    69.545551    28.790466    85.836260    15.732796    36.826442    25.865968  0.425951      65.594104          5.596072   71.616379
Round 80     35.949302    26.711669    33.445471    45.782500    50.598860    23.010010    73.815695    15.210851    38.844033    17.655704  0.363898      34.319977          2.731962   37.416094
Round 81     21.580379    13.355451    36.639403    40.696601    30.965471    20.673884    56.212335     8.169032    28.628773    10.612747  0.356920      33.875773          2.580535   36.813512
Round 82     23.998219    21.573909    33.929396    39.710229    50.091095    13.287592    40.576226     8.216111    26.942207    16.865716  0.344596      30.084166          2.545861   32.974878
Round 83     23.090585    21.599199    27.115056    40.849702    44.783094    19.318722    55.637069    13.829012    34.652078    11.324754  0.350480      26.766292          2.705292   29.822349
Round 84     23.105319    21.815595    36.785635    34.552977    50.083453    21.172537    56.766687     8.488959    34.266806    11.380941  0.354711      26.204840          2.596227   29.156068
Round 85     23.669744    17.997526    35.699891    40.115135    46.178634    20.299550    55.781621    10.422642    34.138657    16.509029  0.366172      25.820832          2.603719   28.791010
Round 86     21.628307    18.009356    36.546084    34.469426    49.793622    20.327186    55.158535    12.480040    34.666795    17.552699  0.352853      26.379991          2.482771   29.215861
Round 87     24.019737    18.520891    36.507532    28.848293    50.018529    21.132400    53.533547    13.598187    34.477567    16.471922  0.354671      26.865526          4.307088   31.527557
Round 88     17.679119    21.474677    19.563444    40.483020    50.085843    17.696195    56.447258    13.711869    34.562438    16.756347  0.381327      28.463579          4.491178   33.336357
Round 89     22.323832    21.168102    36.667092    35.031106    33.952825    20.280134    57.005997    13.629107    34.631174    12.100912  0.357084      27.476415          4.414330   32.248084
Round 90     23.346019    21.701700    20.001874    39.962281    49.782572    19.829747    51.935463    13.833252    28.516696    17.238969  0.400678      29.347740          4.559031   34.307735
Round 91     23.056509    14.346427    36.372303    41.183474    50.849813    14.391876    56.348411    13.195460    16.374256    17.283665  0.387315      33.579037          4.607818   38.574427
Round 92     13.077978    21.645369    35.657408    40.010799    49.977908    21.195324    40.784796    13.831527    22.229837    17.500259  0.363075      38.189014          4.486691   43.039120
Round 93     14.663401    13.424351    27.559384    40.586236    50.204762    20.822535    50.163851     9.769949    21.170867    10.623406  0.390422      36.868629          4.633491   41.892874
Round 94     14.900421    21.903290    22.804953    33.852294    49.686734    11.394707    55.849481     9.970562    34.254726    10.367126  0.356869      37.147920          4.489312   41.994351
Round 95     23.625583    21.921870    31.212136    30.136507    31.512827    12.993009    56.040727    13.490500    33.708654    10.563351  0.392897      36.826228          4.341386   41.560767
Round 96     14.751713    21.144925    22.973778    40.447424    45.671738    20.510124    27.577666    14.100880    34.198153    16.233001  0.349488      43.309031          4.388671   48.047441
Round 97     16.843057    13.617929    37.183330    25.685117    34.949808    20.760468    46.542416    12.085916    33.968466    10.671132  0.398149      43.930865          4.449996   48.779252
Round 98     23.861087    20.629258    24.530062    25.569834    36.310705    13.232077    49.676654    13.493263    21.874088    16.404067  0.374711      43.275537          4.464760   48.115351
Round 99     19.703442    13.834548    30.427814    26.090106    36.055806    17.594081    43.888211     8.340024    25.994568    10.597596  0.365208      44.080998          4.607693   49.054180
Round 100    15.119045    22.528513    33.865435    25.932520    47.471606    13.373864    40.244695    14.111712    21.975869    17.179776  0.391471      45.879985          4.783289   51.055027

총 시뮬레이션 시간: 8260.92초

================================================================================
 시뮬레이션 파라미터
================================================================================
NUM_CLIENTS: 10
NUM_ROUNDS: 100
LOCAL_EPOCHS: 5
DIRICHLET_ALPHA: 0.5
MIN_SAMPLES_PER_CLASS: 50
RANDOM_SEED: 42
NUM_COMMITTEE_MEMBERS: 3
EWMA_BETA: 0.9
NUM_NOISE_ATTACKERS: 0
NUM_DATAF_ATTACKERS: 1
COMMITTEE_EVAL_SKIPPED: False
