================================================================================
 데이터 분할 현황
================================================================================
   Client  Num Samples  Class 0  Class 1  Class 2  Class 3  Class 4  Class 5  Class 6  Class 7  Class 8  Class 9
0       0         3702       58      935      667      157      347      361      274      419       62      422
1       1         3398      448       50      234      881      317      490       55      511      353       59
2       2         5798     1210       52      482      541      642      212       75      202     2246      136
3       3         6461      180     1750       51       76      494     1025      617     1516      107      645
4       4         8058      744      382      762      208     2092      869     2355      286      284       76
5       5         3282      124      248      877      200       61      334      347      384      362      345
6       6         9048      101      236     1210     1697       63      201      966     1367     1102     2105
7       7         2138       50      269      259      153       91      513       50      180      339      234
8       8         5453     1898      868      402      522      146      800      143       50       86      538
9       9         2662      187      210       56      565      747      195      118       85       59      440

================================================================================
 라운드별 글로벌 모델 정확도
================================================================================
Round	Accuracy
1	0.101
2	0.344
3	0.5817
4	0.683
5	0.7178
6	0.7285
7	0.7445
8	0.7503
9	0.7622
10	0.7555
11	0.7682
12	0.7648
13	0.7716
14	0.773
15	0.7743
16	0.7724
17	0.7724
18	0.7678
19	0.7709
20	0.7708
21	0.7699
22	0.7721
23	0.7737
24	0.7714
25	0.773
26	0.7717
27	0.7725
28	0.7733
29	0.7729
30	0.7731
31	0.769
32	0.7721
33	0.773
34	0.772
35	0.768
36	0.7701
37	0.7703
38	0.7713
39	0.7721
40	0.7709
41	0.7705
42	0.7695
43	0.7698
44	0.7712
45	0.7712
46	0.7735
47	0.7722
48	0.7721
49	0.7759
50	0.7708
51	0.7717
52	0.7693
53	0.7722
54	0.7727
55	0.7682
56	0.7668
57	0.7668
58	0.7691
59	0.7704
60	0.7732
61	0.7709
62	0.7744
63	0.77
64	0.7721
65	0.7712
66	0.771
67	0.7705
68	0.771
69	0.7711
70	0.774
71	0.7749
72	0.7744
73	0.7745
74	0.7735
75	0.7743
76	0.7741
77	0.7732
78	0.7735
79	0.7723
80	0.7722
81	0.7719
82	0.7725
83	0.7736
84	0.7725
85	0.7739
86	0.7728
87	0.7729
88	0.7714
89	0.771
90	0.7725
91	0.7702
92	0.7704
93	0.7713
94	0.772
95	0.775
96	0.7703
97	0.7708
98	0.7696
99	0.7664
100	0.7702


================================================================================
 라운드별 모델 합성 가중치
================================================================================
           client_0_weight  client_1_weight  client_2_weight  client_3_weight  client_4_weight  client_5_weight  client_6_weight  client_7_weight  client_8_weight  client_9_weight
Round 1                0.1              0.1              0.1              0.1              0.1              0.1              0.1              0.1              0.1              0.1
Round 2                0.1              0.1              0.1              0.1              0.1              0.1              0.1              0.1              0.1              0.1
Round 3                0.1              0.1              0.1              0.1              0.1              0.1              0.1              0.1              0.1              0.1
Round 4                0.1              0.1              0.1              0.1              0.1              0.1              0.1              0.1              0.1              0.1
Round 5                0.1              0.1              0.1              0.1              0.1              0.1              0.1              0.1              0.1              0.1
Round 6                0.1              0.1              0.1              0.1              0.1              0.1              0.1              0.1              0.1              0.1
Round 7                0.1              0.1              0.1              0.1              0.1              0.1              0.1              0.1              0.1              0.1
Round 8                0.1              0.1              0.1              0.1              0.1              0.1              0.1              0.1              0.1              0.1
Round 9                0.1              0.1              0.1              0.1              0.1              0.1              0.1              0.1              0.1              0.1
Round 10               0.1              0.1              0.1              0.1              0.1              0.1              0.1              0.1              0.1              0.1
Round 11               0.1              0.1              0.1              0.1              0.1              0.1              0.1              0.1              0.1              0.1
Round 12               0.1              0.1              0.1              0.1              0.1              0.1              0.1              0.1              0.1              0.1
Round 13               0.1              0.1              0.1              0.1              0.1              0.1              0.1              0.1              0.1              0.1
Round 14               0.1              0.1              0.1              0.1              0.1              0.1              0.1              0.1              0.1              0.1
Round 15               0.1              0.1              0.1              0.1              0.1              0.1              0.1              0.1              0.1              0.1
Round 16               0.1              0.1              0.1              0.1              0.1              0.1              0.1              0.1              0.1              0.1
Round 17               0.1              0.1              0.1              0.1              0.1              0.1              0.1              0.1              0.1              0.1
Round 18               0.1              0.1              0.1              0.1              0.1              0.1              0.1              0.1              0.1              0.1
Round 19               0.1              0.1              0.1              0.1              0.1              0.1              0.1              0.1              0.1              0.1
Round 20               0.1              0.1              0.1              0.1              0.1              0.1              0.1              0.1              0.1              0.1
Round 21               0.1              0.1              0.1              0.1              0.1              0.1              0.1              0.1              0.1              0.1
Round 22               0.1              0.1              0.1              0.1              0.1              0.1              0.1              0.1              0.1              0.1
Round 23               0.1              0.1              0.1              0.1              0.1              0.1              0.1              0.1              0.1              0.1
Round 24               0.1              0.1              0.1              0.1              0.1              0.1              0.1              0.1              0.1              0.1
Round 25               0.1              0.1              0.1              0.1              0.1              0.1              0.1              0.1              0.1              0.1
Round 26               0.1              0.1              0.1              0.1              0.1              0.1              0.1              0.1              0.1              0.1
Round 27               0.1              0.1              0.1              0.1              0.1              0.1              0.1              0.1              0.1              0.1
Round 28               0.1              0.1              0.1              0.1              0.1              0.1              0.1              0.1              0.1              0.1
Round 29               0.1              0.1              0.1              0.1              0.1              0.1              0.1              0.1              0.1              0.1
Round 30               0.1              0.1              0.1              0.1              0.1              0.1              0.1              0.1              0.1              0.1
Round 31               0.1              0.1              0.1              0.1              0.1              0.1              0.1              0.1              0.1              0.1
Round 32               0.1              0.1              0.1              0.1              0.1              0.1              0.1              0.1              0.1              0.1
Round 33               0.1              0.1              0.1              0.1              0.1              0.1              0.1              0.1              0.1              0.1
Round 34               0.1              0.1              0.1              0.1              0.1              0.1              0.1              0.1              0.1              0.1
Round 35               0.1              0.1              0.1              0.1              0.1              0.1              0.1              0.1              0.1              0.1
Round 36               0.1              0.1              0.1              0.1              0.1              0.1              0.1              0.1              0.1              0.1
Round 37               0.1              0.1              0.1              0.1              0.1              0.1              0.1              0.1              0.1              0.1
Round 38               0.1              0.1              0.1              0.1              0.1              0.1              0.1              0.1              0.1              0.1
Round 39               0.1              0.1              0.1              0.1              0.1              0.1              0.1              0.1              0.1              0.1
Round 40               0.1              0.1              0.1              0.1              0.1              0.1              0.1              0.1              0.1              0.1
Round 41               0.1              0.1              0.1              0.1              0.1              0.1              0.1              0.1              0.1              0.1
Round 42               0.1              0.1              0.1              0.1              0.1              0.1              0.1              0.1              0.1              0.1
Round 43               0.1              0.1              0.1              0.1              0.1              0.1              0.1              0.1              0.1              0.1
Round 44               0.1              0.1              0.1              0.1              0.1              0.1              0.1              0.1              0.1              0.1
Round 45               0.1              0.1              0.1              0.1              0.1              0.1              0.1              0.1              0.1              0.1
Round 46               0.1              0.1              0.1              0.1              0.1              0.1              0.1              0.1              0.1              0.1
Round 47               0.1              0.1              0.1              0.1              0.1              0.1              0.1              0.1              0.1              0.1
Round 48               0.1              0.1              0.1              0.1              0.1              0.1              0.1              0.1              0.1              0.1
Round 49               0.1              0.1              0.1              0.1              0.1              0.1              0.1              0.1              0.1              0.1
Round 50               0.1              0.1              0.1              0.1              0.1              0.1              0.1              0.1              0.1              0.1
Round 51               0.1              0.1              0.1              0.1              0.1              0.1              0.1              0.1              0.1              0.1
Round 52               0.1              0.1              0.1              0.1              0.1              0.1              0.1              0.1              0.1              0.1
Round 53               0.1              0.1              0.1              0.1              0.1              0.1              0.1              0.1              0.1              0.1
Round 54               0.1              0.1              0.1              0.1              0.1              0.1              0.1              0.1              0.1              0.1
Round 55               0.1              0.1              0.1              0.1              0.1              0.1              0.1              0.1              0.1              0.1
Round 56               0.1              0.1              0.1              0.1              0.1              0.1              0.1              0.1              0.1              0.1
Round 57               0.1              0.1              0.1              0.1              0.1              0.1              0.1              0.1              0.1              0.1
Round 58               0.1              0.1              0.1              0.1              0.1              0.1              0.1              0.1              0.1              0.1
Round 59               0.1              0.1              0.1              0.1              0.1              0.1              0.1              0.1              0.1              0.1
Round 60               0.1              0.1              0.1              0.1              0.1              0.1              0.1              0.1              0.1              0.1
Round 61               0.1              0.1              0.1              0.1              0.1              0.1              0.1              0.1              0.1              0.1
Round 62               0.1              0.1              0.1              0.1              0.1              0.1              0.1              0.1              0.1              0.1
Round 63               0.1              0.1              0.1              0.1              0.1              0.1              0.1              0.1              0.1              0.1
Round 64               0.1              0.1              0.1              0.1              0.1              0.1              0.1              0.1              0.1              0.1
Round 65               0.1              0.1              0.1              0.1              0.1              0.1              0.1              0.1              0.1              0.1
Round 66               0.1              0.1              0.1              0.1              0.1              0.1              0.1              0.1              0.1              0.1
Round 67               0.1              0.1              0.1              0.1              0.1              0.1              0.1              0.1              0.1              0.1
Round 68               0.1              0.1              0.1              0.1              0.1              0.1              0.1              0.1              0.1              0.1
Round 69               0.1              0.1              0.1              0.1              0.1              0.1              0.1              0.1              0.1              0.1
Round 70               0.1              0.1              0.1              0.1              0.1              0.1              0.1              0.1              0.1              0.1
Round 71               0.1              0.1              0.1              0.1              0.1              0.1              0.1              0.1              0.1              0.1
Round 72               0.1              0.1              0.1              0.1              0.1              0.1              0.1              0.1              0.1              0.1
Round 73               0.1              0.1              0.1              0.1              0.1              0.1              0.1              0.1              0.1              0.1
Round 74               0.1              0.1              0.1              0.1              0.1              0.1              0.1              0.1              0.1              0.1
Round 75               0.1              0.1              0.1              0.1              0.1              0.1              0.1              0.1              0.1              0.1
Round 76               0.1              0.1              0.1              0.1              0.1              0.1              0.1              0.1              0.1              0.1
Round 77               0.1              0.1              0.1              0.1              0.1              0.1              0.1              0.1              0.1              0.1
Round 78               0.1              0.1              0.1              0.1              0.1              0.1              0.1              0.1              0.1              0.1
Round 79               0.1              0.1              0.1              0.1              0.1              0.1              0.1              0.1              0.1              0.1
Round 80               0.1              0.1              0.1              0.1              0.1              0.1              0.1              0.1              0.1              0.1
Round 81               0.1              0.1              0.1              0.1              0.1              0.1              0.1              0.1              0.1              0.1
Round 82               0.1              0.1              0.1              0.1              0.1              0.1              0.1              0.1              0.1              0.1
Round 83               0.1              0.1              0.1              0.1              0.1              0.1              0.1              0.1              0.1              0.1
Round 84               0.1              0.1              0.1              0.1              0.1              0.1              0.1              0.1              0.1              0.1
Round 85               0.1              0.1              0.1              0.1              0.1              0.1              0.1              0.1              0.1              0.1
Round 86               0.1              0.1              0.1              0.1              0.1              0.1              0.1              0.1              0.1              0.1
Round 87               0.1              0.1              0.1              0.1              0.1              0.1              0.1              0.1              0.1              0.1
Round 88               0.1              0.1              0.1              0.1              0.1              0.1              0.1              0.1              0.1              0.1
Round 89               0.1              0.1              0.1              0.1              0.1              0.1              0.1              0.1              0.1              0.1
Round 90               0.1              0.1              0.1              0.1              0.1              0.1              0.1              0.1              0.1              0.1
Round 91               0.1              0.1              0.1              0.1              0.1              0.1              0.1              0.1              0.1              0.1
Round 92               0.1              0.1              0.1              0.1              0.1              0.1              0.1              0.1              0.1              0.1
Round 93               0.1              0.1              0.1              0.1              0.1              0.1              0.1              0.1              0.1              0.1
Round 94               0.1              0.1              0.1              0.1              0.1              0.1              0.1              0.1              0.1              0.1
Round 95               0.1              0.1              0.1              0.1              0.1              0.1              0.1              0.1              0.1              0.1
Round 96               0.1              0.1              0.1              0.1              0.1              0.1              0.1              0.1              0.1              0.1
Round 97               0.1              0.1              0.1              0.1              0.1              0.1              0.1              0.1              0.1              0.1
Round 98               0.1              0.1              0.1              0.1              0.1              0.1              0.1              0.1              0.1              0.1
Round 99               0.1              0.1              0.1              0.1              0.1              0.1              0.1              0.1              0.1              0.1
Round 100              0.1              0.1              0.1              0.1              0.1              0.1              0.1              0.1              0.1              0.1

================================================================================
 라운드별 시간 측정 결과 (초)
================================================================================
           cli 0 train  cli 1 train  cli 2 train  cli 3 train  cli 4 train  cli 5 train  cli 6 train  cli 7 train  cli 8 train  cli 9 train  agg time  cli eval time  global eval time  total time
Round 1      23.225284    12.854436    33.370612    40.436237    26.430071    19.316072    56.762351     6.949741    33.483655     7.529115  0.343306              0          5.290457    5.634247
Round 2      22.043525    23.039741    24.140144    27.061236    33.603909    13.752218    48.561980    10.725842    30.444144    12.249303  0.253732              0          4.671881    4.925998
Round 3      25.147867    23.205687    39.267748    29.213489    52.049089    21.789320    29.585466    10.223178    36.942051    17.242569  0.288673              0          2.573499    2.862576
Round 4      25.045634    19.189094    29.223937    43.375644    53.508497    22.508284    57.416965    14.893758    37.354682    18.864243  0.296345              0          2.522104    2.818834
Round 5      25.660754    14.454802    38.838848    35.040103    34.045831    14.090163    51.577459    14.704218    26.028081    18.283424  0.256826              0          4.610669    4.867887
Round 6      15.883758    15.392104    28.230058    43.870342    34.326830    15.131815    46.941424     9.198354    37.538438    11.687414  0.248488              0          4.667094    4.915928
Round 7      24.857999    23.668814    36.178782    29.501117    45.879036    15.143087    27.967444    11.438005    36.845158    18.359165  0.235089              0          2.475602    2.711009
Round 8      25.185776    23.420876    39.670653    43.539961    51.871574    20.535613    38.916809    14.662843    37.107577    18.676775  0.234685              0          2.538008    2.772900
Round 9      15.859604    14.298903    24.920698    44.365673    42.204542    18.225914    61.470458    14.703787    29.543285    18.419882  0.289497              0          4.819357    5.109244
Round 10     25.911582    15.254564    28.028747    34.642851    42.160948    14.314439    41.630932    13.971377    23.222333    16.435695  0.245934              0          4.919318    5.165630
Round 11     25.728325    14.787637    25.097583    18.959450    54.648947    17.291467    47.883582    14.662731    36.879984    15.926163  0.239923              0          2.616245    2.856558
Round 12     25.372467    22.876207    39.563753    43.064595    49.201700    22.550951    61.064181    14.990286    37.143431    18.244620  0.313262              0          2.741218    3.054877
Round 13     16.109208    14.818146    76.906857    87.847350    33.310081    14.113204    94.613432    23.152111    41.495881    11.732935  0.306822              0          9.778321   10.085441
Round 14     25.073155    45.388725    51.313004    49.763186   101.422587    27.605339    98.810906    19.355596    75.100395    38.103104  0.272161              0         10.208332   10.480905
Round 15     51.110790    47.351624    56.200431    79.747459    79.523433    45.826298   110.330051    19.013108    40.762560    37.605103  0.261611              0          6.669749    6.931765
Round 16     45.829630    47.768089    61.347712    77.622607   103.410117    45.968252   112.677242    29.328367    74.500224    33.480503  0.309419              0          7.532360    7.842081
Round 17     51.376008    30.479901    54.070288    55.978143    83.659644    40.480544   123.447819    30.439003    75.531902    23.641848  0.260472              0         10.452506   10.713390
Round 18     33.364663    45.326849    76.910277    54.846447    79.672933    26.788807   108.932706    30.299773    49.906605    30.771940  0.368349              0         10.500233   10.868994
Round 19     40.534281    31.940365    62.543949    64.545732   101.512519    43.457337   112.535895    25.039430    48.600038    36.253080  0.273670              0          9.430011    9.704104
Round 20     29.449522    44.479768    68.354216    76.463676   110.986551    45.661317   120.428505    26.723692    65.585560    32.826720  0.376937              0          6.680326    7.057673
Round 21     51.707236    47.437784    73.000484    89.022745    79.625873    45.777960    93.043954    30.745933    74.834067    37.532521  0.289538              0          8.994038    9.283964
Round 22     51.381588    41.688591    80.289074    68.239376    83.317508    44.463498    87.219290    22.996123    53.168480    33.343190  0.285624              0          9.588361    9.874240
Round 23     35.257003    42.933702    74.433683    69.313547    78.911640    38.274494   113.991103    21.897358    56.355054    24.504128  0.308859              0          7.187707    7.496968
Round 24     52.284222    45.249666    79.566367    82.428704   104.465275    45.168172    83.707057    26.441626    62.990144    36.777980  0.340186              0          7.177790    7.518431
Round 25     42.563955    47.084677    63.690798    78.919590   111.159245    37.541437    91.236408    30.471878    75.623629    28.591550  0.288280              0          8.614977    8.903783
Round 26     42.748734    38.323162    63.152082    72.740642    88.278548    37.505186   115.819771    28.864453    72.891612    31.076808  0.294954              0         10.298542   10.593881
Round 27     42.797042    42.008500    65.915350    69.337377    97.262822    37.979314   101.465725    25.619840    60.234246    36.821661  0.344085              0          9.797559   10.141947
Round 28     43.000470    48.212863    66.618095    63.785451    86.041172    38.251112   121.615928    30.342079    69.344123    29.225324  0.257920              0          8.999817    9.258015
Round 29     52.615168    33.444009    77.298071    81.580820    91.075945    37.440727   110.917557    25.725660    61.990773    32.388131  0.246029              0          8.540281    8.786556
Round 30     49.804323    46.858465    73.679609    83.981027    94.967253    46.247388    89.963599    24.720791    61.786420    26.142206  0.307864              0          9.858834   10.166985
Round 31     44.740240    39.506944    65.802261    76.485649    89.394687    38.436249   103.038498    25.710874    64.184023    31.194437  0.281910              0          8.299248    8.581738
Round 32     39.712826    35.116720    75.779522    81.413579    90.660434    37.374002   114.262033    25.370113    57.749861    38.473357  0.320668              0          9.462899    9.783984
Round 33     42.637419    41.064726    71.557651    65.944618    89.652545    39.379282   100.836051    28.509170    63.262422    31.066889  0.311041              0         10.575541   10.886994
Round 34     41.991425    36.517919    63.954547    64.006905   104.749120    32.554751    99.004793    25.113201    73.869640    32.138031  0.298589              0          8.384803    8.683858
Round 35     51.497179    47.505594    66.718261    79.582516    83.842600    37.064039    90.736215    21.282694    68.093665    32.767641  0.301306              0          8.243782    8.545491
Round 36     42.413228    48.505877    54.383388    89.896179   104.510498    38.439645   112.427149    23.698803    51.704820    37.619385  0.282995              0          9.447135    9.730680
Round 37     35.916005    42.517792    61.484461    70.824645    81.640971    37.697505   112.970467    22.811494    57.314111    37.902339  0.285404              0          9.473581    9.759410
Round 38     49.269722    45.390004    79.966588    55.911246    87.804463    34.654198    97.269974    20.938693    75.630316    25.937389  0.300488              0          6.720345    7.021213
Round 39     43.973890    44.431244    52.541532    82.260322   111.260891    37.933190   117.047350    30.587597    76.139654    31.685187  0.257799              0          6.671174    6.929671
Round 40     52.331411    41.464331    80.948357    82.400398   105.761061    34.582748   117.155116    30.522030    59.123807    30.743861  0.274697              0         10.049705   10.324612
Round 41     40.617861    42.690815    64.738505    71.592353   100.567104    29.129187    91.461982    30.291962    66.221249    30.967306  0.324304              0         10.274383   10.599060
Round 42     38.200990    47.829504    46.566537    88.318600    71.733915    39.565928    88.972402    17.341365    70.542627    31.658320  0.333806              0         10.238209   10.572450
Round 43     45.587621    47.894538    81.208840    89.967732    72.342341    45.840179    94.751691    22.472135    71.527233    37.840853  0.266354              0          6.656557    6.923198
Round 44     36.973193    45.691210    77.256452    81.294493    95.921018    45.753178   107.810163    30.680725    70.753628    38.555843  0.262877              0          8.081304    8.344624
Round 45     51.883637    39.016032    53.176584    52.916063   110.557106    26.170102    81.609365    24.315571    71.706404    33.331560  0.331978              0         10.471503   10.803867
Round 46     38.653636    40.868658    79.923071    49.023370    87.650167    25.469900   118.402661    19.088477    43.194436    17.334701  0.281158              0         10.403698   10.685278
Round 47     37.450975    47.647613    70.422421    89.660696    99.226104    29.453412    86.995323    30.654761    71.835000    38.416085  0.336159              0          6.502495    6.839060
Round 48     51.478952    47.932166    58.856533    68.129404   108.221814    46.027569   119.587413    28.043287    75.889477    36.893494  0.312431              0          9.480567    9.793524
Round 49     35.519081    33.403227    49.272122    90.378719    64.037983    43.020440   125.739148    19.428023    50.387900    37.926063  0.295305              0         10.279658   10.575345
Round 50     42.391812    30.551107    53.426023    64.550301   109.331745    32.055655   109.955299    30.053467    49.311229    26.114821  0.315585              0         10.463030   10.779035
Round 51     52.362743    47.816787    73.914638    89.121452   103.202594    42.674214    71.553251    30.678565    68.769731    38.232490  0.304874              0          6.364264    6.669636
Round 52     52.704344    36.490503    64.881970    90.100279    90.854200    46.291866   123.549505    30.855878    67.808044    38.494620  0.309956              0          8.273493    8.583857
Round 53     29.652224    27.595266    63.332518    88.754965    84.465482    23.708201   126.094314    19.658920    77.282511    36.881977  0.261638              0          9.426472    9.688576
Round 54     34.296286    41.399260    64.433311    66.281036    78.443741    39.310372    92.077754    27.174921    60.231943    28.512413  0.282549              0          9.694033    9.976993
Round 55     53.019452    45.237079    71.080541    82.270386   101.876086    37.989614    64.681983    24.517699    76.741989    38.178572  0.260797              0          7.651248    7.912474
Round 56     52.943463    47.629888    81.435407    74.405270   109.318440    46.736803    99.181148    30.971588    60.325388    37.845301  0.356255              0          7.992358    8.348929
Round 57     35.011077    48.046369    73.555493    68.467617    90.367344    43.331285   115.116558    21.303561    70.648019    29.071649  0.279145              0          9.279118    9.558697
Round 58     43.450909    40.329000    64.317768    65.127589    81.992149    38.500035   106.034231    25.383334    62.406898    33.859804  0.309271              0         10.294002   10.603677
Round 59     34.378752    39.150528    62.062438    80.511495    75.894219    46.243000   122.412132    24.071589    75.946822    38.718518  0.294279              0          8.656234    8.950946
Round 60     37.481905    40.387290    67.514103    75.768368   112.802193    47.262723   109.426343    30.791691    76.497157    29.011032  0.260722              0          8.421283    8.682407
Round 61     44.888447    40.224216    70.538292    72.015652   103.821916    38.281921   113.047333    24.705007    60.640862    31.122745  0.307329              0          8.877843    9.185626
Round 62     43.782860    38.235197    65.364296    75.345775    92.183657    37.209151   102.459142    25.088131    58.678983    33.843137  0.336271              0         10.077888   10.414605
Round 63     35.996419    40.088309    59.551036    83.924091    90.128224    41.956713   114.594246    25.675894    64.439017    28.657422  0.346126              0          8.871366    9.217916
Round 64     42.447350    38.556110    81.965518    68.110637   112.657200    44.876499    94.372994    24.586566    55.824530    32.761635  0.251194              0          9.310064    9.561657
Round 65     52.458024    41.406065    67.378405    74.638004   101.878965    43.864621   102.778240    26.974085    63.704553    31.642928  0.353836              0          8.685782    9.040032
Round 66     53.166258    36.068925    74.703454    79.984427    87.763761    37.810446    97.485812    24.974768    69.532280    37.260803  0.309905              0          9.254857    9.565171
Round 67     43.146513    35.625187    58.148298    72.486880    95.925859    38.564899    93.296145    25.001068    67.652994    31.006052  0.342590              0          8.762878    9.105999
Round 68     35.996451    45.863326    75.073788    69.945780    97.925723    37.344182    92.944111    25.453945    70.925653    33.329589  0.311299              0          9.278109    9.589878
Round 69     41.661224    39.492271    59.655211    76.983109    89.448128    35.252950    87.784388    25.716091    58.861909    30.528280  0.297250              0         10.473202   10.770869
Round 70     50.783588    40.148118    64.629081    71.438756    86.914205    36.217279    97.777670    24.490334    60.772092    37.205011  0.254986              0          8.194085    8.449285
Round 71     46.364839    45.023913    64.166242    67.642282   101.309821    38.137462   102.952955    25.062802    59.510721    35.933001  0.323013              0          8.256694    8.580141
Round 72     48.667974    44.963637    73.578061    84.115448    88.676714    43.819470    88.136376    20.886950    46.527948    32.492272  0.248903              0          8.884529    9.133679
Round 73     36.717065    37.028292    55.412431    53.939408    72.041198    39.062667    87.089787    28.476478    61.363363    29.502686  0.322885              0         10.056098   10.379374
Round 74     45.324200    40.731585    65.958614    51.352163    98.202777    29.954102    75.764161    26.494645    62.113261    35.369241  0.287393              0          8.695580    8.983535
Round 75     44.900830    43.400633    53.784360    82.709295   103.190954    36.239313   112.320009    23.790345    53.358045    24.960324  0.287321              0          6.227371    6.515072
Round 76     43.078619    28.752593    46.739127    74.401814    63.541652    28.216126   113.131743    17.446495    69.562033    30.140047  0.294642              0          7.969391    8.264450
Round 77     30.790881    27.478873    46.220438    73.384657    63.222332    23.979572    98.946199    28.193347    47.868438    34.760700  0.340769              0          8.253904    8.595047
Round 78     47.438772    43.902221    52.944945    82.435193   102.124834    42.092230    63.603365    27.485842    68.805134    34.751104  0.380962              0          4.463588    4.844938
Round 79     47.246924    43.552666    73.599756    68.223180    99.566328    42.146088    93.600690    27.696804    40.168679    18.643876  0.310671              0          6.919575    7.230510
Round 80     32.366875    40.099584    65.127683    54.308937    95.282196    41.727539    74.355175    17.774642    58.658191    21.217656  0.293593              0          9.737057   10.030925
Round 81     32.433900    43.427535    53.832700    55.835953    98.871128    27.478177    97.670513    17.562047    43.700728    23.471312  0.271879              0          7.835377    8.107661
Round 82     29.930984    42.578510    72.115206    80.687136    99.995033    28.336482    92.624931    27.861933    65.888932    26.605316  0.279488              0          5.826970    6.106878
Round 83     45.028798    38.799871    71.174644    66.157892    87.362838    29.505256   105.785587    23.430236    55.602027    23.662388  0.295666              0          8.318585    8.614820
Round 84     33.897588    34.969030    57.757883    66.618244    91.720349    26.580506    83.213696    27.156267    52.047973    26.247498  0.333945              0          9.816843   10.151323
Round 85     32.721194    31.129350    60.476055    75.417969    60.435757    33.899364   102.887751    22.055087    47.447733    16.203773  0.272705              0          9.975535   10.248664
Round 86     37.983958    35.916700    58.165868    54.413805    98.414649    41.115113   108.062742    26.944094    66.015459    30.220512  0.288330              0          6.281590    6.570326
Round 87     46.681158    37.462136    71.816890    66.849777    79.631662    32.137244    91.361354    27.161462    59.449259    33.482760  0.295536              0          7.997756    8.293532
Round 88     38.362719    42.958349    48.359244    52.130642    95.927148    24.247330    77.032340    22.359868    59.162811    33.358817  0.317566              0          9.729197   10.047161
Round 89     33.311780    29.788822    60.461546    61.839776    69.531709    37.964269    90.685511    18.897230    55.926165    20.628625  0.282535              0          9.704957    9.987867
Round 90     43.495726    35.565079    59.243434    65.908703    87.336717    33.926865    91.301536    20.413543    55.306755    28.063826  0.291364              0          7.957959    8.249722
Round 91     37.447489    35.999105    61.127992    67.738653    94.462201    28.625208   105.154036    18.714202    52.129607    28.929454  0.311169              0          8.269302    8.580855
Round 92     33.605013    42.639231    59.152201    79.247545    89.411920    29.099351    90.815757    20.904717    47.624398    27.786406  0.319402              0          8.746738    9.066643
Round 93     37.888689    34.885884    58.768063    56.715006    77.134833    34.156891    86.006917    21.995633    58.897223    23.460738  0.322895              0          7.318325    7.641644
Round 94     38.900728    36.581578    58.944190    77.485773    81.089714    33.147889    96.631533    24.952283    66.908581    26.867897  0.366238              0          8.143241    8.510087
Round 95     42.139882    34.806419    66.080046    51.410522    70.284112    32.579340   102.378942    21.870005    52.977704    27.252525  0.278415              0          9.026406    9.305334
Round 96     41.352230    30.020047    67.939001    63.931893    83.027614    33.818564    88.943671    19.317913    57.011543    33.738346  0.327046              0          6.770344    7.097896
Round 97     37.600165    32.129726    71.509305    75.433134    80.897206    41.922857    94.228984    23.100055    54.714434    18.276959  0.295764              0          7.845989    8.142088
Round 98     40.237179    38.968703    61.386005    63.278419    81.424902    34.063020    89.954841    22.179271    54.768754    28.865793  0.300820              0          9.645028    9.946249
Round 99     37.752828    40.117177    60.228909    59.134764    71.973572    34.066429    91.329236    22.972252    60.534313    29.125672  0.354449              0          8.890982    9.245825
Round 100    46.983594    42.074604    60.893638    78.251152    65.913164    42.096199    87.139968    17.903502    67.873498    33.568499  0.297957              0          8.572949    8.871197

총 시뮬레이션 시간: 838.79초

================================================================================
 시뮬레이션 파라미터
================================================================================
NUM_CLIENTS: 10
NUM_ROUNDS: 100
LOCAL_EPOCHS: 5
DIRICHLET_ALPHA: 0.5
MIN_SAMPLES_PER_CLASS: 50
RANDOM_SEED: 42
NUM_COMMITTEE_MEMBERS: 3
EWMA_BETA: 0.9
NUM_NOISE_ATTACKERS: 0
NUM_DATAF_ATTACKERS: 1
COMMITTEE_EVAL_SKIPPED: True
