================================================================================
 데이터 분할 현황
================================================================================
   Client  Num Samples  Class 0  Class 1  Class 2  Class 3  Class 4  Class 5  Class 6  Class 7  Class 8  Class 9
0       0         3586       19      973      682      126      333      349      254      412       23      415
1       1         3257      444       10      210      915      301      490       15      512      340       20
2       2         5869     1274       12      481      545      655      186       37      175     2401      103
3       3         6591      152     1860       11       39      494     1070      628     1607       72      658
4       4         8328      766      372      785      182     2233      902     2518      267      265       38
5       5         3130       90      226      911      173       22      319      333      374      350      332
6       6         9407       65      213     1272     1803       24      175     1008     1444     1155     2248
7       7         1884       10      249      238      122       55      514       10      151      325      210
8       8         5490     2020      900      393      524      114      827      112       10       49      541
9       9         2458      160      185       17      571      769      168       85       48       20      435

================================================================================
 라운드별 글로벌 모델 정확도
================================================================================
       Overall_Accuracy
Round                  
1                0.1051
2                0.3675
3                0.5876
4                0.6535
5                0.6894
6                0.7137
7                0.7370
8                0.7482
9                0.7525
10               0.7620
11               0.7662
12               0.7728
13               0.7770
14               0.7811
15               0.7829
16               0.7826
17               0.7866
18               0.7841
19               0.7883
20               0.7835
21               0.7861
22               0.7857
23               0.7860
24               0.7867
25               0.7911
26               0.7866
27               0.7852
28               0.7862
29               0.7876
30               0.7882
31               0.7861

================================================================================
 라운드별 모델 합성 가중치
================================================================================
          client_0_weight  client_1_weight  client_2_weight  client_3_weight  client_4_weight  client_5_weight  client_6_weight  client_7_weight  client_8_weight  client_9_weight
Round 1               0.1              0.1              0.1              0.1              0.1              0.1              0.1              0.1              0.1              0.1
Round 2               0.1              0.1              0.1              0.1              0.1              0.1              0.1              0.1              0.1              0.1
Round 3               0.1              0.1              0.1              0.1              0.1              0.1              0.1              0.1              0.1              0.1
Round 4               0.1              0.1              0.1              0.1              0.1              0.1              0.1              0.1              0.1              0.1
Round 5               0.1              0.1              0.1              0.1              0.1              0.1              0.1              0.1              0.1              0.1
Round 6               0.1              0.1              0.1              0.1              0.1              0.1              0.1              0.1              0.1              0.1
Round 7               0.1              0.1              0.1              0.1              0.1              0.1              0.1              0.1              0.1              0.1
Round 8               0.1              0.1              0.1              0.1              0.1              0.1              0.1              0.1              0.1              0.1
Round 9               0.1              0.1              0.1              0.1              0.1              0.1              0.1              0.1              0.1              0.1
Round 10              0.1              0.1              0.1              0.1              0.1              0.1              0.1              0.1              0.1              0.1
Round 11              0.1              0.1              0.1              0.1              0.1              0.1              0.1              0.1              0.1              0.1
Round 12              0.1              0.1              0.1              0.1              0.1              0.1              0.1              0.1              0.1              0.1
Round 13              0.1              0.1              0.1              0.1              0.1              0.1              0.1              0.1              0.1              0.1
Round 14              0.1              0.1              0.1              0.1              0.1              0.1              0.1              0.1              0.1              0.1
Round 15              0.1              0.1              0.1              0.1              0.1              0.1              0.1              0.1              0.1              0.1
Round 16              0.1              0.1              0.1              0.1              0.1              0.1              0.1              0.1              0.1              0.1
Round 17              0.1              0.1              0.1              0.1              0.1              0.1              0.1              0.1              0.1              0.1
Round 18              0.1              0.1              0.1              0.1              0.1              0.1              0.1              0.1              0.1              0.1
Round 19              0.1              0.1              0.1              0.1              0.1              0.1              0.1              0.1              0.1              0.1
Round 20              0.1              0.1              0.1              0.1              0.1              0.1              0.1              0.1              0.1              0.1
Round 21              0.1              0.1              0.1              0.1              0.1              0.1              0.1              0.1              0.1              0.1
Round 22              0.1              0.1              0.1              0.1              0.1              0.1              0.1              0.1              0.1              0.1
Round 23              0.1              0.1              0.1              0.1              0.1              0.1              0.1              0.1              0.1              0.1
Round 24              0.1              0.1              0.1              0.1              0.1              0.1              0.1              0.1              0.1              0.1
Round 25              0.1              0.1              0.1              0.1              0.1              0.1              0.1              0.1              0.1              0.1
Round 26              0.1              0.1              0.1              0.1              0.1              0.1              0.1              0.1              0.1              0.1
Round 27              0.1              0.1              0.1              0.1              0.1              0.1              0.1              0.1              0.1              0.1
Round 28              0.1              0.1              0.1              0.1              0.1              0.1              0.1              0.1              0.1              0.1
Round 29              0.1              0.1              0.1              0.1              0.1              0.1              0.1              0.1              0.1              0.1
Round 30              0.1              0.1              0.1              0.1              0.1              0.1              0.1              0.1              0.1              0.1
Round 31              0.1              0.1              0.1              0.1              0.1              0.1              0.1              0.1              0.1              0.1

================================================================================
 라운드별 시간 측정 결과 (초)
================================================================================
          cli 0 train  cli 1 train  cli 2 train  cli 3 train  cli 4 train  cli 5 train  cli 6 train  cli 7 train  cli 8 train  cli 9 train  agg time  cli eval time  global eval time  total time
Round 1      5.621547     4.225342     7.621958     6.739493     9.094190     3.773052     8.574315     2.242399     5.790422     3.323892  0.329710              0          2.696910    3.027074
Round 2      2.691415     3.735357     6.955412     7.587604     9.796124     3.429580    11.164528     2.334286     6.648733     3.417345  0.266904              0          2.289646    2.556957
Round 3      4.116077     3.743955     6.861468     7.772843    10.697851     3.665708    10.796211     1.915665     7.145152     2.998865  0.232028              0          2.309390    2.541893
Round 4      4.922520     4.267291     6.847740     9.653608     8.143123     3.645246    10.593474     2.611350     7.052454     3.396572  0.229736              0          2.301381    2.531346
Round 5      4.319361     3.761034     6.936499     7.849507    11.787129     3.775593    10.552540     2.417632     6.302718     3.094116  0.224530              0          2.281526    2.506291
Round 6      4.186037     4.418303     8.525738     8.541174    10.470267     3.933770    11.657082     2.145543     6.890817     3.082609  0.243679              0          2.328327    2.572395
Round 7      4.462051     4.776487     5.791547     7.290766    10.623567     3.681794    12.190245     1.915313     7.190396     3.662046  0.274509              0          2.329772    2.604665
Round 8      5.001601     4.708941     8.372795     8.257080    11.868124     3.504109    10.125011     1.968020     8.047161     2.674351  0.292413              0          2.373559    2.666386
Round 9      3.705538     3.309602     7.951686     7.694777    11.380154     3.024471    11.440713     1.806257     6.668566     4.044783  0.226355              0          2.301440    2.528023
Round 10     5.108631     4.710782     7.411976     6.551979     9.474685     3.686906    10.557659     2.840362     7.500917     3.291652  0.255697              0          2.286942    2.543016
Round 11     5.014811     4.846173     8.237738     5.479047    10.579608     4.686558    10.221064     2.395122     5.953197     2.744233  0.229300              0          2.282689    2.512206
Round 12     4.816310     3.660774     8.463961     8.392798     9.182812     3.537939    10.355536     2.513332     6.129230     3.061949  0.231460              0          2.301779    2.533494
Round 13     4.332601     4.204407     6.939669     7.932714    10.082384     4.057972     9.497265     2.467357     7.886739     3.135367  0.243137              0          2.288785    2.532332
Round 14     4.909433     3.786388     6.319929     7.783248    10.792705     3.808555    12.084878     2.392857     6.882257     2.816246  0.240745              0          2.329354    2.570520
Round 15     3.941912     5.043663     7.342104     5.844751    11.268764     3.700901    11.813546     2.618446     6.548017     2.614247  0.222934              0          2.294656    2.517794
Round 16     5.137799     3.801548     7.868562     8.120450     9.759760     4.369656    10.250297     2.613924     7.307893     2.632854  0.239277              0          2.314435    2.554102
Round 17     4.382416     4.352894     6.627340     7.874337    11.952652     4.404862    11.590653     2.495059     6.264020     3.596784  0.249699              0          2.292002    2.542095
Round 18     4.561548     3.970423     7.515982     9.114083    10.094014     3.673742    12.294079     2.281689     4.594837     3.152594  0.229248              0          2.280840    2.510609
Round 19     4.159131     4.676634     6.739199     7.680403    10.359870     4.094030    13.305830     2.397158     6.679223     3.496002  0.276613              0          2.402978    2.679990
Round 20     4.163753     4.238551     7.335547     7.373981    11.485808     3.782779    11.856227     2.850626     6.361596     2.777894  0.244891              0          2.308151    2.553438
Round 21     3.993194     4.032558     6.950407     8.650371    10.922977     3.870943    11.860259     1.778108     6.792961     2.851474  0.263399              0          2.369805    2.633610
Round 22     4.519719     3.994661     7.266168     8.971736     9.887524     3.846208    12.198291     2.189762     6.813258     2.722179  0.238353              0          2.327408    2.566146
Round 23     4.540819     4.169268     7.657358     8.553262     7.735786     4.262715    12.191788     2.313093     7.413637     3.402917  0.244452              0          2.406299    2.651190
Round 24     5.244835     4.274072     6.516375     7.232900     9.237309     3.548803    11.037162     2.765952     7.236274     3.882720  0.268683              0          2.356376    2.625463
Round 25     4.816832     3.826969     6.546495     5.335111     9.977512     4.222311    12.513642     1.981566     6.503420     2.831084  0.224922              0          2.397514    2.622660
Round 26     4.600344     4.115062     7.398248     7.826173    11.501342     3.473124    11.975098     1.584633     6.681131     2.989552  0.237448              0          2.316637    2.554486
Round 27     4.080780     3.574335     8.336223     8.615845    10.513747     3.800950    10.721311     2.634862     7.588340     3.618880  0.244620              0          2.451038    2.696054
Round 28     3.867131     4.545156     8.428025     8.405174     9.321599     4.610812    11.459233     2.380858     7.244981     3.411763  0.238419              0          2.381528    2.620327
Round 29     4.712114     3.742868     7.137926     8.237601     9.686913     4.215819    12.313278     2.379525     6.540940     3.215748  0.228147              0          2.299312    2.527686
Round 30     4.526716     4.712302     7.299782     7.540172     9.117001     3.934414    11.326175     2.902929     7.383068     2.889490  0.229187              0          2.315221    2.544628
Round 31     4.430646     4.374429     8.223246     9.097187    10.156374     3.847008    10.477722     2.266087     5.942014     2.434768  0.257534              0          2.360558    2.618313

총 시뮬레이션 시간: 80.25초

================================================================================
 시뮬레이션 파라미터
================================================================================
NUM_CLIENTS: 10
NUM_ROUNDS: 50
LOCAL_EPOCHS: 2
DIRICHLET_ALPHA: 0.5
MIN_SAMPLES_PER_CLASS: 10
RANDOM_SEED: 42
NUM_COMMITTEE_MEMBERS: 3
EWMA_BETA: 0.3
CONTRIBUTION_SCALING_FACTOR: 1.5
NUM_NOISE_ATTACKERS: 0
NUM_DATAF_ATTACKERS: 0
DATAF_POISON_LEVEL: 0
COMMITTEE_EVAL_SKIPPED: True
