================================================================================
 데이터 분할 현황
================================================================================
   Client  Num Samples  Class 0  Class 1  Class 2  Class 3  Class 4  Class 5  Class 6  Class 7  Class 8  Class 9
0       0         3847      107      886      649      195      364      377      299      428      111      431
1       1         3575      454      100      263      839      337      491      104      509      370      108
2       2         5709     1131      102      484      537      627      244      122      235     2051      176
3       3         6301      216     1611      101      123      495      967      604     1405      150      629
4       4         7718      717      395      732      240     1916      828     2149      310      308      123
5       5         3473      165      276      835      233      110      353      364      397      378      362
6       6         8597      145      265     1131     1565      111      234      914     1270     1035     1927
7       7         2454      100      295      286      191      136      511      100      215      357      263
8       8         5403     1743      827      413      519      185      767      183      100      132      534
9       9         2923      222      243      106      558      719      228      161      131      108      447

================================================================================
 라운드별 글로벌 모델 정확도
================================================================================
       Overall_Accuracy  Poisoned_Acc([1,5,8])
Round                                         
1                0.1494                 0.0000
2                0.3549                 0.2230
3                0.5768                 0.4037
4                0.6181                 0.4810
5                0.6815                 0.6317
6                0.6957                 0.6260
7                0.7099                 0.6670
8                0.7331                 0.6873
9                0.7302                 0.6510
10               0.7510                 0.7313
11               0.7520                 0.7067
12               0.7563                 0.7153
13               0.7579                 0.7127
14               0.7652                 0.7203
15               0.7640                 0.7470
16               0.7615                 0.7160
17               0.7653                 0.7043
18               0.7694                 0.7347
19               0.7664                 0.7310
20               0.7733                 0.7417
21               0.7715                 0.7303
22               0.7740                 0.7700
23               0.7675                 0.7280
24               0.7653                 0.7090
25               0.7634                 0.7130
26               0.7639                 0.7217
27               0.7644                 0.7210
28               0.7622                 0.7073
29               0.7629                 0.7157
30               0.7623                 0.7133
31               0.7691                 0.7467
32               0.7582                 0.6977
33               0.7663                 0.7297
34               0.7585                 0.7043
35               0.7651                 0.7293
36               0.7667                 0.7393
37               0.7641                 0.7113
38               0.7635                 0.7180
39               0.7612                 0.7140
40               0.7662                 0.7307
41               0.7455                 0.6660
42               0.7683                 0.7370
43               0.7663                 0.7237
44               0.7509                 0.6757
45               0.7619                 0.7147
46               0.7573                 0.6903
47               0.7540                 0.6930
48               0.7570                 0.7013
49               0.7623                 0.7240
50               0.7544                 0.6953

================================================================================
 라운드별 모델 합성 가중치
================================================================================
          client_0_weight  client_1_weight  client_2_weight  client_3_weight  client_4_weight  client_5_weight  client_6_weight  client_7_weight  client_8_weight  client_9_weight
Round 1          0.124631         0.109863         0.088683         0.117608         0.136576         0.111430         0.133716         0.048396         0.059492         0.069606
Round 2          0.113990         0.091400         0.099106         0.122519         0.145560         0.116585         0.134509         0.045394         0.060912         0.070027
Round 3          0.113134         0.096386         0.120654         0.123467         0.131946         0.110714         0.131634         0.042127         0.061199         0.068739
Round 4          0.125226         0.091695         0.120681         0.122431         0.126749         0.109158         0.121812         0.048037         0.062179         0.072032
Round 5          0.118209         0.106738         0.119097         0.125459         0.119456         0.115788         0.116142         0.048369         0.065262         0.065480
Round 6          0.118266         0.120594         0.115797         0.129529         0.104830         0.115808         0.116369         0.052677         0.060654         0.065476
Round 7          0.124320         0.126361         0.111984         0.122328         0.101282         0.122736         0.108025         0.055363         0.060903         0.066697
Round 8          0.126678         0.126043         0.108813         0.120872         0.106044         0.119580         0.106382         0.054137         0.062345         0.069105
Round 9          0.127860         0.122588         0.109365         0.123105         0.106513         0.117738         0.103149         0.057020         0.061420         0.071242
Round 10         0.126830         0.121776         0.105751         0.121848         0.113829         0.117552         0.105481         0.054570         0.062709         0.069655
Round 11         0.120564         0.120508         0.108469         0.123739         0.113176         0.115834         0.108934         0.055530         0.063862         0.069384
Round 12         0.122840         0.119291         0.110250         0.122235         0.110299         0.115281         0.109626         0.057037         0.065629         0.067513
Round 13         0.121534         0.118066         0.110198         0.119136         0.113277         0.118362         0.108084         0.059248         0.064064         0.068032
Round 14         0.124058         0.116305         0.110891         0.117162         0.114502         0.120861         0.106293         0.060364         0.063029         0.066536
Round 15         0.122588         0.119250         0.108602         0.119240         0.113765         0.121177         0.106898         0.059275         0.061813         0.067393
Round 16         0.123691         0.121889         0.106304         0.118261         0.115014         0.123989         0.105760         0.057478         0.062895         0.064718
Round 17         0.126149         0.123513         0.107657         0.116632         0.111548         0.124604         0.105832         0.055852         0.063277         0.064937
Round 18         0.126351         0.125322         0.106764         0.119020         0.111698         0.125416         0.107510         0.052678         0.062973         0.062269
Round 19         0.127329         0.124791         0.108078         0.117955         0.112859         0.126002         0.104219         0.054506         0.062934         0.061329
Round 20         0.125353         0.126213         0.110501         0.118953         0.109739         0.127697         0.107643         0.049394         0.062102         0.062405
Round 21         0.124951         0.124378         0.114914         0.119071         0.111912         0.127487         0.109376         0.047544         0.060487         0.059882
Round 22         0.127760         0.126045         0.114910         0.119796         0.110128         0.129024         0.106513         0.047018         0.059693         0.059112
Round 23         0.128223         0.126813         0.114757         0.120432         0.106481         0.126906         0.107658         0.047877         0.058904         0.061949
Round 24         0.129073         0.120191         0.117353         0.119401         0.111877         0.127693         0.104764         0.048568         0.058082         0.062996
Round 25         0.129146         0.122339         0.117268         0.119547         0.111704         0.128048         0.107505         0.046046         0.057270         0.061127
Round 26         0.129345         0.124106         0.114672         0.120886         0.109050         0.126861         0.109447         0.047466         0.054511         0.063655
Round 27         0.128545         0.123504         0.115539         0.119209         0.111831         0.125802         0.109637         0.047455         0.054288         0.064190
Round 28         0.124426         0.124099         0.116728         0.119349         0.114606         0.125851         0.110008         0.049252         0.052331         0.063350
Round 29         0.124372         0.123474         0.118253         0.117375         0.113932         0.124894         0.110342         0.049231         0.053387         0.064741
Round 30         0.125020         0.124031         0.116117         0.117141         0.115190         0.123930         0.110974         0.050781         0.051322         0.065493
Round 31         0.126090         0.125223         0.118878         0.118080         0.116802         0.124431         0.104041         0.047500         0.053059         0.065896
Round 32         0.124626         0.126636         0.116790         0.118789         0.119399         0.125366         0.100536         0.046721         0.053559         0.067578
Round 33         0.125993         0.125483         0.118060         0.119478         0.107404         0.126085         0.105692         0.049863         0.053447         0.068495
Round 34         0.124793         0.125331         0.118978         0.119243         0.110621         0.125906         0.108067         0.047976         0.054900         0.064184
Round 35         0.123935         0.124374         0.117269         0.117126         0.110073         0.124735         0.108624         0.050634         0.057727         0.065504
Round 36         0.125574         0.125602         0.119183         0.116094         0.106085         0.126191         0.110485         0.050339         0.056833         0.063613
Round 37         0.121209         0.124498         0.119160         0.115571         0.109884         0.125031         0.111045         0.050802         0.057762         0.065038
Round 38         0.121852         0.123939         0.119273         0.116273         0.112760         0.124295         0.110569         0.053627         0.051199         0.066213
Round 39         0.122013         0.122712         0.119158         0.115813         0.114197         0.123678         0.110852         0.054532         0.049784         0.067262
Round 40         0.121803         0.122897         0.118836         0.115035         0.114198         0.123376         0.109997         0.054012         0.051985         0.067861
Round 41         0.121694         0.122839         0.118536         0.115765         0.114764         0.120579         0.110508         0.054026         0.054173         0.067115
Round 42         0.121704         0.122029         0.113247         0.115585         0.115561         0.121245         0.110766         0.055409         0.057017         0.067437
Round 43         0.122641         0.122935         0.114798         0.117019         0.115013         0.121980         0.104555         0.053705         0.058420         0.068935
Round 44         0.122509         0.122412         0.115190         0.116405         0.114804         0.121540         0.107144         0.052988         0.058821         0.068187
Round 45         0.122068         0.121573         0.115654         0.114736         0.115791         0.121031         0.107462         0.053738         0.059166         0.068781
Round 46         0.123350         0.123021         0.102798         0.114437         0.117307         0.122651         0.110413         0.054390         0.060626         0.071009
Round 47         0.122310         0.122210         0.107011         0.114537         0.116035         0.121754         0.110071         0.055549         0.060652         0.069870
Round 48         0.119489         0.122046         0.110889         0.114813         0.116107         0.120800         0.109983         0.054886         0.061529         0.069459
Round 49         0.120868         0.122848         0.112611         0.116236         0.109113         0.121999         0.111283         0.054923         0.060372         0.069745
Round 50         0.121912         0.123565         0.113836         0.117336         0.104858         0.122896         0.112327         0.052484         0.061460         0.069326

================================================================================
 라운드별 시간 측정 결과 (초)
================================================================================
          cli 0 train  cli 1 train  cli 2 train  cli 3 train  cli 4 train  cli 5 train  cli 6 train  cli 7 train  cli 8 train  cli 9 train  agg time  cli eval time  global eval time  total time
Round 1      5.185713     4.928395     6.702490     9.015278     9.211617     4.791649    11.087870     3.740736     7.601922     3.707471  0.592951      25.014171          2.466934   30.303606
Round 2      4.588269     4.394472     7.009545     7.361814     9.373549     5.241158    11.520325     3.342713     6.659799     3.886036  0.348296      24.822815          2.446238   29.730515
Round 3      5.426289     4.162740     7.252857     7.335783     8.608619     4.638685    12.092036     2.892072     7.175956     3.867095  0.347108      24.707513          2.484278   29.639708
Round 4      4.537112     4.225045     7.955771     8.337116     8.899529     4.810270    11.191545     3.425455     6.874041     4.014914  0.346641      24.774438          2.491498   29.619660
Round 5      4.992963     4.525187     6.627197     8.251441    10.354889     4.621057    11.260588     3.482979     7.516665     3.709183  0.351525      24.898680          2.483338   29.751121
Round 6      5.577683     4.848784     7.349091     8.535363     9.619883     4.314744     7.979775     3.480038     6.685619     3.891922  0.346329      24.628199          2.467206   29.434359
Round 7      5.712416     5.278923     6.226998     7.656674    10.716554     4.927980    11.189666     3.196385     6.491823     4.026592  0.355860      24.767840          2.540880   29.732268
Round 8      5.162205     3.631965     7.693770     8.827237     9.615609     4.733963    11.874050     3.013138     7.740713     3.755191  0.358919      24.868093          2.449008   29.693487
Round 9      5.217897     5.017227     7.101440     7.409034     9.493367     4.635090    10.865997     3.567631     7.544527     3.581481  0.352016      24.682778          2.464228   29.510331
Round 10     5.207597     4.650347     7.368422     7.972518     9.992741     4.996303    11.494735     2.240227     7.358170     3.757162  0.344552      24.996485          2.465720   29.838020
Round 11     4.408309     5.278630     7.540795     8.392262    10.354203     4.976143    10.414304     3.156889     7.489738     4.284067  0.345038      24.814175          2.456617   29.698507
Round 12     5.470113     5.203787     7.775535     8.617444     8.694059     4.487529    11.613960     3.094585     7.431490     3.509005  0.344936      25.055059          2.500352   29.932409
Round 13     5.646424     5.167163     7.774096     8.822428    10.031406     4.064272    11.835885     2.077433     6.917304     3.779216  0.351647      24.913850          2.460432   29.728938
Round 14     5.417823     5.279374     7.818625     8.622557    10.888399     4.205771     9.908200     3.241168     7.293443     4.035009  0.351647      24.705941          2.520070   29.617381
Round 15     5.210938     4.390752     8.025469     8.216459    10.002700     4.086525    11.606968     3.296082     7.406640     3.734681  0.343437      25.013474          2.450549   29.844909
Round 16     4.033964     4.929574     7.351730     8.468745     9.932811     4.556626    11.474550     3.504803     7.626774     3.810534  0.347500      25.039294          2.444316   29.843863
Round 17     5.178890     5.225062     8.011596     8.481701    10.218410     4.974830    10.944930     1.819560     6.939851     3.976553  0.340909      24.958169          2.514847   29.846827
Round 18     5.294342     4.774430     7.811150     8.168064     9.841715     4.720593    10.690098     3.542903     6.941318     4.031951  0.366773      24.825558          2.508421   29.841092
Round 19     5.330703     4.640613     7.889668     7.441520    10.067539     4.719155    11.776501     3.655204     7.167038     3.923832  0.344095      24.748761          2.456780   29.657677
Round 20     4.746754     4.206370     8.051139     9.210050     9.855039     4.982980    11.019810     3.540306     5.757107     3.574253  0.340447      24.903933          2.479306   29.716822
Round 21     5.096605     4.858335     7.976815     8.461931    10.336701     4.905952    10.350309     3.543139     7.553807     3.946148  0.353061      25.154374          2.507931   30.030615
Round 22     5.085595     4.926141     7.548568     8.175074     9.853878     4.413875    11.481424     3.171430     7.319159     4.155197  0.348458      24.978977          2.440600   29.771664
Round 23     4.793540     4.884465     7.279498     8.387774    10.377932     5.039346    11.305968     3.296572     7.016946     3.657796  0.378388      24.932307          2.509489   29.813187
Round 24     4.819806     5.048812     7.368603     7.944628     9.957868     4.892868    10.821684     3.149772     6.845846     3.916428  0.338306      24.814198          2.469630   29.623167
Round 25     5.370725     4.898958     7.480119     8.157095     8.773847     4.972371    10.593625     3.508450     7.513477     4.104738  0.345451      24.842852          2.444607   29.739135
Round 26     5.154449     4.558177     7.424527     8.892579     8.974758     4.497661     9.288636     3.491808     7.293419     4.434789  0.336501      25.150418          2.500854   29.987528
Round 27     5.636321     4.740301     6.792238     9.355428    10.321582     4.545362    11.215971     3.382090     7.183619     4.055544  0.349154      24.778913          2.445410   29.606625
Round 28     5.615341     4.116242     7.439978     8.408893     9.852948     5.051412    10.927610     3.528967     6.586296     2.889304  0.341677      24.725399          2.444986   29.498974
Round 29     2.980350     4.501212     7.535458     8.190426    10.444386     4.877066    11.956897     3.590375     6.992599     3.646499  0.341141      24.804641          2.452618   29.610252
Round 30     5.262745     4.435964     7.694958     8.559672    10.284803     5.103308    10.267125     3.674437     7.378102     3.885736  0.343211      24.704010          2.476976   29.633938
Round 31     4.924809     4.304146     8.233898     8.767864     9.514697     4.957108    11.016245     3.527729     6.625562     4.222579  0.360303      24.930389          2.447086   29.741234
Round 32     5.114018     4.523626     7.279858     8.716384     9.209128     4.579229    10.690800     3.652865     7.153253     3.910132  0.345465      24.759269          2.460154   29.607862
Round 33     5.096938     4.923293     8.008141     8.037995    10.144133     3.025992    10.661162     3.300920     6.981163     4.052894  0.340839      24.777068          2.460984   29.576182
Round 34     5.219637     4.839906     7.599538     7.584791    10.431323     4.602561    11.847422     3.174083     7.118307     2.704718  0.340464      24.874148          2.481023   29.769026
Round 35     5.296740     4.698359     6.839420     8.627563     8.046437     4.709891    11.287286     3.366199     7.800227     3.724245  0.346586      24.896050          2.466652   29.712123
Round 36     5.376975     4.565162     7.421321     8.596482    10.252832     4.967089    11.156489     3.184373     6.883460     3.554514  0.354874      24.819803          2.450999   29.622160
Round 37     5.181125     4.706336     7.388789     7.520877    10.489161     5.079229    10.987248     3.250268     7.302564     3.930145  0.345517      25.231277          2.458943   30.089933
Round 38     5.501881     4.971920     5.888561     8.310361    10.228550     4.400725    10.436285     3.482694     7.268601     3.764701  0.346892      24.956826          2.448040   29.732621
Round 39     5.271261     4.724201     7.210505     8.172370    10.559359     5.426304    10.436642     3.200296     5.517575     4.529199  0.342971      24.622698          2.457816   29.545730
Round 40     5.147303     4.997309     7.266463     7.804242    10.923023     4.460484    11.114239     3.434978     7.250096     4.345734  0.347595      24.951809          2.459875   29.795689
Round 41     4.695754     5.130377     7.427533     7.593107    10.644979     4.834710     9.227764     3.483806     7.456734     3.430560  0.346875      24.994578          2.448486   29.789290
Round 42     5.705976     4.788579     7.502117     7.557006    10.290574     4.813490    11.001382     3.603927     6.850162     3.483478  0.341474      25.016150          2.445413   29.833417
Round 43     5.182800     4.477649     7.866268     8.342550    10.225190     4.669051    11.264685     3.471533     6.521181     4.066346  0.347147      24.893561          2.500860   29.825874
Round 44     4.723719     4.950410     8.716806     7.512923     9.862863     4.660665    11.252161     3.348424     7.143054     3.459999  0.343225      25.007506          2.450336   29.816467
Round 45     5.460171     4.899062     7.840527     7.396332     9.803053     5.197524    11.167785     3.422802     7.938790     3.635691  0.341214      24.969848          2.569812   29.979038
Round 46     4.732858     4.314205     8.055950     9.170512    10.323244     4.587262    10.629294     3.349823     7.439096     3.961383  0.342429      24.962854          2.489709   29.787513
Round 47     4.138965     4.827921     7.461013     8.301609    10.622063     4.635804    11.754773     3.288418     7.434298     3.964583  0.346494      24.880417          2.484844   29.764253
Round 48     4.906088     5.161470     8.155397     8.477757    10.343972     4.630004    11.538888     3.066184     7.484875     4.325208  0.340751      24.915023          2.619588   29.888317
Round 49     5.076136     4.385023     7.978166     8.141743     8.250373     4.935532    11.408684     3.436970     8.095967     4.190849  0.348008      24.804018          2.521022   29.666048
Round 50     5.755051     4.832339     7.614385     7.534198    10.757988     4.550376    11.281421     2.933201     7.477548     3.393849  0.340144      24.868634          2.464254   29.734836

총 시뮬레이션 시간: 1487.57초

================================================================================
 시뮬레이션 파라미터
================================================================================
NUM_CLIENTS: 10
NUM_ROUNDS: 50
LOCAL_EPOCHS: 2
DIRICHLET_ALPHA: 0.5
MIN_SAMPLES_PER_CLASS: 100
RANDOM_SEED: 42
NUM_COMMITTEE_MEMBERS: 3
EWMA_BETA: 0.3
CONTRIBUTION_SCALING_FACTOR: 1.5
NUM_NOISE_ATTACKERS: 0
NUM_DATAF_ATTACKERS: 3
DATAF_POISON_LEVEL: 3
COMMITTEE_EVAL_SKIPPED: False
