================================================================================
 데이터 분할 현황
================================================================================
   Client  Num Samples  Class 0  Class 1  Class 2  Class 3  Class 4  Class 5  Class 6  Class 7  Class 8  Class 9
0       0         7415      107      550     2929     2116      425      425       35      612      136       80
1       1         4235      374      815       44       61       30      438      999       99      179     1196
2       2         5612       41      118      386      137     1040       59      905     1986      287      653
3       3         5780     1110     1835       35      543      282      371      367       83      133     1021
4       4         2935      414       86      315      681      372      341      267       36      272      151
5       5         6957       71      155      920      735      523       45     1580      218     2588      122
6       6         3850      972      620      221      360       30      441       73       35       86     1012
7       7         4845     1487      431       32      162      531       30      194     1551       38      389
8       8         4116      216       45       34      105      201     2812       30      224      361       88
9       9         4255      208      345       84      100     1566       38      550      156      920      288

================================================================================
 라운드별 글로벌 모델 정확도
================================================================================
Round	Accuracy
1	0.1086
2	0.3631
3	0.5456
4	0.6368
5	0.6813
6	0.7075
7	0.72
8	0.7327
9	0.7398
10	0.7496


================================================================================
 라운드별 모델 합성 가중치
================================================================================
          client_0_weight  client_1_weight  client_2_weight  client_3_weight  client_4_weight  client_5_weight  client_6_weight  client_7_weight  client_8_weight  client_9_weight
Round 1          0.067549         0.115555         0.115326         0.114059         0.092887         0.106370         0.092365         0.107184         0.078200         0.110505
Round 2          0.079108         0.113932         0.109010         0.116319         0.092083         0.105462         0.095580         0.106455         0.087927         0.094124
Round 3          0.079865         0.097325         0.097727         0.120454         0.104211         0.107960         0.105061         0.089993         0.097710         0.099694
Round 4          0.093397         0.104016         0.107005         0.106508         0.083964         0.114203         0.091032         0.102756         0.100145         0.096973
Round 5          0.097224         0.111208         0.108493         0.118383         0.108147         0.056513         0.111898         0.096373         0.086195         0.105567
Round 6          0.096720         0.104503         0.104159         0.111634         0.102829         0.090237         0.100627         0.095206         0.082711         0.111373
Round 7          0.082180         0.110367         0.103926         0.108133         0.113650         0.088555         0.108297         0.099108         0.076529         0.109256
Round 8          0.095766         0.107637         0.103194         0.107788         0.091765         0.103668         0.082307         0.103118         0.096202         0.108555
Round 9          0.085404         0.100208         0.099661         0.108473         0.106765         0.104774         0.095985         0.096550         0.094887         0.107293
Round 10         0.094827         0.103551         0.099964         0.099809         0.094436         0.100384         0.098856         0.107802         0.099688         0.100684

================================================================================
 라운드별 시간 측정 결과 (초)
================================================================================
          cli 0 train  cli 1 train  cli 2 train  cli 3 train  cli 4 train  cli 5 train  cli 6 train  cli 7 train  cli 8 train  cli 9 train  agg time  cli eval time  global eval time  total time
Round 1      9.035792     5.084045     6.188603     6.996440     3.377958     7.888419     4.458499     6.412199     4.995648     5.764117  0.447122      24.009696          2.396103   26.853208
Round 2      9.743428     5.547112     6.888690     7.670882     4.228500     7.960629     5.505319     6.750856     4.993591     4.600337  0.342800      23.864017          2.361093   26.568170
Round 3      9.823096     5.867304     6.285891     8.025959     3.604970     8.809970     5.931374     5.790720     6.218361     5.842183  0.343053      23.799074          2.371296   26.513705
Round 4      8.826128     3.600065     7.578467     8.334676     3.411001     9.781454     5.258455     5.974470     5.856879     4.952709  0.342098      23.692341          2.363024   26.397734
Round 5      9.908453     4.951168     8.580252     7.078321     3.975348    10.623571     4.658511     6.210489     5.326365     5.528005  0.338613      23.767738          2.435779   26.542345
Round 6      9.478072     5.397922     7.664367     6.931279     4.189408    10.250974     5.902108     6.182837     6.083980     4.859649  0.339807      23.724553          2.371404   26.436035
Round 7      9.025665     4.995053     7.471533     6.409130     4.515602     9.669542     5.439419     6.035654     5.552473     5.119781  0.338900      23.686961          2.351862   26.377936
Round 8      8.868298     6.605450     7.240968     7.202051     4.383761     8.649871     5.284935     6.901650     6.015707     5.278841  0.344608      23.552186          2.365994   26.263056
Round 9      9.275203     5.385675     7.023689     7.201758     4.095914     9.526795     4.836425     6.611736     5.401402     5.159822  0.344258      23.661127          2.361562   26.367188
Round 10     8.655956     5.781499     8.324472     7.446757     2.951072     5.758682     5.580956     5.640078     5.344164     6.940991  0.339507      23.923632          2.397249   26.660668

총 시뮬레이션 시간: 264.98초
