================================================================================
 데이터 분할 현황
================================================================================
   Client  Num Samples  Class 0  Class 1  Class 2  Class 3  Class 4  Class 5  Class 6  Class 7  Class 8  Class 9
0       0         3646       38      954      675      142      340      355      264      416       43      419
1       1         3328      446       30      222      898      309      490       35      511      347       40
2       2         5833     1242       32      481      543      649      199       56      188     2324      119
3       3         6525      166     1805       31       57      494     1048      622     1562       89      651
4       4         8192      755      377      773      195     2162      885     2437      277      274       57
5       5         3207      107      237      894      186       42      327      340      379      356      339
6       6         9228       83      224     1242     1751       43      188      987     1405     1129     2176
7       7         2009       30      259      248      137       73      513       30      165      332      222
8       8         5471     1959      884      397      523      130      814      128       30       67      539
9       9         2561      174      198       37      568      758      181      101       67       39      438

================================================================================
 라운드별 글로벌 모델 정확도
================================================================================
Round	Accuracy
1	0.1439
2	0.2893
3	0.5579
4	0.6597
5	0.671
6	0.7195
7	0.7404
8	0.7568
9	0.753
10	0.7703


================================================================================
 라운드별 모델 합성 가중치
================================================================================
          client_0_weight  client_1_weight  client_2_weight  client_3_weight  client_4_weight  client_5_weight  client_6_weight  client_7_weight  client_8_weight  client_9_weight
Round 1          0.103933         0.109001         0.104994         0.132342         0.124895         0.109064         0.141676         0.049698         0.090459         0.033938
Round 2          0.106223         0.094438         0.089415         0.126988         0.130986         0.108864         0.118639         0.086627         0.109121         0.028697
Round 3          0.105330         0.101151         0.105198         0.125714         0.127929         0.066233         0.126623         0.098056         0.117134         0.026632
Round 4          0.115429         0.092152         0.122834         0.111049         0.121866         0.095752         0.117582         0.102048         0.098297         0.022992
Round 5          0.121254         0.111270         0.090367         0.121205         0.105684         0.097180         0.112192         0.115179         0.105040         0.020629
Round 6          0.108459         0.107280         0.091771         0.112997         0.111899         0.113806         0.113383         0.108029         0.110917         0.021458
Round 7          0.111876         0.109566         0.109815         0.112242         0.110431         0.112722         0.106795         0.110059         0.097600         0.018895
Round 8          0.112296         0.106925         0.106967         0.110446         0.111107         0.108723         0.107084         0.114825         0.103291         0.018336
Round 9          0.100326         0.108010         0.106186         0.113026         0.110302         0.112408         0.099940         0.115288         0.116229         0.018286
Round 10         0.116583         0.111419         0.097980         0.108590         0.109049         0.115605         0.106534         0.109482         0.106619         0.018138

================================================================================
 라운드별 시간 측정 결과 (초)
================================================================================
          cli 0 train  cli 1 train  cli 2 train  cli 3 train  cli 4 train  cli 5 train  cli 6 train  cli 7 train  cli 8 train  cli 9 train  agg time  cli eval time  global eval time  total time
Round 1      5.259426     3.792056     7.865655     8.725780    10.803137     4.776753    11.332455     2.612148     7.296665          0.1  0.400293      24.250238          2.393415   27.044244
Round 2      5.363307     4.428548     7.560478     7.458097    11.080034     3.601631    11.590744     2.706888     7.176802          0.1  0.336492      23.775290          2.365670   26.477712
Round 3      5.242905     3.944643     6.486242     9.012108    11.117292     4.533392    12.352220     2.727038     7.636302          0.1  0.339698      23.591791          2.334615   26.266333
Round 4      5.241804     4.820727     7.220702     8.112444    10.018791     4.150222    12.978659     2.392586     7.407543          0.1  0.338178      24.080471          2.353854   26.772787
Round 5      4.546639     4.107299     7.341422     5.150376    11.000353     4.195588    11.638964     2.482680     6.838294          0.1  0.353371      23.597028          2.385069   26.335700
Round 6      4.640824     4.859226     7.560367     8.717716    10.395351     3.630116    11.518594     2.423604     7.729949          0.1  0.345274      23.706680          2.345522   26.397727
Round 7      4.727581     4.270805     7.697422     8.797635    10.769163     3.889201    12.348137     2.480209     7.061799          0.1  0.334112      23.588254          2.345703   26.268365
Round 8      4.743069     4.940022     7.563151     8.580396    10.055497     4.572475    11.217773     2.201823     7.570658          0.1  0.340610      23.769652          2.347565   26.458110
Round 9      5.225270     4.192851     7.963614     9.031152    10.337721     4.648510    12.714548     2.664763     5.802381          0.1  0.351372      23.667302          2.458356   26.477298
Round 10     5.083396     4.396805     8.189406     8.922308     8.220156     4.345590    10.853910     2.563836     7.769206          0.1  0.333947      23.619241          2.345232   26.298690

총 시뮬레이션 시간: 264.80초

================================================================================
 시뮬레이션 파라미터
================================================================================
NUM_CLIENTS: 10
NUM_ROUNDS: 10
LOCAL_EPOCHS: 2
DIRICHLET_ALPHA: 0.5
MIN_SAMPLES_PER_CLASS: 30
RANDOM_SEED: 42
NUM_COMMITTEE_MEMBERS: 3
EWMA_BETA: 0.9
NUM_TRUDYS: 1
COMMITTEE_EVAL_SKIPPED: False
