================================================================================
 데이터 분할 현황
================================================================================
   Client  Num Samples  Class 0  Class 1  Class 2  Class 3  Class 4  Class 5  Class 6  Class 7  Class 8  Class 9
0       0         3702       58      935      667      157      347      361      274      419       62      422
1       1         3398      448       50      234      881      317      490       55      511      353       59
2       2         5798     1210       52      482      541      642      212       75      202     2246      136
3       3         6461      180     1750       51       76      494     1025      617     1516      107      645
4       4         8058      744      382      762      208     2092      869     2355      286      284       76
5       5         3282      124      248      877      200       61      334      347      384      362      345
6       6         9048      101      236     1210     1697       63      201      966     1367     1102     2105
7       7         2138       50      269      259      153       91      513       50      180      339      234
8       8         5453     1898      868      402      522      146      800      143       50       86      538
9       9         2662      187      210       56      565      747      195      118       85       59      440

================================================================================
 라운드별 글로벌 모델 정확도
================================================================================
Round	Accuracy
1	0.1153
2	0.3069
3	0.5377
4	0.672
5	0.7146
6	0.7307
7	0.7532
8	0.746
9	0.7601
10	0.7631
11	0.7669
12	0.7723
13	0.7772
14	0.7823
15	0.778
16	0.7804
17	0.7831
18	0.7868
19	0.7808
20	0.787
21	0.7865
22	0.7884
23	0.7871
24	0.7863
25	0.7878
26	0.7949
27	0.793
28	0.7921
29	0.789
30	0.786
31	0.7927
32	0.7919
33	0.7936
34	0.7952
35	0.7922
36	0.7855
37	0.7912
38	0.7895
39	0.7912
40	0.794
41	0.7933
42	0.7962
43	0.795
44	0.7948
45	0.7919
46	0.7868
47	0.7967
48	0.7982
49	0.7975
50	0.8002
51	0.8002
52	0.7984
53	0.7995
54	0.7964
55	0.7927
56	0.7972
57	0.7994
58	0.8016
59	0.8003
60	0.8011
61	0.7997
62	0.8016
63	0.7928
64	0.7905
65	0.7977
66	0.7981
67	0.7991
68	0.8022
69	0.8007
70	0.8012
71	0.8025
72	0.8044
73	0.7985
74	0.7997
75	0.7984
76	0.7992
77	0.8049
78	0.8022
79	0.8045
80	0.8041
81	0.8054
82	0.8056
83	0.8047
84	0.8052
85	0.8011
86	0.8039
87	0.8063
88	0.8
89	0.8069
90	0.8079
91	0.8077
92	0.804
93	0.8074
94	0.8053
95	0.8041
96	0.8107
97	0.8048
98	0.8032
99	0.8086
100	0.8096


================================================================================
 라운드별 모델 합성 가중치
================================================================================
           client_0_weight  client_1_weight  client_2_weight  client_3_weight  client_4_weight  client_5_weight  client_6_weight  client_7_weight  client_8_weight  client_9_weight
Round 1           0.093144         0.107807         0.085143         0.131338         0.130226         0.101564         0.126767         0.099167         0.097634         0.027211
Round 2           0.104726         0.089104         0.119494         0.119810         0.120842         0.098265         0.129084         0.097403         0.095330         0.025942
Round 3           0.114461         0.098790         0.097435         0.112739         0.119071         0.111823         0.116145         0.105369         0.103028         0.021137
Round 4           0.110555         0.102442         0.108314         0.116447         0.112640         0.114111         0.109342         0.107670         0.098817         0.019663
Round 5           0.116013         0.110340         0.107627         0.110009         0.103182         0.113566         0.106416         0.113675         0.100867         0.018303
Round 6           0.115090         0.108458         0.106311         0.112136         0.102572         0.112574         0.105055         0.112852         0.106393         0.018559
Round 7           0.113377         0.108424         0.106757         0.112206         0.108219         0.112806         0.104065         0.109441         0.107401         0.017304
Round 8           0.113100         0.107985         0.100562         0.111173         0.108376         0.113135         0.104391         0.113063         0.108312         0.019903
Round 9           0.113430         0.107199         0.104753         0.110595         0.111190         0.110968         0.104577         0.111458         0.108840         0.016990
Round 10          0.111494         0.109280         0.109069         0.111896         0.112146         0.105802         0.105601         0.111700         0.106376         0.016636
Round 11          0.110517         0.109027         0.107279         0.108686         0.109237         0.111215         0.107319         0.113567         0.105786         0.017367
Round 12          0.109705         0.109556         0.107329         0.109243         0.110762         0.106435         0.105679         0.116307         0.108060         0.016924
Round 13          0.116380         0.105760         0.107493         0.110149         0.110723         0.111649         0.104309         0.112267         0.103772         0.017499
Round 14          0.111788         0.106425         0.106815         0.110879         0.111051         0.112566         0.103932         0.112757         0.107547         0.016241
Round 15          0.115269         0.109735         0.107224         0.104486         0.107894         0.116941         0.105039         0.116062         0.101241         0.016109
Round 16          0.118554         0.106412         0.108502         0.106308         0.108482         0.109025         0.105424         0.117853         0.103383         0.016058
Round 17          0.113398         0.106540         0.109158         0.112716         0.107844         0.114070         0.104632         0.116392         0.099771         0.015480
Round 18          0.114718         0.113503         0.106150         0.107158         0.105359         0.113979         0.097906         0.117479         0.107655         0.016093
Round 19          0.117759         0.103504         0.106216         0.112464         0.105993         0.117600         0.100910         0.111851         0.105240         0.018462
Round 20          0.116656         0.113220         0.103631         0.110984         0.102359         0.115813         0.107083         0.115388         0.099015         0.015852
Round 21          0.122019         0.100601         0.096786         0.112162         0.107230         0.119817         0.102054         0.121338         0.106450         0.011544
Round 22          0.110681         0.114465         0.105242         0.109245         0.110791         0.105518         0.105579         0.112756         0.110826         0.014898
Round 23          0.115379         0.112922         0.109649         0.110160         0.104150         0.114149         0.094468         0.115696         0.109560         0.013867
Round 24          0.118188         0.109360         0.105577         0.111316         0.108456         0.116415         0.097288         0.116503         0.102257         0.014639
Round 25          0.119275         0.095058         0.100236         0.115416         0.105180         0.103252         0.113527         0.116958         0.116829         0.014270
Round 26          0.116996         0.092637         0.102035         0.107979         0.114293         0.116193         0.102907         0.117890         0.113676         0.015394
Round 27          0.104024         0.112701         0.099253         0.111644         0.110049         0.113154         0.107537         0.116183         0.110316         0.015139
Round 28          0.113873         0.111189         0.100671         0.111571         0.105501         0.111437         0.107296         0.114592         0.108842         0.015028
Round 29          0.116828         0.098075         0.111691         0.109931         0.112241         0.114866         0.109025         0.117607         0.094448         0.015288
Round 30          0.115109         0.104533         0.108404         0.112300         0.111666         0.114695         0.091764         0.117132         0.109230         0.015166
Round 31          0.116895         0.098222         0.100539         0.114091         0.104318         0.115996         0.107293         0.116269         0.111535         0.014843
Round 32          0.115711         0.112283         0.110281         0.112401         0.114281         0.115857         0.099518         0.106831         0.097609         0.015227
Round 33          0.117408         0.116297         0.114107         0.105688         0.096160         0.116199         0.108935         0.117985         0.091783         0.015438
Round 34          0.112845         0.113919         0.108144         0.107699         0.105968         0.112161         0.105478         0.113496         0.105578         0.014712
Round 35          0.115285         0.115084         0.107940         0.111443         0.111442         0.097018         0.106105         0.115540         0.106302         0.013840
Round 36          0.121191         0.099319         0.088601         0.118774         0.112760         0.118990         0.090517         0.122472         0.111646         0.015730
Round 37          0.114135         0.109777         0.106366         0.108173         0.110593         0.113158         0.102632         0.113123         0.107971         0.014074
Round 38          0.111575         0.101725         0.086930         0.116118         0.100718         0.119713         0.111612         0.120955         0.115157         0.015496
Round 39          0.114923         0.098755         0.106138         0.111656         0.109564         0.111692         0.106624         0.114454         0.110396         0.015798
Round 40          0.118492         0.116596         0.111106         0.105013         0.113349         0.115512         0.095684         0.117492         0.091726         0.015030
Round 41          0.118063         0.116564         0.098414         0.112094         0.113604         0.114857         0.108040         0.117814         0.082878         0.017673
Round 42          0.116917         0.115764         0.091937         0.111277         0.102986         0.115555         0.106410         0.116920         0.110628         0.011607
Round 43          0.114371         0.107715         0.108402         0.110631         0.110723         0.112753         0.107195         0.114693         0.098994         0.014523
Round 44          0.098201         0.111803         0.110820         0.109975         0.109466         0.114303         0.105560         0.114908         0.110201         0.014763
Round 45          0.115211         0.100262         0.108450         0.112313         0.113360         0.116105         0.102679         0.103577         0.112417         0.015627
Round 46          0.119421         0.099977         0.091748         0.116376         0.116738         0.120204         0.100060         0.103869         0.116091         0.015516
Round 47          0.118693         0.118107         0.077127         0.113950         0.105369         0.107354         0.109094         0.119717         0.115133         0.015457
Round 48          0.113243         0.109414         0.106649         0.103137         0.110673         0.112078         0.104992         0.115554         0.109742         0.014517
Round 49          0.115095         0.114708         0.090622         0.109727         0.111821         0.114843         0.099876         0.116956         0.111429         0.014923
Round 50          0.115351         0.115812         0.105547         0.111765         0.094829         0.116730         0.108837         0.117238         0.098688         0.015201
Round 51          0.113204         0.115098         0.110601         0.109632         0.109251         0.114298         0.105859         0.113827         0.093433         0.014798
Round 52          0.117370         0.119094         0.104697         0.113005         0.094991         0.100258         0.109507         0.116165         0.109745         0.015168
Round 53          0.112964         0.114985         0.110227         0.098582         0.108082         0.112563         0.106090         0.113602         0.109697         0.013208
Round 54          0.111468         0.112696         0.108879         0.107732         0.107327         0.111649         0.103822         0.112950         0.109151         0.014327
Round 55          0.107196         0.110488         0.097559         0.113446         0.110444         0.114962         0.100670         0.117976         0.112255         0.015005
Round 56          0.115846         0.099389         0.112582         0.113703         0.102414         0.116206         0.096990         0.116005         0.111762         0.015104
Round 57          0.115203         0.112452         0.099341         0.099989         0.111262         0.115440         0.106224         0.114052         0.111139         0.014898
Round 58          0.114007         0.111209         0.111012         0.110385         0.111422         0.111625         0.106564         0.114864         0.094114         0.014799
Round 59          0.114997         0.113825         0.089459         0.110319         0.111341         0.114106         0.107913         0.113937         0.109301         0.014801
Round 60          0.115025         0.115121         0.108803         0.111464         0.093625         0.113217         0.106745         0.115092         0.106097         0.014811
Round 61          0.115023         0.114727         0.100337         0.111224         0.109405         0.112836         0.096741         0.114910         0.110052         0.014745
Round 62          0.104948         0.118362         0.113054         0.112017         0.082271         0.114922         0.107001         0.118475         0.114036         0.014915
Round 63          0.120805         0.079611         0.097015         0.116484         0.112850         0.119757         0.113376         0.121202         0.102585         0.016315
Round 64          0.122359         0.110298         0.115771         0.109034         0.106003         0.084624         0.098088         0.120216         0.117780         0.015827
Round 65          0.107148         0.101978         0.107346         0.119651         0.120895         0.118865         0.107060         0.096735         0.104181         0.016142
Round 66          0.118855         0.117820         0.099936         0.106105         0.107842         0.105663         0.112184         0.104490         0.112087         0.015018
Round 67          0.117365         0.096492         0.101869         0.112767         0.103596         0.117883         0.110951         0.117544         0.106143         0.015389
Round 68          0.103926         0.101676         0.112575         0.111099         0.110197         0.115782         0.107290         0.114833         0.109205         0.013417
Round 69          0.116187         0.115136         0.111712         0.098642         0.101298         0.113727         0.097475         0.118136         0.110480         0.017207
Round 70          0.114608         0.113268         0.109879         0.109515         0.109945         0.111353         0.105688         0.112624         0.098274         0.014846
Round 71          0.117887         0.097379         0.090085         0.113281         0.112376         0.115857         0.107734         0.118606         0.111703         0.015091
Round 72          0.114735         0.111797         0.108930         0.110326         0.109382         0.112761         0.096023         0.113922         0.107487         0.014638
Round 73          0.116652         0.099242         0.109650         0.112036         0.098168         0.116238         0.107768         0.115982         0.109423         0.014844
Round 74          0.112515         0.109604         0.108745         0.109211         0.108824         0.112280         0.103125         0.113307         0.107970         0.014421
Round 75          0.117460         0.094293         0.112179         0.112687         0.112350         0.095910         0.109894         0.118961         0.111261         0.015005
Round 76          0.115412         0.115231         0.112593         0.112229         0.112329         0.113374         0.097593         0.115547         0.091010         0.014682
Round 77          0.114766         0.115738         0.098485         0.100575         0.111309         0.114565         0.107098         0.115558         0.107370         0.014536
Round 78          0.116461         0.096673         0.112176         0.110769         0.095408         0.116869         0.108476         0.117023         0.111631         0.014514
Round 79          0.117380         0.100145         0.113231         0.101653         0.110998         0.115448         0.109505         0.117933         0.098827         0.014879
Round 80          0.116449         0.117483         0.110032         0.112617         0.099318         0.115379         0.109174         0.095485         0.109382         0.014682
Round 81          0.115516         0.115618         0.111274         0.111662         0.112506         0.100379         0.095425         0.114324         0.109252         0.014044
Round 82          0.114089         0.114073         0.094798         0.111027         0.111227         0.112248         0.104105         0.114403         0.109494         0.014535
Round 83          0.101210         0.102870         0.110583         0.111360         0.111486         0.115256         0.106378         0.114642         0.111562         0.014654
Round 84          0.119110         0.102093         0.106425         0.116414         0.095671         0.120900         0.101811         0.119867         0.102368         0.015340
Round 85          0.117376         0.111457         0.093973         0.102635         0.113304         0.107696         0.109604         0.117531         0.111280         0.015144
Round 86          0.114808         0.114234         0.107384         0.109599         0.092620         0.114240         0.104447         0.115643         0.110107         0.016918
Round 87          0.111490         0.113910         0.107762         0.108687         0.107546         0.112403         0.104007         0.112913         0.106737         0.014545
Round 88          0.113939         0.116277         0.099006         0.103012         0.111631         0.116561         0.108288         0.115829         0.098370         0.017087
Round 89          0.102819         0.119162         0.095632         0.114996         0.115956         0.099403         0.102759         0.118842         0.114819         0.015612
Round 90          0.119568         0.094803         0.113991         0.097086         0.107013         0.117574         0.113490         0.104531         0.116187         0.015756
Round 91          0.116490         0.109423         0.109005         0.111181         0.103456         0.114561         0.097153         0.115197         0.108737         0.014798
Round 92          0.114681         0.092270         0.111401         0.112038         0.110015         0.113116         0.106445         0.114552         0.109921         0.015562
Round 93          0.114713         0.113808         0.097472         0.111117         0.112127         0.112898         0.106740         0.115386         0.101014         0.014725
Round 94          0.116831         0.097473         0.093353         0.111392         0.113473         0.115226         0.106779         0.117191         0.112273         0.016008
Round 95          0.117060         0.116610         0.090774         0.111031         0.104157         0.116565         0.101085         0.116802         0.112586         0.013331
Round 96          0.113140         0.113332         0.110854         0.110640         0.111875         0.091658         0.107135         0.115636         0.111296         0.014433
Round 97          0.114111         0.114736         0.108063         0.111149         0.111088         0.111798         0.105638         0.096268         0.112544         0.014607
Round 98          0.110684         0.094263         0.116728         0.100484         0.107600         0.120505         0.111522         0.121360         0.102358         0.014496
Round 99          0.114785         0.113346         0.098958         0.112314         0.110262         0.113056         0.098372         0.112672         0.111560         0.014675
Round 100         0.114023         0.112438         0.108221         0.109111         0.110888         0.113282         0.105837         0.112984         0.097942         0.015274

================================================================================
 라운드별 시간 측정 결과 (초)
================================================================================
           cli 0 train  cli 1 train  cli 2 train  cli 3 train  cli 4 train  cli 5 train  cli 6 train  cli 7 train  cli 8 train  cli 9 train  agg time  cli eval time  global eval time  total time
Round 1      50.676335    47.620695    76.733093    72.120522    95.472729    44.583626   117.636054    25.049132    70.313070          0.1  0.468486      81.031887          8.153475   89.654213
Round 2      48.105308    41.756077    74.729059    74.319573   104.341499    39.170424   117.769883    25.449011    65.206519          0.1  0.480145      83.891801          6.673199   91.045438
Round 3      51.763363    47.973771    71.855250    84.937843   100.323502    37.453516   113.298689    29.888969    62.323396          0.1  0.404945      84.474895          8.297785   93.177894
Round 4      51.940634    35.172149    71.537827    88.022583    97.938403    46.172975   114.508603    30.174116    75.466933          0.1  0.420233      85.867126          8.733714   95.021329
Round 5      49.779170    38.924654    71.485963    79.333992    97.193637    40.729744   108.205824    24.781479    70.563587          0.1  0.448142      94.609742          8.847924  103.906274
Round 6      50.488401    35.379468    81.120221    80.185888    88.924831    45.826285   122.255285    25.310847    65.685084          0.1  0.426130      90.668746          8.800444   99.895607
Round 7      51.864339    47.648977    69.971032    87.973175    88.660980    45.680771   101.730841    31.106747    75.771414          0.1  0.452901      93.328335          8.718763  102.500396
Round 8      43.043516    40.163132    76.951498    80.559547    99.985631    46.099619   113.805854    30.322819    62.400392          0.1  0.447978      96.465953          8.848572  105.762765
Round 9      41.950950    46.429469    75.138604    62.506540   111.410149    45.739011   125.075934    16.316414    55.325033          0.1  0.424627      91.333717          7.302354   99.060974
Round 10     40.396317    39.244236    80.197165    74.598092    96.842809    46.097546   102.523513    30.796897    74.987863          0.1  0.430505      96.188208          9.506398  106.125392
Round 11     47.057246    38.165241    75.363962    84.547208    92.438974    46.462659   103.683918    24.227534    69.891287          0.1  0.390750     104.809999         10.613582  115.814646
Round 12     44.514158    48.387640    65.408255    89.415578    90.121283    35.451779   100.985638    30.216172    67.814069          0.1  0.364663      97.782629         10.273720  108.421270
Round 13     44.117300    47.345691    66.721633    84.898673    88.028905    38.648937   119.617476    24.940040    59.218624          0.1  0.370297      99.100618         10.288412  109.759617
Round 14     45.805402    33.145057    70.214899    87.149726   101.134305    40.329093   110.044851    30.257828    51.191666          0.1  0.420441     104.852608         10.263543  115.536876
Round 15     43.701052    38.350923    61.474569    76.940788    93.032358    40.838912   115.287644    20.213831    69.755363          0.1  0.478258      98.866085         10.304997  109.649733
Round 16     43.888852    36.681524    67.215851    71.134311    96.556866    46.373651   102.076423    29.012001    66.598459          0.1  0.449172     100.725788          9.312616  110.487850
Round 17     48.428366    42.330307    73.524218    73.363063    88.450784    35.120686    94.315680    24.983771    72.417874          0.1  0.482086      95.449763          9.426245  105.358388
Round 18     51.489682    30.717920    56.753137    78.548929   103.433296    39.878673    91.686899    20.271815    68.205753          0.1  0.480280      98.972108         10.225982  109.678691
Round 19     52.040599    48.634060    58.582502    69.536554   108.991088    36.959872   104.885698    22.979952    75.490028          0.1  0.423680     101.729401         10.260834  112.414222
Round 20     52.182065    43.845078    74.537622    79.022595    80.507043    46.454469   114.252816    30.803168    68.125462          0.1  0.442085      87.949244         10.374389   98.766113
Round 21     31.267851    48.044883    80.225186    89.235882   108.643448    27.673420   108.220800    30.514302    63.944913          0.1  0.400847      94.784544         10.444406  105.630108
Round 22     51.887556    47.202845    71.905885    85.558098   105.872880    46.355249   107.970772    30.339873    60.404749          0.1  0.389640      96.571089         10.456306  107.417583
Round 23     51.577072    40.128781    73.809203    83.812677   102.876468    44.439596   114.789168    25.772013    55.254570          0.1  0.479838      87.068357          9.613399   97.162007
Round 24     52.506132    42.321293    77.736621    83.918856    90.099010    44.492689   124.700215    25.742160    60.821965          0.1  0.436810      83.164995         10.616636   94.218817
Round 25     44.078563    46.842692    81.079213    82.297946   106.385107    44.127918   124.317065    26.396459    48.692312          0.1  0.400542      84.620256          8.989101   94.010142
Round 26     45.989301    39.889977    81.882956    81.857670   109.453516    46.898181    91.530801    26.015525    74.966012          0.1  0.411281      85.374796          9.355090   95.141482
Round 27     50.993703    44.462931    70.182922    77.473794   107.703452    46.057057   116.932039    26.945537    59.330921          0.1  0.397795      85.713799         10.627357   96.739275
Round 28     51.604331    46.858565    78.748370    85.798606   109.195977    46.312720   114.714366    29.680263    57.625449          0.1  0.411898      80.731553         10.540280   91.684170
Round 29     52.106398    42.749433    80.362332    82.453684   103.988156    34.959596   125.454451    28.977112    76.415256          0.1  0.422200      89.289057          8.783958   98.495711
Round 30     52.080343    43.139506    81.012350    85.574461   104.014389    44.512758   111.462363    24.726113    70.019218          0.1  0.490308      87.432312          7.063445   94.986560
Round 31     42.024926    36.003629    59.282281    90.127061   109.474696    46.749825   125.548475    30.696661    69.605965          0.1  0.434438      85.296716          8.498248   94.229713
Round 32     51.950469    38.803969    81.846078    71.899694   107.157608    38.258289   116.387060    30.421209    62.606970          0.1  0.417313      92.785523          8.976567  102.179684
Round 33     42.634584    40.044755    78.670088    87.855894   110.929112    39.858563   106.122675    30.945945    64.645049          0.1  0.462080      89.757663          6.827615   97.047655
Round 34     50.669211    48.616536    51.601516    91.103158    97.297386    46.294904   126.121858    15.866167    75.779132          0.1  0.501478      88.705521          8.589612   97.796907
Round 35     43.846276    38.584450    77.438540    74.454666    92.302298    46.233106   121.426607    25.551469    61.158175          0.1  0.406348     101.706240          8.825070  110.937985
Round 36     42.816442    48.421416    65.754051    90.909022   110.261733    37.139837   111.601705    25.103433    60.759082          0.1  0.441614     100.125593          9.216017  109.783649
Round 37     38.780272    48.275603    81.257829    88.915571    80.553740    31.397413   120.427428    25.039942    72.487582          0.1  0.423583      96.168104          9.269268  105.861338
Round 38     51.187733    42.228477    67.091587    76.402712    96.045648    41.431950   103.488833    31.324887    66.806679          0.1  0.454476     102.711471         10.394845  113.561178
Round 39     44.125744    44.796590    71.716786    76.824320    94.405364    34.561400   110.802395    27.133457    57.608449          0.1  0.457393      98.828874          8.675464  107.962023
Round 40     47.799344    43.655670    70.674585    77.992002   109.883830    34.007674   120.492503    24.796934    59.411921          0.1  0.451380      94.965073          9.450950  104.867690
Round 41     43.459014    40.183842    67.512520    74.615537    92.636132    45.338315   115.402421    25.362905    71.473808          0.1  0.429563      97.766676         10.339346  108.535894
Round 42     43.210054    46.690998    79.361784    66.471201    83.888060    38.570294   116.547553    27.327571    69.478736          0.1  0.425001      98.294539          9.414150  108.134074
Round 43     51.348104    33.253553    71.113802    74.389405    90.517858    40.265340   105.674565    24.050004    64.374434          0.1  0.422648     100.140392         10.456706  111.020036
Round 44     45.379494    32.787439    74.575054    70.107162    84.365788    36.395549   108.172293    27.202148    60.731544          0.1  0.421887      97.525604          9.227401  107.175170
Round 45     44.022359    38.433405    62.239876    81.893574    90.945081    36.545408   111.026231    21.483508    60.700824          0.1  0.449719      97.010858          9.978684  107.439501
Round 46     33.732526    30.862453    64.111426    79.621418   100.403154    42.890779    99.004507    29.155501    65.886091          0.1  0.475761      94.310013         10.052125  104.838372
Round 47     37.496020    37.110868    75.718608    59.954770    78.331038    42.977559   110.445943    28.831351    70.878175          0.1  0.369439      93.311711         10.290872  103.972396
Round 48     46.064522    44.834378    68.485014    75.582596    98.796517    39.972811   104.034456    23.006514    53.063578          0.1  0.410877      86.245198          8.473674   95.130024
Round 49     47.475211    43.005099    69.631941    81.057471    62.166632    36.683451   115.173756    22.633926    70.105770          0.1  0.510192      85.163466         10.089730   95.763722
Round 50     38.306278    44.011789    74.039837    80.414063    95.767731    42.044658   108.822208    20.095832    51.073214          0.1  0.393535      80.800839          9.015259   90.209957
Round 51     46.927074    39.386598    74.394053    82.347230    97.338997    29.454435   105.775187    20.196658    68.460791          0.1  0.405191      63.773445          8.362723   72.541731
Round 52     45.210413    40.880518    68.361350    81.290762    80.123503    42.252911   113.603473    27.634271    48.524098          0.1  0.413666      84.762289          8.174696   93.350953
Round 53     46.398514    43.690933    62.842345    72.057629    97.590802    41.009264   104.215463    24.128188    57.332588          0.1  0.377414      87.298772          7.986802   95.663235
Round 54     47.122226    41.069404    51.090154    80.641713    71.547582    41.200967   105.712477    27.767783    68.600545          0.1  0.394248      83.557399          8.443168   92.395133
Round 55     42.970220    41.503963    59.546783    65.633647    82.113983    41.277449   107.273656    25.779182    60.222395          0.1  0.438976      91.899576          8.119567  100.458388
Round 56     39.875381    42.297104    61.483097    71.209536    82.533401    39.911388   102.767432    22.325154    55.471148          0.1  0.420058      86.847872          8.114168   95.382412
Round 57     34.580726    32.504668    57.067119    79.751663    99.301127    35.870703    95.455754    23.653096    66.434456          0.1  0.428832      89.792487          6.102530   96.324281
Round 58     38.330525    42.173889    61.326895    65.272286    86.779315    41.237946   109.094205    22.292750    61.420617          0.1  0.445834      85.750956          6.237159   92.434239
Round 59     42.303562    36.200818    51.187847    78.155741    73.367381    38.102147   106.582230    23.794359    60.829645          0.1  0.419896      87.381735          9.163207   96.965220
Round 60     40.305076    34.119232    55.214587    63.932441    81.925484    34.081119    95.063833    23.371648    61.493639          0.1  0.443495      97.650692          9.761159  107.855636
Round 61     46.521691    32.531367    56.957007    62.651692    88.789978    34.804158   101.936761    20.793935    49.712194          0.1  0.391770      90.628904          7.788898   98.809898
Round 62     42.688825    33.751665    61.147547    65.401949    77.777370    30.564320   105.220112    22.137806    66.404031          0.1  0.395635      92.159937          8.627532  101.183400
Round 63     40.833318    30.042633    59.187643    75.603393    82.096504    28.711945    88.291743    22.501527    58.776142          0.1  0.395039      97.557376          9.899761  107.852453
Round 64     33.653289    41.378421    57.927115    69.860965    82.259869    26.353251   102.263170    27.473392    54.573049          0.1  0.380091      90.244541          7.600135   98.225054
Round 65     38.577732    36.278306    67.488272    74.161885    76.713863    35.345925    90.376945    23.327564    54.801184          0.1  0.427146      93.558376          9.429852  103.415690
Round 66     36.140404    23.038309    55.800934    59.978767    80.312261    40.342846   109.982372    15.036056    67.885092          0.1  0.445323      96.743280          9.774932  106.963985
Round 67     42.837893    35.454147    59.976102    69.980882    86.605743    34.840841    96.721466    22.448615    55.514641          0.1  0.433436      92.475004          8.560007  101.468753
Round 68     45.255348    42.547049    60.922173    50.633305    98.260159    41.214311    98.553358    18.782584    66.240262          0.1  0.464745      82.977810          7.255822   90.698749
Round 69     24.069227    32.920595    41.853271    45.456651    66.786554    23.783276    69.807447    15.555009    51.871782          0.1  0.405577      73.933849          5.738361   80.078085
Round 70     33.281853    29.368000    55.279294    46.870895    43.608517    23.583565    79.714894    15.574060    50.161319          0.1  0.405231      75.797838          7.576653   83.780005
Round 71     22.371868    25.080940    54.859001    57.212620    57.063301    23.816692    76.992189    16.802870    52.068887          0.1  0.406718      75.445104          5.643752   81.495851
Round 72     27.594482    33.005348    38.941851    57.917440    74.951456    31.821786    63.862885    15.595779    51.723904          0.1  0.423353      66.775182          7.656986   74.855961
Round 73     35.398671    20.910482    35.541003    44.133597    74.511402    23.218538    80.355085    20.708366    51.958415          0.1  0.469835      68.763808          7.626827   76.860861
Round 74     35.538294    20.502735    36.598744    29.599832    23.934449    26.190691    73.871712     9.644261    34.315825          0.1  0.349532      36.323747          4.591431   41.264987
Round 75     15.109327    21.569738    36.183657    36.187094    49.398387    10.892485    40.971739    14.148193    34.144962          0.1  0.365335      33.016237          4.301917   37.683769
Round 76     21.694544    21.606851    36.531081    28.479769    50.101732    20.778286    43.216481    13.564646    34.035603          0.1  0.411284      25.619865          4.366026   30.397488
Round 77     23.009372    21.489753    36.576540    22.338751    50.185043    20.807357    56.490288    13.460254    34.083726          0.1  0.343691      25.546615          4.424309   30.314914
Round 78     23.427019    21.693618    26.849602    40.824478    50.391002    20.105890    56.465089    13.138866    34.363240          0.1  0.416277      25.995689          3.365765   29.778047
Round 79     23.660365    21.051432    36.655499    38.721624    50.352982    20.344840    49.903932    13.686746    34.521625          0.1  0.345632      25.549871          2.835509   28.731306
Round 80     22.511953    21.663237    37.026747    40.703338    50.063457    20.585640    48.392640    12.986097    33.907606          0.1  0.441160      26.037309          2.955034   29.433739
Round 81     21.257084    22.356538    36.465936    39.955381    49.638036    16.620289    55.898905    13.302853    34.550203          0.1  0.345739      27.056224          2.502754   29.904970
Round 82     23.239498    21.883212    35.886377    34.596148    50.103685    21.242284    49.521829    14.230752    27.108848          0.1  0.349746      28.778343          2.679963   31.808329
Round 83     23.330945    21.508476    36.613804    31.415373    50.828203    12.790275    47.507153    13.337002    34.166362          0.1  0.349839      29.186276          2.550945   32.087352
Round 84     16.040221    21.530488    36.365018    39.890720    50.357098    14.315682    56.362134    13.854606    25.150569          0.1  0.351486      28.252472          2.603032   31.207264
Round 85     23.700769    21.893533    31.835177    30.210677    50.764150    20.821603    57.075153     8.392788    31.155339          0.1  0.346978      32.236780          2.511727   35.095770
Round 86     14.521951    21.604550    36.390109    40.412739    42.424869    21.104706    45.009771     7.912522    34.077737          0.1  0.359463      38.755915          2.512891   41.628555
Round 87     23.425567    13.354790    27.631234    40.475296    35.470354    12.856744    41.263989    13.554639    34.528024          0.1  0.357548      39.336001          2.572458   42.266286
Round 88     14.407691    21.771831    22.598274    37.452225    50.129189    21.013883    49.427781     8.435431    26.837585          0.1  0.410994      39.888712          2.708776   43.008734
Round 89     14.689960    21.909956    22.427931    37.328697    50.166374    20.425412    48.092459     8.412709    27.065815          0.1  0.350808      41.035276          2.513396   43.899714
Round 90     14.835204    21.626086    29.726863    40.594700    49.337990    12.675960    54.444314     8.367376    21.227893          0.1  0.345492      38.379766          3.163108   41.888629
Round 91     14.681139    14.042497    30.117554    40.642613    49.239952    13.744347    41.327775     8.459853    21.234318          0.1  0.366436      44.174615          4.398894   48.940179
Round 92     14.544634    17.680064    26.241672    40.377958    32.124575    20.431431    36.775863    13.740954    34.478879          0.1  0.360063      43.600880          4.398463   48.359708
Round 93     16.338688    16.953512    28.085335    25.674523    39.057126    14.939762    35.452646     8.493611    24.469203          0.1  0.356813      43.227370          4.290957   47.875436
Round 94     14.770200    15.815742    23.762161    39.359171    39.942009    21.192423    35.569679    14.142206    30.277126          0.1  0.389926      45.933276          4.673359   50.996870
Round 95     20.676431    13.877912    22.642804    18.509403    42.819249    11.354086    36.182102    13.655087    22.351059          0.1  0.344679      25.092986          2.511432   27.949340
Round 96     12.056914    11.956471    19.227441    21.688632    27.377974    10.789290    29.565833     7.191585    17.953054          0.1  0.343982      24.933801          2.513967   27.792007
Round 97     11.976335    11.634729    19.916335    21.997917    18.809688    10.960474    29.960225     7.120797    18.879644          0.1  0.344655      25.193053          2.491863   28.029843
Round 98     12.373920    11.305373    19.001343    21.248134    27.018740    11.167717    30.210684     6.892303    18.190035          0.1  0.340560      24.921339          2.490707   27.752806
Round 99     12.437874    11.456095    19.196342    22.314524    26.689438    11.157538    30.027323     7.128656    18.046348          0.1  0.352242      25.039574          2.562132   27.954197
Round 100    12.207867    11.125597    20.122472    22.503503    25.991575    11.453685    28.834093     4.576754    18.246585          0.1  0.346222      25.166720          2.487368   28.000565

총 시뮬레이션 시간: 8247.08초

================================================================================
 시뮬레이션 파라미터
================================================================================
NUM_CLIENTS: 10
NUM_ROUNDS: 100
LOCAL_EPOCHS: 5
DIRICHLET_ALPHA: 0.5
MIN_SAMPLES_PER_CLASS: 50
RANDOM_SEED: 42
NUM_COMMITTEE_MEMBERS: 3
EWMA_BETA: 0.9
NUM_NOISE_ATTACKERS: 1
NUM_DATAF_ATTACKERS: 0
COMMITTEE_EVAL_SKIPPED: False
