================================================================================
 데이터 분할 현황
================================================================================
   Client  Num Samples  Class 0  Class 1  Class 2  Class 3  Class 4  Class 5  Class 6  Class 7  Class 8  Class 9
0       0         3847      107      886      649      195      364      377      299      428      111      431
1       1         3575      454      100      263      839      337      491      104      509      370      108
2       2         5709     1131      102      484      537      627      244      122      235     2051      176
3       3         6301      216     1611      101      123      495      967      604     1405      150      629
4       4         7718      717      395      732      240     1916      828     2149      310      308      123
5       5         3473      165      276      835      233      110      353      364      397      378      362
6       6         8597      145      265     1131     1565      111      234      914     1270     1035     1927
7       7         2454      100      295      286      191      136      511      100      215      357      263
8       8         5403     1743      827      413      519      185      767      183      100      132      534
9       9         2923      222      243      106      558      719      228      161      131      108      447

================================================================================
 라운드별 글로벌 모델 정확도
================================================================================
       Overall_Accuracy  Poisoned_Acc([0,1,2,3,4,5,7,8,9])
Round                                                     
1                0.1000                             0.0000
2                0.2062                             0.1181
3                0.3631                             0.3001
4                0.4298                             0.3749
5                0.4635                             0.4137
6                0.4857                             0.4389
7                0.5169                             0.4717
8                0.5167                             0.4696
9                0.5172                             0.4690
10               0.5494                             0.5046
11               0.5261                             0.4793
12               0.5653                             0.5210
13               0.5078                             0.4580
14               0.5646                             0.5219
15               0.4916                             0.4401
16               0.5710                             0.5296
17               0.4977                             0.4494
18               0.5762                             0.5359
19               0.4788                             0.4268
20               0.5822                             0.5461
21               0.4441                             0.3921
22               0.6120                             0.5759
23               0.3941                             0.3360
24               0.6585                             0.6282
25               0.3480                             0.2833
26               0.6752                             0.6460
27               0.3199                             0.2518
28               0.6919                             0.6638
29               0.3248                             0.2566
30               0.6782                             0.6491
31               0.3287                             0.2627
32               0.6817                             0.6519
33               0.3090                             0.2404
34               0.6777                             0.6494
35               0.3402                             0.2753
36               0.6765                             0.6481
37               0.3391                             0.2732
38               0.6818                             0.6542
39               0.3214                             0.2524
40               0.6994                             0.6746
41               0.3222                             0.2563
42               0.6896                             0.6637
43               0.3172                             0.2517
44               0.7014                             0.6782
45               0.3089                             0.2424
46               0.6948                             0.6702
47               0.3230                             0.2542
48               0.6727                             0.6453
49               0.3583                             0.2963
50               0.6670                             0.6390

================================================================================
 라운드별 모델 합성 가중치
================================================================================
          client_0_weight  client_1_weight  client_2_weight  client_3_weight  client_4_weight  client_5_weight  client_6_weight  client_7_weight  client_8_weight  client_9_weight
Round 1               0.1              0.1              0.1              0.1              0.1              0.1              0.1              0.1              0.1              0.1
Round 2               0.1              0.1              0.1              0.1              0.1              0.1              0.1              0.1              0.1              0.1
Round 3               0.1              0.1              0.1              0.1              0.1              0.1              0.1              0.1              0.1              0.1
Round 4               0.1              0.1              0.1              0.1              0.1              0.1              0.1              0.1              0.1              0.1
Round 5               0.1              0.1              0.1              0.1              0.1              0.1              0.1              0.1              0.1              0.1
Round 6               0.1              0.1              0.1              0.1              0.1              0.1              0.1              0.1              0.1              0.1
Round 7               0.1              0.1              0.1              0.1              0.1              0.1              0.1              0.1              0.1              0.1
Round 8               0.1              0.1              0.1              0.1              0.1              0.1              0.1              0.1              0.1              0.1
Round 9               0.1              0.1              0.1              0.1              0.1              0.1              0.1              0.1              0.1              0.1
Round 10              0.1              0.1              0.1              0.1              0.1              0.1              0.1              0.1              0.1              0.1
Round 11              0.1              0.1              0.1              0.1              0.1              0.1              0.1              0.1              0.1              0.1
Round 12              0.1              0.1              0.1              0.1              0.1              0.1              0.1              0.1              0.1              0.1
Round 13              0.1              0.1              0.1              0.1              0.1              0.1              0.1              0.1              0.1              0.1
Round 14              0.1              0.1              0.1              0.1              0.1              0.1              0.1              0.1              0.1              0.1
Round 15              0.1              0.1              0.1              0.1              0.1              0.1              0.1              0.1              0.1              0.1
Round 16              0.1              0.1              0.1              0.1              0.1              0.1              0.1              0.1              0.1              0.1
Round 17              0.1              0.1              0.1              0.1              0.1              0.1              0.1              0.1              0.1              0.1
Round 18              0.1              0.1              0.1              0.1              0.1              0.1              0.1              0.1              0.1              0.1
Round 19              0.1              0.1              0.1              0.1              0.1              0.1              0.1              0.1              0.1              0.1
Round 20              0.1              0.1              0.1              0.1              0.1              0.1              0.1              0.1              0.1              0.1
Round 21              0.1              0.1              0.1              0.1              0.1              0.1              0.1              0.1              0.1              0.1
Round 22              0.1              0.1              0.1              0.1              0.1              0.1              0.1              0.1              0.1              0.1
Round 23              0.1              0.1              0.1              0.1              0.1              0.1              0.1              0.1              0.1              0.1
Round 24              0.1              0.1              0.1              0.1              0.1              0.1              0.1              0.1              0.1              0.1
Round 25              0.1              0.1              0.1              0.1              0.1              0.1              0.1              0.1              0.1              0.1
Round 26              0.1              0.1              0.1              0.1              0.1              0.1              0.1              0.1              0.1              0.1
Round 27              0.1              0.1              0.1              0.1              0.1              0.1              0.1              0.1              0.1              0.1
Round 28              0.1              0.1              0.1              0.1              0.1              0.1              0.1              0.1              0.1              0.1
Round 29              0.1              0.1              0.1              0.1              0.1              0.1              0.1              0.1              0.1              0.1
Round 30              0.1              0.1              0.1              0.1              0.1              0.1              0.1              0.1              0.1              0.1
Round 31              0.1              0.1              0.1              0.1              0.1              0.1              0.1              0.1              0.1              0.1
Round 32              0.1              0.1              0.1              0.1              0.1              0.1              0.1              0.1              0.1              0.1
Round 33              0.1              0.1              0.1              0.1              0.1              0.1              0.1              0.1              0.1              0.1
Round 34              0.1              0.1              0.1              0.1              0.1              0.1              0.1              0.1              0.1              0.1
Round 35              0.1              0.1              0.1              0.1              0.1              0.1              0.1              0.1              0.1              0.1
Round 36              0.1              0.1              0.1              0.1              0.1              0.1              0.1              0.1              0.1              0.1
Round 37              0.1              0.1              0.1              0.1              0.1              0.1              0.1              0.1              0.1              0.1
Round 38              0.1              0.1              0.1              0.1              0.1              0.1              0.1              0.1              0.1              0.1
Round 39              0.1              0.1              0.1              0.1              0.1              0.1              0.1              0.1              0.1              0.1
Round 40              0.1              0.1              0.1              0.1              0.1              0.1              0.1              0.1              0.1              0.1
Round 41              0.1              0.1              0.1              0.1              0.1              0.1              0.1              0.1              0.1              0.1
Round 42              0.1              0.1              0.1              0.1              0.1              0.1              0.1              0.1              0.1              0.1
Round 43              0.1              0.1              0.1              0.1              0.1              0.1              0.1              0.1              0.1              0.1
Round 44              0.1              0.1              0.1              0.1              0.1              0.1              0.1              0.1              0.1              0.1
Round 45              0.1              0.1              0.1              0.1              0.1              0.1              0.1              0.1              0.1              0.1
Round 46              0.1              0.1              0.1              0.1              0.1              0.1              0.1              0.1              0.1              0.1
Round 47              0.1              0.1              0.1              0.1              0.1              0.1              0.1              0.1              0.1              0.1
Round 48              0.1              0.1              0.1              0.1              0.1              0.1              0.1              0.1              0.1              0.1
Round 49              0.1              0.1              0.1              0.1              0.1              0.1              0.1              0.1              0.1              0.1
Round 50              0.1              0.1              0.1              0.1              0.1              0.1              0.1              0.1              0.1              0.1

================================================================================
 라운드별 시간 측정 결과 (초)
================================================================================
          cli 0 train  cli 1 train  cli 2 train  cli 3 train  cli 4 train  cli 5 train  cli 6 train  cli 7 train  cli 8 train  cli 9 train  agg time  cli eval time  global eval time  total time
Round 1      4.399349     5.357606     6.162320     8.436747     9.614094     4.193780     9.986521     2.868166     5.939560     3.592895  0.317321              0          2.777323    6.191726
Round 2      4.368995     4.542119     7.201381     7.685930     9.335616     4.334305    10.781008     2.981684     6.507074     3.550610  0.335777              0          2.340393    5.655827
Round 3      3.927897     5.729051     7.029695     9.723461     8.219904     3.630753    11.392114     3.378957     6.489557     3.449353  0.320431              0          2.343496    5.352442
Round 4      4.275970     5.119942     6.956355     8.804433     9.848009     4.650904    11.305545     2.564001     7.506557     3.742605  0.298769              0          2.313564    5.382400
Round 5      4.633450     4.598351     6.544741     7.174417     9.867337     5.131677     7.688230     3.237858     7.456446     4.134555  0.297448              0          2.326140    5.368907
Round 6      5.216237     5.150927     7.928305     8.498326     9.363967     4.353896    10.625032     3.041939     6.771013     3.899387  0.299836              0          2.406563    5.384043
Round 7      5.135763     3.258615     8.150764     7.061120     8.675282     5.123635    10.889486     2.979155     8.064772     3.294645  0.329470              0          2.416376    5.514707
Round 8      4.630179     4.668643     7.145996     7.335675     6.103191     4.560708    11.205847     3.040679     7.238980     3.370451  0.292910              0          2.318074    5.428686
Round 9      5.569377     4.574350     8.005566     7.239831    10.681542     4.753993    11.046547     2.715265     6.743718     4.322202  0.297601              0          2.363238    5.351131
Round 10     4.969697     3.802773     7.292189     8.029494    10.009032     3.885127    10.887212     2.629619     8.403951     4.472647  0.304268              0          2.352318    5.344904
Round 11     5.734224     5.451053     7.045235     8.611728    10.558751     4.192434     9.799180     2.864261     6.777794     4.156756  0.293027              0          2.349962    5.332159
Round 12     4.799839     4.642349     7.019618     8.325558     5.696451     4.367566    10.651576     3.136163     6.606487     3.854201  0.288801              0          2.345322    5.303637
Round 13     5.656275     4.849708     7.271849     8.371632     8.574196     5.288242    10.843536     3.346826     6.449825     4.028756  0.293117              0          2.465681    5.514170
Round 14     5.164480     4.612015     7.135623     7.974628    10.055336     4.518585    10.004790     2.848822     6.970341     4.562895  0.288611              0          2.325088    5.433118
Round 15     4.810846     4.420140     7.299337     7.668404    10.794954     4.200337    10.082278     3.719405     7.581186     4.158357  0.303155              0          2.379380    5.658322
Round 16     5.172417     4.940938     6.795938     7.606515     9.940696     4.364565    10.504488     3.529619     6.511122     3.556106  0.279063              0          2.366386    5.335984
Round 17     4.562011     4.196186     7.190784     7.933152     9.728434     4.689972    10.398398     2.891006     7.016088     3.820270  0.292540              0          2.384019    5.457852
Round 18     5.169133     4.580186     7.385996     8.515927     9.843970     3.818079    10.702151     3.114548     7.279196     3.236926  0.289622              0          2.404685    5.433429
Round 19     4.499459     5.124282     6.416077     8.337184     9.210819     3.757514    11.835051     3.297387     7.184137     3.728413  0.301612              0          2.370908    5.402367
Round 20     5.178624     4.409903     6.213355     8.397948     9.434507     4.607662    11.341063     3.015575     7.236318     4.039778  0.343976              0          2.436821    5.499305
Round 21     5.105733     4.577576     8.249116     7.159570     8.775262     4.128730    11.818549     2.962690     7.627832     3.717528  0.288392              0          2.359649    5.554753
Round 22     4.506213     3.970703     7.637315     8.712815     9.968798     4.803054    10.084165     3.653622     6.776142     3.873770  0.286270              0          2.455310    5.550723
Round 23     4.771672     2.575595     7.592774     8.352164    10.447980     4.253996    10.749238     3.172640     6.828874     3.687128  0.285205              0          2.415552    5.634919
Round 24     5.170750     5.002666     7.213575     7.910461     9.728231     4.224677    10.569649     3.195797     7.087163     3.782514  0.291142              0          2.399780    5.722347
Round 25     4.477092     4.399534     8.483118     8.528044    10.092254     4.246859    11.183444     3.076726     6.732740     3.908021  0.292451              0          2.359626    5.535007
Round 26     4.586229     4.508888     7.111498     8.079320    10.331045     5.099403    11.450278     3.538306     7.577762     3.837785  0.295536              0          2.477925    5.474719
Round 27     4.980645     4.437758     7.306429     8.765117     9.472576     4.312422    10.428133     2.774482     6.186795     4.163999  0.314123              0          2.326397    5.649331
Round 28     4.906454     4.433594     7.362855     8.095256    10.463031     4.360281    11.381590     3.103356     7.252783     3.808751  0.289276              0          2.409520    5.458333
Round 29     3.163723     4.641952     8.265755     7.308592    10.191818     4.583665    11.377306     2.626329     7.125588     4.267998  0.324568              0          2.330833    5.333751
Round 30     3.659400     4.598209     7.211812     8.332704     9.281943     4.424117    11.225303     2.731236     6.921144     3.705883  0.302318              0          2.457634    5.503452
Round 31     4.469208     4.290826     7.915457     7.815441    10.695904     4.791948    11.070292     3.549664     7.627546     4.550096  0.297650              0          2.365389    5.370480
Round 32     3.233576     5.136363     6.949070     8.615610     9.449750     4.400230    10.973120     3.148853     7.299564     3.891315  0.296947              0          2.384821    5.414855
Round 33     5.617807     4.371198     7.100704     8.739682     9.450173     5.022436    12.023990     3.508692     6.401878     3.759238  0.286599              0          2.358816    5.354303
Round 34     5.686975     4.284699     7.081487     7.956769    10.845622     4.409520    11.371457     2.792997     5.891935     3.082950  0.292176              0          2.417311    5.509847
Round 35     5.143993     3.932084     7.175742     7.465929    11.169652     4.852362    11.229933     3.102191     5.219712     3.885780  0.351907              0          2.368408    5.669610
Round 36     5.164565     4.960074     7.958746     8.336213    10.271400     4.176436    10.774428     2.772090     6.599015     4.246382  0.290842              0          2.344853    5.301995
Round 37     5.221471     4.655975     7.141057     8.999851     9.553567     4.332248    11.656688     3.660896     4.815080     4.276263  0.293190              0          2.414993    5.617317
Round 38     4.647398     4.786432     6.037876     9.396120    11.384227     4.867385    10.912521     2.713138     6.390484     3.655009  0.284164              0          2.432913    5.733387
Round 39     4.859497     4.787322     6.913306     9.042032     8.051303     3.957004    10.363820     3.750834     7.303597     4.073418  0.288054              0          2.344329    5.408865
Round 40     5.252760     5.195760     7.260085     8.048097    10.341172     5.118488     9.774809     2.938378     7.827169     4.263363  0.302296              0          2.402616    5.497349
Round 41     4.426415     4.385329     6.976443     7.709680    10.365491     4.307671    11.666741     3.508772     7.213496     3.686420  0.296071              0          2.366503    5.577040
Round 42     4.652202     4.405674     6.525083     7.630009    10.736120     4.686528    10.548030     3.739162     7.165998     3.899942  0.290522              0          2.363818    5.450259
Round 43     4.674927     4.304075     7.331481     9.155686     9.316791     4.231498    12.664621     3.466264     6.550136     3.521154  0.332755              0          2.348792    5.366479
Round 44     4.899111     4.837505     8.065092     7.220815    10.450042     4.670437    10.461615     3.442620     7.610451     3.448667  0.291355              0          2.425080    5.421112
Round 45     4.873748     4.387938     7.849999     7.886456     9.422068     4.519764    11.570559     3.148842     6.846531     3.682863  0.284613              0          2.394478    5.364834
Round 46     4.737092     5.028738     7.472953     7.690785     6.738940     4.615812     9.428498     4.014057     7.110559     3.938387  0.293230              0          2.389887    5.533220
Round 47     4.784459     5.097389     7.449254     9.551796     9.568553     4.504006    10.660907     3.074846     5.284938     3.045985  0.308858              0          2.350521    5.583489
Round 48     5.559546     4.273663     6.845742     9.102044     8.389485     4.483021     9.431349     2.867336     8.473510     3.590493  0.288754              0          2.472069    5.481177
Round 49     4.564981     4.631692     7.850221     6.309192     8.672179     4.454390    12.688753     2.731701     7.840159     3.659379  0.320716              0          2.401343    5.421087
Round 50     5.317007     4.833431     7.168847     8.758795    10.383979     4.576772    10.796839     3.478451     6.753509     3.712608  0.301891              0          2.405342    5.448631

총 시뮬레이션 시간: 274.29초

================================================================================
 시뮬레이션 파라미터
================================================================================
NUM_CLIENTS: 10
NUM_ROUNDS: 50
LOCAL_EPOCHS: 2
DIRICHLET_ALPHA: 0.5
MIN_SAMPLES_PER_CLASS: 100
RANDOM_SEED: 42
NUM_COMMITTEE_MEMBERS: 3
EWMA_BETA: 0.3
CONTRIBUTION_SCALING_FACTOR: 1.5
NUM_NOISE_ATTACKERS: 0
NUM_DATAF_ATTACKERS: 4
DATAF_POISON_LEVEL: 3
COMMITTEE_EVAL_SKIPPED: True
