================================================================================
 데이터 분할 현황
================================================================================
   Client  Num Samples  Class 0  Class 1  Class 2  Class 3  Class 4  Class 5  Class 6  Class 7  Class 8  Class 9
0       0         3847      107      886      649      195      364      377      299      428      111      431
1       1         3575      454      100      263      839      337      491      104      509      370      108
2       2         5709     1131      102      484      537      627      244      122      235     2051      176
3       3         6301      216     1611      101      123      495      967      604     1405      150      629
4       4         7718      717      395      732      240     1916      828     2149      310      308      123
5       5         3473      165      276      835      233      110      353      364      397      378      362
6       6         8597      145      265     1131     1565      111      234      914     1270     1035     1927
7       7         2454      100      295      286      191      136      511      100      215      357      263
8       8         5403     1743      827      413      519      185      767      183      100      132      534
9       9         2923      222      243      106      558      719      228      161      131      108      447

================================================================================
 라운드별 글로벌 모델 정확도
================================================================================
       Overall_Accuracy
Round                  
1                0.1251
2                0.3399
3                0.5877
4                0.6758
5                0.7000
6                0.7178
7                0.7400
8                0.7577
9                0.7624
10               0.7651
11               0.7700
12               0.7737
13               0.7761
14               0.7805
15               0.7892
16               0.7885
17               0.7866
18               0.7915
19               0.7908
20               0.7903
21               0.7874
22               0.7912
23               0.7918
24               0.7920
25               0.7867
26               0.7876
27               0.7915
28               0.7868
29               0.7941
30               0.7911
31               0.7884
32               0.7901
33               0.7909
34               0.7900
35               0.7899
36               0.7901
37               0.7882
38               0.7904
39               0.7873
40               0.7919
41               0.7905
42               0.7943
43               0.7970
44               0.7939
45               0.7952
46               0.7915
47               0.7945
48               0.7947
49               0.7946
50               0.7949

================================================================================
 라운드별 모델 합성 가중치
================================================================================
          client_0_weight  client_1_weight  client_2_weight  client_3_weight  client_4_weight  client_5_weight  client_6_weight  client_7_weight  client_8_weight  client_9_weight
Round 1          0.127638         0.081420         0.098025         0.129227         0.149399         0.092623         0.118193         0.088510         0.098774         0.016190
Round 2          0.109062         0.098491         0.115786         0.122817         0.124881         0.101662         0.140224         0.073669         0.098192         0.015216
Round 3          0.098418         0.104332         0.102109         0.121412         0.131877         0.109785         0.139987         0.084476         0.094260         0.013343
Round 4          0.094402         0.108515         0.112760         0.120188         0.123339         0.111023         0.122634         0.091822         0.103859         0.011459
Round 5          0.095184         0.113226         0.116273         0.114470         0.118794         0.100688         0.109401         0.108782         0.112933         0.010251
Round 6          0.102610         0.109850         0.112158         0.100655         0.116604         0.107113         0.110206         0.114510         0.116994         0.009299
Round 7          0.109386         0.104800         0.108813         0.101536         0.118528         0.110956         0.109183         0.119057         0.108924         0.008817
Round 8          0.115739         0.108381         0.108371         0.109072         0.111242         0.104759         0.108126         0.119136         0.106784         0.008391
Round 9          0.116363         0.107800         0.106048         0.111974         0.111050         0.108346         0.105265         0.116311         0.108966         0.007878
Round 10         0.118246         0.107232         0.106531         0.112773         0.109604         0.109137         0.105554         0.115029         0.108391         0.007504
Round 11         0.116167         0.108673         0.104449         0.113804         0.109723         0.109596         0.104551         0.115994         0.109821         0.007223
Round 12         0.117096         0.106618         0.105839         0.113769         0.109806         0.111523         0.099141         0.117796         0.111412         0.007000
Round 13         0.115863         0.110413         0.107396         0.114722         0.108159         0.112134         0.103114         0.117431         0.103876         0.006892
Round 14         0.114599         0.109240         0.108832         0.113942         0.107731         0.112855         0.104044         0.117304         0.104692         0.006761
Round 15         0.110591         0.107817         0.108521         0.110563         0.108347         0.113949         0.107393         0.121511         0.104616         0.006691
Round 16         0.115791         0.104519         0.106832         0.108607         0.107889         0.115655         0.108204         0.122177         0.103737         0.006590
Round 17         0.116551         0.108345         0.099032         0.111940         0.107963         0.117763         0.104549         0.122725         0.104627         0.006505
Round 18         0.118248         0.112398         0.098476         0.112812         0.108887         0.120278         0.101321         0.124079         0.097094         0.006406
Round 19         0.122821         0.110605         0.101957         0.110490         0.104035         0.117793         0.097481         0.127283         0.101332         0.006203
Round 20         0.123874         0.113562         0.100189         0.112447         0.101889         0.118991         0.094471         0.127595         0.100780         0.006201
Round 21         0.126518         0.114858         0.100469         0.111064         0.101433         0.121254         0.086249         0.129333         0.102603         0.006219
Round 22         0.124290         0.111838         0.098357         0.114720         0.102435         0.122917         0.088134         0.129363         0.101788         0.006157
Round 23         0.123381         0.112478         0.102369         0.114399         0.097718         0.118167         0.092117         0.126533         0.106817         0.006022
Round 24         0.122672         0.115695         0.099322         0.109734         0.097391         0.119333         0.098129         0.124745         0.107007         0.005972
Round 25         0.115866         0.116833         0.099549         0.113500         0.103555         0.121401         0.087622         0.126303         0.109586         0.005786
Round 26         0.116721         0.114607         0.103523         0.112340         0.105762         0.119809         0.090368         0.123053         0.108068         0.005747
Round 27         0.119327         0.103782         0.102265         0.113241         0.103592         0.121062         0.094136         0.124779         0.112011         0.005805
Round 28         0.120489         0.108933         0.099119         0.110857         0.105068         0.119461         0.093737         0.124878         0.111585         0.005871
Round 29         0.122778         0.113840         0.095497         0.114185         0.108416         0.121050         0.094391         0.125057         0.098897         0.005890
Round 30         0.120686         0.108464         0.099992         0.113907         0.110081         0.117821         0.098341         0.122709         0.102230         0.005768
Round 31         0.108119         0.112763         0.102565         0.111580         0.110606         0.118701         0.101677         0.123045         0.105612         0.005333
Round 32         0.101514         0.118171         0.106285         0.114514         0.096630         0.120138         0.107116         0.125809         0.104272         0.005550
Round 33         0.107237         0.118021         0.107590         0.113974         0.101921         0.118897         0.099915         0.123925         0.103238         0.005282
Round 34         0.110383         0.117537         0.107976         0.112758         0.102544         0.118164         0.099983         0.122265         0.102741         0.005649
Round 35         0.112624         0.116926         0.106390         0.112323         0.101459         0.117264         0.102090         0.120182         0.105166         0.005576
Round 36         0.113573         0.114669         0.107790         0.110935         0.102429         0.116158         0.103448         0.119063         0.106431         0.005504
Round 37         0.114107         0.114085         0.108051         0.110535         0.102804         0.115572         0.103605         0.118137         0.107661         0.005443
Round 38         0.100568         0.115376         0.109416         0.112718         0.105873         0.116521         0.104322         0.119187         0.110539         0.005480
Round 39         0.105088         0.114487         0.109723         0.109816         0.107348         0.115797         0.104234         0.118118         0.109952         0.005437
Round 40         0.108078         0.115907         0.109458         0.111555         0.109501         0.117017         0.095634         0.118449         0.108923         0.005478
Round 41         0.101210         0.119671         0.105242         0.115543         0.099292         0.120400         0.096786         0.122405         0.113820         0.005631
Round 42         0.105989         0.117986         0.103974         0.112230         0.101320         0.118546         0.099993         0.120779         0.113545         0.005637
Round 43         0.108669         0.116327         0.105474         0.111410         0.103554         0.116897         0.101037         0.119368         0.111744         0.005520
Round 44         0.110245         0.115352         0.105024         0.111466         0.105675         0.115437         0.102116         0.118427         0.110819         0.005438
Round 45         0.113480         0.116475         0.095224         0.112918         0.103511         0.116589         0.103952         0.119672         0.112742         0.005437
Round 46         0.113499         0.115792         0.098662         0.110616         0.104984         0.115945         0.104978         0.118386         0.111757         0.005381
Round 47         0.110408         0.115009         0.101856         0.111118         0.106340         0.114586         0.105195         0.117988         0.112141         0.005359
Round 48         0.111832         0.114761         0.103538         0.111653         0.106389         0.114393         0.105389         0.117244         0.109471         0.005331
Round 49         0.114927         0.116405         0.106603         0.113405         0.096891         0.116374         0.107459         0.118073         0.104479         0.005384
Round 50         0.116751         0.117530         0.109554         0.113163         0.102401         0.099485         0.107831         0.119404         0.108454         0.005428

================================================================================
 라운드별 시간 측정 결과 (초)
================================================================================
          cli 0 train  cli 1 train  cli 2 train  cli 3 train  cli 4 train  cli 5 train  cli 6 train  cli 7 train  cli 8 train  cli 9 train  agg time  cli eval time  global eval time  total time
Round 1      5.146168     9.228388     8.213353    15.152570    13.263555     7.846828    20.271095     6.387995     7.877533          0.1  0.798433      40.924851          4.464893   46.188497
Round 2     10.147842     9.176319    10.581266    15.144652    18.442037     9.043302    17.448916     6.431220    13.343594          0.1  0.387891      36.674849          4.445074   41.508127
Round 3      9.589898     8.469514    14.659716    16.352931    15.844215     8.677631    20.512826     4.021873    13.522877          0.1  0.351922      40.021603          4.267831   44.641624
Round 4      6.717518     8.234780    12.232545    13.097718    19.192312     9.316988    17.894108     6.142104    13.117622          0.1  0.356507      41.093371          4.293441   45.743566
Round 5      9.137042     6.671687    10.231116    16.097944    19.593300     6.087433    21.764589     6.875360    13.699333          0.1  0.354156      41.885244          3.838494   46.078167
Round 6      7.086044     8.286974    14.366831    15.192333    19.407865     8.800105    20.955167     5.202810    13.914878          0.1  0.359746      42.040468          2.785010   45.185488
Round 7     10.325532     9.352075    14.628560    14.966162    19.478037     9.035703    20.897010     5.754333    13.473894          0.1  0.358825      41.371690          3.755450   45.486242
Round 8      7.957450     9.096123    14.392572    15.749416    19.475357     9.145282    21.496802     6.380117    11.944682          0.1  0.380621      41.185837          3.948530   45.515275
Round 9      6.490581     5.994345    14.467691    16.196470    18.915106     9.203973    18.874114     6.588140    13.274794          0.1  0.367856      42.450112          2.944926   45.763177
Round 10     9.736354     8.977571    14.268328    14.805637    17.657287     8.993654    21.321203     6.958714    13.557638          0.1  0.373110      42.709469          2.760229   45.843068
Round 11     9.975771     8.977407    13.984707    15.865485    18.544219     9.043252    14.279043     6.667797    13.436436          0.1  0.378487      42.494810          2.640651   45.514263
Round 12     9.958909     9.550105    14.064496    15.344276    19.556599     7.251213    20.702728     4.690009    13.755491          0.1  0.359990      41.264636          3.396768   45.021692
Round 13     9.785750     8.873436    10.310885    16.031153    14.859813     8.982034    21.643333     6.387916    13.757056          0.1  0.377062      41.880818          4.198713   46.456862
Round 14     9.386483     9.279860    11.672991    16.024080    19.140081     8.239195    17.513108     6.916007    13.681025          0.1  0.355462      38.950327          4.347120   43.653219
Round 15     9.603860     8.936531    14.481627    13.308832    19.690348     8.889193    18.237470     4.191421    13.419026          0.1  0.363814      40.258596          4.608820   45.231546
Round 16     7.384468     8.805455    12.693707    12.711673    19.599621     8.786857    20.354273     6.200398     9.808708          0.1  0.354285      42.815046          4.588106   47.757705
Round 17     9.894075     9.263282    10.302308    13.652124    14.138535     8.967857    20.499334     6.592963    12.312262          0.1  0.388565      41.551411          4.676152   46.616390
Round 18    10.327132     9.107630    12.775720    12.295829    15.219450     8.955941    21.389678     5.456822     9.936255          0.1  0.359790      40.693529          4.480731   45.534328
Round 19     9.868527     7.737226    14.400015    15.273113    18.427620     9.269787    17.286178     6.653080     9.570760          0.1  0.359064      43.309064          4.641570   48.309928
Round 20     9.854969     9.051317    14.540670    15.220770    15.434573     9.072623    18.287267     5.237039    11.259563          0.1  0.376976      42.698508          4.307517   47.383379
Round 21     7.932375     9.509086    14.078063    13.917397    19.424168     8.594577    21.441652     6.620450     8.921528          0.1  0.371251      41.707537          4.724257   46.803299
Round 22    10.038480     8.713080    13.010329    15.391540    18.967402     8.613811    18.625417     6.926610    12.574803          0.1  0.402675      42.039584          4.496621   46.939154
Round 23     9.024757     5.991286    11.540375    16.100888    19.614363     9.375983    20.997111     6.048490    13.621979          0.1  0.363829      42.319448          4.397923   47.081446
Round 24     9.316057     9.358273    14.523540    15.778102    15.475567     9.260820    17.947650     6.596904    13.497685          0.1  0.365144      42.375581          4.384784   47.125752
Round 25     8.921097     6.718691    13.089293    16.658057    16.052862     8.995914    21.325398     6.432708     9.962521          0.1  0.362944      42.425138          4.711776   47.500147
Round 26     9.994719     9.272884    14.234502    14.352335    16.253508     8.772293    21.516375     6.666287    10.411269          0.1  0.349599      34.329561          2.488496   37.167920
Round 27     5.271750     4.312823     7.877066     8.424201    10.741509     4.843636    11.111630     3.377170     7.026353          0.1  0.356890      24.855347          2.450983   27.663438
Round 28     5.336596     4.310909     7.660324     8.243994    10.711730     5.143620    10.953329     3.499862     7.074045          0.1  0.351727      24.675861          2.463143   27.490956
Round 29     5.454343     4.377641     6.918315     8.364814     8.693412     5.249130    11.066417     3.187235     6.979537          0.1  0.341785      25.021961          2.502565   27.866637
Round 30     5.151455     4.678341     7.278289     8.602238    10.252279     4.842016    11.139828     3.339731     7.709631          0.1  0.346096      24.847036          2.455744   27.649086
Round 31     5.014570     4.887194     7.697189     8.605456    10.385986     4.692885    11.358087     3.276921     7.755723          0.1  0.352768      25.029669          2.454101   27.836762
Round 32     4.627794     4.778236     8.057663     8.200513    11.462151     5.044770    11.418150     3.170808     6.991603          0.1  0.346474      24.938124          2.496817   27.781633
Round 33     5.006665     5.157084     7.661569     8.160586    10.901940     4.678703    11.273340     3.529958     7.812401          0.1  0.349571      24.933299          2.464149   27.747303
Round 34     4.995409     4.664755     7.408286     8.254168    10.838143     4.766045    11.041289     3.621995     6.798314          0.1  0.382260      24.973625          2.453475   27.809566
Round 35     5.142720     4.626069     6.978845     8.454933     9.909718     4.918705    12.035375     3.422227     6.775264          0.1  0.338923      25.029635          2.535164   27.903971
Round 36     5.473597     4.863946     7.704810     7.475508    10.780732     4.700783    10.874759     2.986792     6.331604          0.1  0.338227      24.846545          2.477859   27.662854
Round 37     5.237545     3.079508     7.645255     8.598164    10.443976     4.648096    11.554453     3.312479     7.343733          0.1  0.350250      24.969134          2.461320   27.780991
Round 38     4.757123     5.146981     8.293281     7.832998     9.939638     4.735564    10.588275     3.282656     7.388813          0.1  0.345964      24.941911          2.456914   27.745040
Round 39     4.632829     4.649781     7.035279     8.231178     9.929817     5.117513     9.655510     3.646061     6.897368          0.1  0.361415      24.866244          2.477930   27.705866
Round 40     5.455235     2.727968     7.913099     8.546802    10.687078     4.738286    11.803191     3.112179     7.585238          0.1  0.348760      24.830729          2.489146   27.668918
Round 41     5.298925     4.421304     7.522173     8.030640     7.568946     4.859188    11.952790     3.299344     7.307967          0.1  0.342037      24.905757          2.515792   27.763837
Round 42     5.275158     4.832965     7.508771     7.908331    10.232275     4.905843     9.739893     3.595632     7.891263          0.1  0.339123      24.892506          2.488853   27.720740
Round 43     4.798915     4.638987     6.826273     8.550329    10.649684     4.872278    10.783296     3.279844     7.574632          0.1  0.345028      24.845736          2.455228   27.646256
Round 44     5.047750     5.132829     7.181880     8.646331     6.633630     4.627076    11.641832     3.210889     7.566171          0.1  0.359784      24.830561          2.459962   27.650568
Round 45     4.867686     4.808344     7.292247     8.528780     9.818134     4.330709    11.209194     3.020134     7.132808          0.1  0.345512      24.907996          2.448285   27.702085
Round 46     5.226510     4.514631     6.996748     7.851767     8.313386     4.986680    11.374099     3.519751     7.195811          0.1  0.352714      24.886592          2.497229   27.736793
Round 47     5.312628     5.000543     7.232838     6.837621    10.566332     4.997319    10.873307     3.635256     6.982357          0.1  0.342765      24.951334          2.513355   27.807717
Round 48     5.069502     5.055259     7.702774     7.804190     9.473317     4.949888    11.149716     3.344984     5.537019          0.1  0.341361      24.902636          2.498390   27.742641
Round 49     5.054560     4.895607     6.953222     7.479271     9.224360     4.773141    11.591019     3.404886     6.913940          0.1  0.341901      24.946952          2.505465   27.794572
Round 50     5.180076     3.175882     7.759461     8.077220    10.396787     4.676359    11.091061     3.325490     7.433767          0.1  0.349833      25.248724          2.574198   28.172986

총 시뮬레이션 시간: 1852.10초

================================================================================
 시뮬레이션 파라미터
================================================================================
NUM_CLIENTS: 10
NUM_ROUNDS: 50
LOCAL_EPOCHS: 2
DIRICHLET_ALPHA: 0.5
MIN_SAMPLES_PER_CLASS: 100
RANDOM_SEED: 42
NUM_COMMITTEE_MEMBERS: 3
EWMA_BETA: 0.3
CONTRIBUTION_SCALING_FACTOR: 1.5
NUM_NOISE_ATTACKERS: 1
NUM_DATAF_ATTACKERS: 0
DATAF_POISON_LEVEL: 0
COMMITTEE_EVAL_SKIPPED: False
