================================================================================
 데이터 분할 현황
================================================================================
   Client  Num Samples  Class 0  Class 1  Class 2  Class 3  Class 4  Class 5  Class 6  Class 7  Class 8  Class 9
0       0         3702       58      935      667      157      347      361      274      419       62      422
1       1         3398      448       50      234      881      317      490       55      511      353       59
2       2         5798     1210       52      482      541      642      212       75      202     2246      136
3       3         6461      180     1750       51       76      494     1025      617     1516      107      645
4       4         8058      744      382      762      208     2092      869     2355      286      284       76
5       5         3282      124      248      877      200       61      334      347      384      362      345
6       6         9048      101      236     1210     1697       63      201      966     1367     1102     2105
7       7         2138       50      269      259      153       91      513       50      180      339      234
8       8         5453     1898      868      402      522      146      800      143       50       86      538
9       9         2662      187      210       56      565      747      195      118       85       59      440

================================================================================
 라운드별 글로벌 모델 정확도
================================================================================
Round	Accuracy
1	0.1025
2	0.3722
3	0.5818
4	0.6727
5	0.702
6	0.7202
7	0.729
8	0.7389
9	0.7399
10	0.7495
11	0.7525
12	0.7544
13	0.7571
14	0.7595
15	0.7608
16	0.7569
17	0.7612
18	0.7573
19	0.7608


================================================================================
 라운드별 모델 합성 가중치
================================================================================
          client_0_weight  client_1_weight  client_2_weight  client_3_weight  client_4_weight  client_5_weight  client_6_weight  client_7_weight  client_8_weight  client_9_weight
Round 1               0.1              0.1              0.1              0.1              0.1              0.1              0.1              0.1              0.1              0.1
Round 2               0.1              0.1              0.1              0.1              0.1              0.1              0.1              0.1              0.1              0.1
Round 3               0.1              0.1              0.1              0.1              0.1              0.1              0.1              0.1              0.1              0.1
Round 4               0.1              0.1              0.1              0.1              0.1              0.1              0.1              0.1              0.1              0.1
Round 5               0.1              0.1              0.1              0.1              0.1              0.1              0.1              0.1              0.1              0.1
Round 6               0.1              0.1              0.1              0.1              0.1              0.1              0.1              0.1              0.1              0.1
Round 7               0.1              0.1              0.1              0.1              0.1              0.1              0.1              0.1              0.1              0.1
Round 8               0.1              0.1              0.1              0.1              0.1              0.1              0.1              0.1              0.1              0.1
Round 9               0.1              0.1              0.1              0.1              0.1              0.1              0.1              0.1              0.1              0.1
Round 10              0.1              0.1              0.1              0.1              0.1              0.1              0.1              0.1              0.1              0.1
Round 11              0.1              0.1              0.1              0.1              0.1              0.1              0.1              0.1              0.1              0.1
Round 12              0.1              0.1              0.1              0.1              0.1              0.1              0.1              0.1              0.1              0.1
Round 13              0.1              0.1              0.1              0.1              0.1              0.1              0.1              0.1              0.1              0.1
Round 14              0.1              0.1              0.1              0.1              0.1              0.1              0.1              0.1              0.1              0.1
Round 15              0.1              0.1              0.1              0.1              0.1              0.1              0.1              0.1              0.1              0.1
Round 16              0.1              0.1              0.1              0.1              0.1              0.1              0.1              0.1              0.1              0.1
Round 17              0.1              0.1              0.1              0.1              0.1              0.1              0.1              0.1              0.1              0.1
Round 18              0.1              0.1              0.1              0.1              0.1              0.1              0.1              0.1              0.1              0.1
Round 19              0.1              0.1              0.1              0.1              0.1              0.1              0.1              0.1              0.1              0.1

================================================================================
 라운드별 시간 측정 결과 (초)
================================================================================
          cli 0 train  cli 1 train  cli 2 train  cli 3 train  cli 4 train  cli 5 train  cli 6 train  cli 7 train  cli 8 train  cli 9 train  agg time  cli eval time  global eval time  total time
Round 1     18.432753    21.069623    26.547942    19.497045    50.098197    20.797677    53.619797     7.115470    18.772604    16.744004  0.339307              0          5.129939    5.469709
Round 2     15.015985    15.840668    28.741553    34.634140    37.813321    19.684054    37.337001    10.347493    22.242028    13.005733  0.279171              0          4.310838    4.590394
Round 3     23.950225    21.961567    37.591054    33.414130    52.321228     9.137851    57.737236    14.561738    35.045514    12.480242  0.266474              0          2.583463    2.850320
Round 4     23.916194    22.224195    32.895842    25.771200    48.025151    13.320467    55.440582    14.298882    34.792176    11.105923  0.260764              0          4.543581    4.804725
Round 5     14.906690    20.544291    25.256988    28.141257    32.824700    18.159205    45.503465    13.156772    28.814173    13.321261  0.267051              0          4.516793    4.784227
Round 6     15.189392    22.508646    37.690238    41.655988    40.698152    21.690893    51.694329     8.532093    35.375585    17.877436  0.292220              0          2.869543    3.162170
Round 7     24.501737    22.273006    26.091436    36.081126    52.762051    21.695987    58.629857    13.976320    23.517750    17.597929  0.264744              0          4.645742    4.910719
Round 8     24.981574    14.324233    26.353382    33.957205    51.681081    13.818921    38.773462     9.081978    28.811153    11.324462  0.267949              0          4.541925    4.810250
Round 9     23.902842    21.959150    23.871464    41.871306    49.221445    13.442515    36.890977    10.414003    23.368083    11.290715  0.244561              0          4.614163    4.859113
Round 10    23.995497    14.577824    37.231461    41.652970    52.283260    13.600285    58.727066    13.507796    35.541878    15.790740  0.265060              0          2.645892    2.911354
Round 11    15.338943    22.263767    33.851347    42.207302    52.000872    13.554418    38.076768    11.113428    35.855702    17.948130  0.313705              0          4.386217    4.700308
Round 12    21.422643    22.794608    27.986434    39.212023    33.246031    13.567803    37.080314    14.236370    27.166955    17.733303  0.275663              0          4.895847    5.171739
Round 13    24.657115    17.005682    38.271994    42.226283    29.366296    21.629505    41.729637     8.923050    36.107547    11.489861  0.295903              0          2.857151    3.153429
Round 14    24.203025    22.233859    37.854450    42.677264    30.420658    21.391752    59.577383    14.567453    35.119645    17.540793  0.343200              0          2.832987    3.176602
Round 15    23.783992    22.755718    31.850537    38.453416    33.245467    13.584682    58.345162    14.661642    22.648068    17.894373  0.261714              0          4.658020    4.919941
Round 16    16.060419    18.446804    26.300683    26.556330    52.007673    14.788041    38.001648     9.021399    35.701023    17.083119  0.236691              0          4.574420    4.811489
Round 17    23.724143    14.652777    37.559910    42.143904    36.678200    22.139943    51.018342    14.341477    35.345189    16.933600  0.302731              0          2.727922    3.031038
Round 18    24.390038    14.086675    24.248640    41.780692    47.395270    18.386290    47.996500    14.668554    35.025427    17.914430  0.244442              0          4.930768    5.175421
Round 19    20.095008    14.242577    31.332096    34.297330    35.177688    13.744004    39.208425    10.859478    26.970840    11.328841  0.241035              0          4.497364    4.738795

총 시뮬레이션 시간: 82.03초

================================================================================
 시뮬레이션 파라미터
================================================================================
NUM_CLIENTS: 10
NUM_ROUNDS: 100
LOCAL_EPOCHS: 5
DIRICHLET_ALPHA: 0.5
MIN_SAMPLES_PER_CLASS: 50
RANDOM_SEED: 42
NUM_COMMITTEE_MEMBERS: 3
EWMA_BETA: 0.9
NUM_NOISE_ATTACKERS: 0
NUM_DATAF_ATTACKERS: 3
COMMITTEE_EVAL_SKIPPED: True
