================================================================================
 데이터 분할 현황
================================================================================
   Client  Num Samples  Class 0  Class 1  Class 2  Class 3  Class 4  Class 5  Class 6  Class 7  Class 8  Class 9
0       0         3702       58      935      667      157      347      361      274      419       62      422
1       1         3398      448       50      234      881      317      490       55      511      353       59
2       2         5798     1210       52      482      541      642      212       75      202     2246      136
3       3         6461      180     1750       51       76      494     1025      617     1516      107      645
4       4         8058      744      382      762      208     2092      869     2355      286      284       76
5       5         3282      124      248      877      200       61      334      347      384      362      345
6       6         9048      101      236     1210     1697       63      201      966     1367     1102     2105
7       7         2138       50      269      259      153       91      513       50      180      339      234
8       8         5453     1898      868      402      522      146      800      143       50       86      538
9       9         2662      187      210       56      565      747      195      118       85       59      440

================================================================================
 라운드별 글로벌 모델 정확도
================================================================================
       Overall_Accuracy  Poisoned_Acc([1,5,8])
Round                                         
1                0.1027                 0.0000
2                0.3133                 0.0357
3                0.4893                 0.1780
4                0.5824                 0.3450
5                0.6299                 0.4250
6                0.6568                 0.4673
7                0.6659                 0.4943
8                0.7023                 0.5490
9                0.7104                 0.5877
10               0.7283                 0.6197
11               0.7277                 0.6140
12               0.7376                 0.6147
13               0.7373                 0.6280
14               0.7367                 0.6167
15               0.7555                 0.6747
16               0.7442                 0.6313
17               0.7470                 0.6333
18               0.7553                 0.6697
19               0.7527                 0.6630
20               0.7517                 0.6527
21               0.7448                 0.6227
22               0.7406                 0.6103
23               0.7295                 0.5843
24               0.7534                 0.6553
25               0.7474                 0.6413
26               0.7482                 0.6323
27               0.7357                 0.6090
28               0.7527                 0.6727
29               0.7318                 0.5867
30               0.7651                 0.7053

================================================================================
 라운드별 모델 합성 가중치
================================================================================
          client_0_weight  client_1_weight  client_2_weight  client_3_weight  client_4_weight  client_5_weight  client_6_weight  client_7_weight  client_8_weight  client_9_weight
Round 1               0.1              0.1              0.1              0.1              0.1              0.1              0.1              0.1              0.1              0.1
Round 2               0.1              0.1              0.1              0.1              0.1              0.1              0.1              0.1              0.1              0.1
Round 3               0.1              0.1              0.1              0.1              0.1              0.1              0.1              0.1              0.1              0.1
Round 4               0.1              0.1              0.1              0.1              0.1              0.1              0.1              0.1              0.1              0.1
Round 5               0.1              0.1              0.1              0.1              0.1              0.1              0.1              0.1              0.1              0.1
Round 6               0.1              0.1              0.1              0.1              0.1              0.1              0.1              0.1              0.1              0.1
Round 7               0.1              0.1              0.1              0.1              0.1              0.1              0.1              0.1              0.1              0.1
Round 8               0.1              0.1              0.1              0.1              0.1              0.1              0.1              0.1              0.1              0.1
Round 9               0.1              0.1              0.1              0.1              0.1              0.1              0.1              0.1              0.1              0.1
Round 10              0.1              0.1              0.1              0.1              0.1              0.1              0.1              0.1              0.1              0.1
Round 11              0.1              0.1              0.1              0.1              0.1              0.1              0.1              0.1              0.1              0.1
Round 12              0.1              0.1              0.1              0.1              0.1              0.1              0.1              0.1              0.1              0.1
Round 13              0.1              0.1              0.1              0.1              0.1              0.1              0.1              0.1              0.1              0.1
Round 14              0.1              0.1              0.1              0.1              0.1              0.1              0.1              0.1              0.1              0.1
Round 15              0.1              0.1              0.1              0.1              0.1              0.1              0.1              0.1              0.1              0.1
Round 16              0.1              0.1              0.1              0.1              0.1              0.1              0.1              0.1              0.1              0.1
Round 17              0.1              0.1              0.1              0.1              0.1              0.1              0.1              0.1              0.1              0.1
Round 18              0.1              0.1              0.1              0.1              0.1              0.1              0.1              0.1              0.1              0.1
Round 19              0.1              0.1              0.1              0.1              0.1              0.1              0.1              0.1              0.1              0.1
Round 20              0.1              0.1              0.1              0.1              0.1              0.1              0.1              0.1              0.1              0.1
Round 21              0.1              0.1              0.1              0.1              0.1              0.1              0.1              0.1              0.1              0.1
Round 22              0.1              0.1              0.1              0.1              0.1              0.1              0.1              0.1              0.1              0.1
Round 23              0.1              0.1              0.1              0.1              0.1              0.1              0.1              0.1              0.1              0.1
Round 24              0.1              0.1              0.1              0.1              0.1              0.1              0.1              0.1              0.1              0.1
Round 25              0.1              0.1              0.1              0.1              0.1              0.1              0.1              0.1              0.1              0.1
Round 26              0.1              0.1              0.1              0.1              0.1              0.1              0.1              0.1              0.1              0.1
Round 27              0.1              0.1              0.1              0.1              0.1              0.1              0.1              0.1              0.1              0.1
Round 28              0.1              0.1              0.1              0.1              0.1              0.1              0.1              0.1              0.1              0.1
Round 29              0.1              0.1              0.1              0.1              0.1              0.1              0.1              0.1              0.1              0.1
Round 30              0.1              0.1              0.1              0.1              0.1              0.1              0.1              0.1              0.1              0.1

================================================================================
 라운드별 시간 측정 결과 (초)
================================================================================
          cli 0 train  cli 1 train  cli 2 train  cli 3 train  cli 4 train  cli 5 train  cli 6 train  cli 7 train  cli 8 train  cli 9 train  agg time  cli eval time  global eval time  total time
Round 1      4.562500     4.186943     8.209562     7.048540     9.370470     4.164686    11.295412     3.356878     6.231040     3.286005  0.340058              0          2.772758    5.518419
Round 2      5.481230     4.441245     6.579466     7.361504    10.026160     4.281816    11.447818     2.777625     6.507137     2.711601  0.234042              0          2.323323    4.538060
Round 3      4.554012     4.107012     6.529181     8.461161     7.118052     4.107264    11.123139     2.576390     8.002765     3.402415  0.271227              0          2.388928    4.748843
Round 4      4.674474     4.645996     8.116024     6.912519    11.810299     4.008943    10.179589     2.572556     6.997667     3.976146  0.243862              0          2.364575    4.685852
Round 5      4.130683     4.371447     7.435532     7.906497    10.994425     4.960583    11.341474     2.808097     6.812573     4.097090  0.240543              0          2.348791    4.633303
Round 6      4.736763     3.946119     8.112447     7.495025    11.474892     4.552146    12.242134     2.500696     6.377493     2.475062  0.240955              0          2.371174    4.608931
Round 7      4.399074     4.232353     8.419198     8.571642    10.066504     4.858474     9.730575     2.696319     6.078152     3.349445  0.225888              0          2.299245    4.640261
Round 8      5.090977     4.593307     6.983689     8.535846    11.083164     3.802511    11.948456     2.896503     6.176956     3.827697  0.241711              0          2.322733    4.563162
Round 9      4.368956     4.219941     6.673360     8.447929     9.835884     3.777713    12.188241     2.736109     7.616487     3.158008  0.242645              0          2.405343    4.690591
Round 10     4.948944     4.647313     5.141947     8.944046     9.301259     3.477590    12.832361     3.266176     7.700553     2.889138  0.251046              0          2.354230    4.700260
Round 11     4.306519     4.819282     6.707604     9.013266    10.805075     3.494664    12.360791     2.556091     6.871527     3.527016  0.277970              0          2.407575    4.670350
Round 12     4.739109     3.767016     8.112186     8.511415     9.559434     3.097201    10.334810     3.192662     7.736863     3.369785  0.227343              0          2.318859    4.540663
Round 13     3.818420     4.431158     7.848634     7.599055    11.141078     4.610487    11.579005     2.798737     6.358614     3.170420  0.258804              0          2.393519    4.745727
Round 14     5.287990     4.509257     8.212957     7.841908    10.844180     3.400620    11.896640     3.230517     6.887536     3.187690  0.237499              0          2.406121    4.672332
Round 15     4.100316     4.218714     7.289294     8.931987    10.141631     4.638326    10.785802     3.175174     4.427768     3.424751  0.277489              0          2.703737    5.185393
Round 16     9.262202     7.184080    14.284597    16.250854    18.035385     8.160838    22.476955     3.751595    13.427294     7.179439  0.271017              0          2.869109    5.362721
Round 17     9.083895     8.462449    14.013615    16.575574    20.276936     8.634948    22.751455     3.102970    13.947920     6.854290  0.245857              0          2.462701    5.299172
Round 18     9.597841     8.727209    12.037853    15.992349    19.210789     8.647655    22.224956     5.753268    10.051584     6.808879  0.270246              0          2.841151    5.836685
Round 19     9.691850     8.335127    14.206611    15.781760    19.845670     8.312687    15.029636     5.652347    13.393256     7.099224  0.242337              0          4.130143    6.916885
Round 20     5.656949     8.111637    14.583260    15.896069    16.008024     7.828784    22.116949     5.303406    14.019979     6.497065  0.257869              0          4.457073    7.364472
Round 21     9.197484     8.168731    14.249406    15.062108    14.976629     5.215741    22.012311     3.525468    12.520025     7.165220  0.276557              0          4.384384    7.181029
Round 22     9.515116     5.197187    13.984976    16.142198    16.799592     8.123811    22.864912     5.200510    10.867139     5.094545  0.252778              0          4.424072    7.385998
Round 23     9.255335     9.018302    12.958916    12.819972    15.855923     6.039918    21.790214     5.516134     9.398632     7.134532  0.334510              0          4.164983    7.291528
Round 24     7.843792     9.162784    12.782994    13.572135    20.101903     8.328349    19.564287     4.353340    13.623152     7.068180  0.239806              0          4.399441    7.211784
Round 25     8.305750     8.653591    10.530472    14.732519    16.306966     8.628596    22.234931     6.029667    12.813857     7.128065  0.239092              0          4.457036    7.241734
Round 26     9.608589     8.899184    14.588527    14.344749    15.742617     8.564350    22.126158     3.635937    11.525623     6.530752  0.271910              0          4.384378    7.521290
Round 27     9.740250     9.254012    14.465430    14.500113    19.691014     5.199480    20.890608     2.869272    13.163112     4.863761  0.261116              0          4.393192    6.990330
Round 28     9.614282     8.697890    14.197225    12.040928    19.748027     5.602431    21.210650     3.285944    13.680791     7.067086  0.230430              0          2.914663    5.249111
Round 29     9.498541     9.103933    14.719702    13.865461    19.675786     8.683223    21.983612     5.770335    13.753540     6.195040  0.272462              0          2.708100    5.112807
Round 30     9.738855     8.928718    14.749277    15.920098    17.325041     8.155931    22.424352     5.429616    12.901468     7.075770  0.286376              0          2.602073    5.273306

총 시뮬레이션 시간: 168.38초

================================================================================
 시뮬레이션 파라미터
================================================================================
NUM_CLIENTS: 10
NUM_ROUNDS: 30
LOCAL_EPOCHS: 2
DIRICHLET_ALPHA: 0.5
MIN_SAMPLES_PER_CLASS: 50
RANDOM_SEED: 42
NUM_COMMITTEE_MEMBERS: 3
EWMA_BETA: 0.5
CONTRIBUTION_SCALING_FACTOR: 1.5
NUM_NOISE_ATTACKERS: 0
NUM_DATAF_ATTACKERS: 3
DATAF_POISON_LEVEL: 3
COMMITTEE_EVAL_SKIPPED: True
