================================================================================
 데이터 분할 현황
================================================================================
   Client  Num Samples  Class 0  Class 1  Class 2  Class 3  Class 4  Class 5  Class 6  Class 7  Class 8  Class 9
0       0         3847      107      886      649      195      364      377      299      428      111      431
1       1         3575      454      100      263      839      337      491      104      509      370      108
2       2         5709     1131      102      484      537      627      244      122      235     2051      176
3       3         6301      216     1611      101      123      495      967      604     1405      150      629
4       4         7718      717      395      732      240     1916      828     2149      310      308      123
5       5         3473      165      276      835      233      110      353      364      397      378      362
6       6         8597      145      265     1131     1565      111      234      914     1270     1035     1927
7       7         2454      100      295      286      191      136      511      100      215      357      263
8       8         5403     1743      827      413      519      185      767      183      100      132      534
9       9         2923      222      243      106      558      719      228      161      131      108      447

================================================================================
 라운드별 글로벌 모델 정확도
================================================================================
       Overall_Accuracy  Poisoned_Acc([1,5,8])
Round                                         
1                0.1060                 0.0000
2                0.3000                 0.0050
3                0.4403                 0.0310
4                0.5219                 0.1593
5                0.5834                 0.2727
6                0.6305                 0.3703
7                0.6638                 0.4243
8                0.6629                 0.4357
9                0.6957                 0.5160
10               0.7017                 0.5207
11               0.6885                 0.4870
12               0.7082                 0.5323
13               0.7171                 0.5507
14               0.7064                 0.5127
15               0.7249                 0.5570
16               0.7042                 0.4930
17               0.7007                 0.4840
18               0.7148                 0.5140
19               0.7285                 0.5673
20               0.7172                 0.5243
21               0.7361                 0.5820
22               0.7080                 0.4913
23               0.7287                 0.5680
24               0.6970                 0.4570
25               0.7343                 0.5930
26               0.6906                 0.4367
27               0.7244                 0.5500
28               0.7167                 0.5340
29               0.7134                 0.5310
30               0.7021                 0.4953
31               0.7298                 0.5733
32               0.6888                 0.4447
33               0.7316                 0.5897
34               0.6905                 0.4513
35               0.7436                 0.6260
36               0.6705                 0.3887
37               0.7551                 0.6707
38               0.6633                 0.3560
39               0.7531                 0.6573
40               0.6564                 0.3247
41               0.7553                 0.6650
42               0.6355                 0.2603
43               0.7605                 0.6857
44               0.6339                 0.2633
45               0.7681                 0.7077
46               0.6146                 0.1927
47               0.7764                 0.7417
48               0.6035                 0.1423
49               0.7761                 0.7427
50               0.6068                 0.1690

================================================================================
 라운드별 모델 합성 가중치
================================================================================
          client_0_weight  client_1_weight  client_2_weight  client_3_weight  client_4_weight  client_5_weight  client_6_weight  client_7_weight  client_8_weight  client_9_weight
Round 1               0.1              0.1              0.1              0.1              0.1              0.1              0.1              0.1              0.1              0.1
Round 2               0.1              0.1              0.1              0.1              0.1              0.1              0.1              0.1              0.1              0.1
Round 3               0.1              0.1              0.1              0.1              0.1              0.1              0.1              0.1              0.1              0.1
Round 4               0.1              0.1              0.1              0.1              0.1              0.1              0.1              0.1              0.1              0.1
Round 5               0.1              0.1              0.1              0.1              0.1              0.1              0.1              0.1              0.1              0.1
Round 6               0.1              0.1              0.1              0.1              0.1              0.1              0.1              0.1              0.1              0.1
Round 7               0.1              0.1              0.1              0.1              0.1              0.1              0.1              0.1              0.1              0.1
Round 8               0.1              0.1              0.1              0.1              0.1              0.1              0.1              0.1              0.1              0.1
Round 9               0.1              0.1              0.1              0.1              0.1              0.1              0.1              0.1              0.1              0.1
Round 10              0.1              0.1              0.1              0.1              0.1              0.1              0.1              0.1              0.1              0.1
Round 11              0.1              0.1              0.1              0.1              0.1              0.1              0.1              0.1              0.1              0.1
Round 12              0.1              0.1              0.1              0.1              0.1              0.1              0.1              0.1              0.1              0.1
Round 13              0.1              0.1              0.1              0.1              0.1              0.1              0.1              0.1              0.1              0.1
Round 14              0.1              0.1              0.1              0.1              0.1              0.1              0.1              0.1              0.1              0.1
Round 15              0.1              0.1              0.1              0.1              0.1              0.1              0.1              0.1              0.1              0.1
Round 16              0.1              0.1              0.1              0.1              0.1              0.1              0.1              0.1              0.1              0.1
Round 17              0.1              0.1              0.1              0.1              0.1              0.1              0.1              0.1              0.1              0.1
Round 18              0.1              0.1              0.1              0.1              0.1              0.1              0.1              0.1              0.1              0.1
Round 19              0.1              0.1              0.1              0.1              0.1              0.1              0.1              0.1              0.1              0.1
Round 20              0.1              0.1              0.1              0.1              0.1              0.1              0.1              0.1              0.1              0.1
Round 21              0.1              0.1              0.1              0.1              0.1              0.1              0.1              0.1              0.1              0.1
Round 22              0.1              0.1              0.1              0.1              0.1              0.1              0.1              0.1              0.1              0.1
Round 23              0.1              0.1              0.1              0.1              0.1              0.1              0.1              0.1              0.1              0.1
Round 24              0.1              0.1              0.1              0.1              0.1              0.1              0.1              0.1              0.1              0.1
Round 25              0.1              0.1              0.1              0.1              0.1              0.1              0.1              0.1              0.1              0.1
Round 26              0.1              0.1              0.1              0.1              0.1              0.1              0.1              0.1              0.1              0.1
Round 27              0.1              0.1              0.1              0.1              0.1              0.1              0.1              0.1              0.1              0.1
Round 28              0.1              0.1              0.1              0.1              0.1              0.1              0.1              0.1              0.1              0.1
Round 29              0.1              0.1              0.1              0.1              0.1              0.1              0.1              0.1              0.1              0.1
Round 30              0.1              0.1              0.1              0.1              0.1              0.1              0.1              0.1              0.1              0.1
Round 31              0.1              0.1              0.1              0.1              0.1              0.1              0.1              0.1              0.1              0.1
Round 32              0.1              0.1              0.1              0.1              0.1              0.1              0.1              0.1              0.1              0.1
Round 33              0.1              0.1              0.1              0.1              0.1              0.1              0.1              0.1              0.1              0.1
Round 34              0.1              0.1              0.1              0.1              0.1              0.1              0.1              0.1              0.1              0.1
Round 35              0.1              0.1              0.1              0.1              0.1              0.1              0.1              0.1              0.1              0.1
Round 36              0.1              0.1              0.1              0.1              0.1              0.1              0.1              0.1              0.1              0.1
Round 37              0.1              0.1              0.1              0.1              0.1              0.1              0.1              0.1              0.1              0.1
Round 38              0.1              0.1              0.1              0.1              0.1              0.1              0.1              0.1              0.1              0.1
Round 39              0.1              0.1              0.1              0.1              0.1              0.1              0.1              0.1              0.1              0.1
Round 40              0.1              0.1              0.1              0.1              0.1              0.1              0.1              0.1              0.1              0.1
Round 41              0.1              0.1              0.1              0.1              0.1              0.1              0.1              0.1              0.1              0.1
Round 42              0.1              0.1              0.1              0.1              0.1              0.1              0.1              0.1              0.1              0.1
Round 43              0.1              0.1              0.1              0.1              0.1              0.1              0.1              0.1              0.1              0.1
Round 44              0.1              0.1              0.1              0.1              0.1              0.1              0.1              0.1              0.1              0.1
Round 45              0.1              0.1              0.1              0.1              0.1              0.1              0.1              0.1              0.1              0.1
Round 46              0.1              0.1              0.1              0.1              0.1              0.1              0.1              0.1              0.1              0.1
Round 47              0.1              0.1              0.1              0.1              0.1              0.1              0.1              0.1              0.1              0.1
Round 48              0.1              0.1              0.1              0.1              0.1              0.1              0.1              0.1              0.1              0.1
Round 49              0.1              0.1              0.1              0.1              0.1              0.1              0.1              0.1              0.1              0.1
Round 50              0.1              0.1              0.1              0.1              0.1              0.1              0.1              0.1              0.1              0.1

================================================================================
 라운드별 시간 측정 결과 (초)
================================================================================
          cli 0 train  cli 1 train  cli 2 train  cli 3 train  cli 4 train  cli 5 train  cli 6 train  cli 7 train  cli 8 train  cli 9 train  agg time  cli eval time  global eval time  total time
Round 1      9.020658     8.821255     8.810611    14.339535    16.374398     8.934857    19.667537     5.871792    12.351823     7.065408  0.359772              0          2.903645    5.759930
Round 2      5.564406     4.963675     8.844624     9.101259    10.570657     5.332296    11.638239     4.048144     7.844156     4.336199  0.264849              0          4.299945    7.173296
Round 3      9.264931     8.831062     9.146855    14.534100    18.245747     8.873675    13.465025     6.145757    13.334885     6.887264  0.321185              0          2.444497    4.920278
Round 4      5.979105     5.700429    14.412405     9.265572    17.427888     5.017586    12.435982     3.946743     8.111837     4.416651  0.268264              0          4.105477    6.991155
Round 5      6.059021     3.859163    13.225919     9.383621    17.645640     8.594175    16.533835     3.988069    11.021933     7.024166  0.259060              0          2.447118    4.780393
Round 6      7.214327     8.875949     9.000610    14.609595    11.745508     5.199724    16.246767     3.673023     8.251423     4.778137  0.290620              0          4.452894    7.505864
Round 7      5.902408     5.676898     8.850068     8.823571    17.276729     5.588574    18.331968     4.050193     8.226719     4.584935  0.269372              0          2.558889    4.958312
Round 8      9.694127     8.728663    14.483838     9.700756    18.161962     8.715636    13.615447     6.502141    11.316977     7.555862  0.320481              0          3.923398    6.996222
Round 9      6.114660     8.461052    11.848177    10.073150     8.867167     5.216235    13.401891     4.028073     8.151265     4.655257  0.267659              0          2.555897    4.952495
Round 10    10.325164     8.927274    14.380897    15.408592    16.687945     7.860628    20.678499     6.279185    12.491848     5.517953  0.242706              0          3.351153    5.732616
Round 11     5.799287     5.731427     9.346293     9.586289    12.069296     5.731401    13.736028     3.830823     7.147268     4.574451  0.237455              0          2.611340    5.441237
Round 12     9.832407     8.603617    14.226973    15.610573    12.575288     9.232273    20.471206     5.870667    13.832159     7.512945  0.338767              0          2.507023    4.911764
Round 13     6.276428     5.311792     8.648303    10.112092    11.577501     8.149707    12.954975     3.919049    10.093151     4.865574  0.258830              0          4.350974    7.247291
Round 14    10.220307     8.729205     9.455301    10.020613    16.449279     8.764244    21.126523     5.439929    13.227136     4.716624  0.302571              0          2.560401    4.928874
Round 15     9.351681     5.764349    10.140144    10.247722    11.896420     5.578793    13.299051     5.577923     8.410324     7.620316  0.312659              0          4.328567    7.418753
Round 16     7.136780     8.766281    14.029577    15.449694    18.565848     8.514231    13.345919     3.781577     8.880379     5.420182  0.274996              0          2.492334    4.971071
Round 17     8.029818     5.566311     9.214004    15.493941    18.052055     5.361923    13.381215     3.902005     8.525196     6.497374  0.236652              0          4.006634    6.996881
Round 18     6.162768     5.262494    14.257096     9.917675    14.720216     8.812753    14.203905     6.195084    13.519781     4.760890  0.250836              0          2.455448    4.826512
Round 19     9.817630     8.925701     8.621943     9.946967    16.088281     9.112477    20.405804     4.312765     8.498605     4.665528  0.268567              0          3.998821    6.918685
Round 20     9.131313     5.969800    12.948548     9.526319    16.038960     5.691643    13.059396     4.104806     7.832344     7.767460  0.272718              0          2.632156    5.176452
Round 21     6.318024     5.501050    14.031266    10.586763    15.822381     9.421571    20.837986     3.907635    10.455278     7.318071  0.294926              0          4.376834    7.497026
Round 22     6.098591     5.947831    10.530329    10.698739    11.850551     5.576210    13.197151     4.010075     8.529744     5.015734  0.299190              0          2.447853    4.908565
Round 23     9.814661     8.896486    14.645411    15.902446    16.611426     8.815000    18.087873     6.019707    12.740647     7.469797  0.262046              0          3.310566    5.845803
Round 24     5.909467     5.797943     8.830314    10.277916    11.532528     5.717098    13.651733     3.942895     8.671135     4.634209  0.256051              0          2.501894    5.203174
Round 25     9.548455     8.776188    13.963861    11.898976    19.528647     9.101163    21.354419     6.135936    13.094522     7.903228  0.240362              0          2.510295    4.864790
Round 26     5.598762     5.694184     9.174103    10.144166    11.608578     5.472097    13.178966     4.047232     8.502738     4.664173  0.238586              0          4.289181    7.324508
Round 27     6.803001     6.577231     7.541335    15.873073    18.943142     8.668038    20.779990     6.498924    13.642633     7.346406  0.267679              0          2.506779    5.008376
Round 28     9.055226     8.021922    11.010036     9.962036    12.231469     5.329304    13.547071     4.139341     8.386308     4.263185  0.289736              0          4.312026    7.507973
Round 29     6.678013     6.540512     9.179540    10.018261    18.737822     5.711622    21.274420     6.552535     7.935839     8.028751  0.242607              0          2.697581    5.267702
Round 30     6.271120     5.805264     9.989980    12.117879    11.382714     6.181397    20.713748     6.320539    13.531264     4.586444  0.253297              0          4.228422    7.336337
Round 31     5.668883     8.716715     9.356888     9.722941    12.380091     8.938937    13.189259     4.608100     9.376548     4.774011  0.236047              0          2.525831    5.019914
Round 32     9.930003     8.027778    14.728956    10.596805    19.026656     5.461294    20.616878     6.493019    13.737386     6.018351  0.266368              0          4.311952    7.097631
Round 33     6.179255     5.265993     8.822060     9.948736    12.501678     5.671848    12.895151     3.984637     8.533398     4.533556  0.252812              0          2.588863    5.327749
Round 34     9.156811     9.192304    14.297822    15.961917    11.651042     8.543032    21.342507     6.575907    13.433114     7.471775  0.265137              0          2.569304    4.986357
Round 35     5.959769     5.638976     9.312599    12.163808    12.226912     5.529745    13.401793     3.928874     8.385885     6.605978  0.244108              0          4.582839    7.643708
Round 36     9.491821     9.213960    12.927278     7.472418    18.875331     5.445629    20.864650     6.280013     8.284596     7.225701  0.232526              0          2.491182    4.848165
Round 37     6.021245     5.479867     8.951246    10.104614    19.342060     5.515174    13.206510     4.017548    13.621882     7.523434  0.301655              0          4.168113    7.339581
Round 38     6.571233     9.485109     8.922593    15.491621    11.516044     8.834903    15.055130     5.329377    13.789744     4.671715  0.274583              0          2.428668    4.918927
Round 39     6.212929     7.247105     9.114338    10.017865    19.376884     5.502204    20.574929     3.972636    10.322549     6.338868  0.267240              0          4.113295    7.085102
Round 40     6.207971     4.075241    14.438757     9.610485    13.522891     9.141903    13.333290     3.573808     9.220677     7.110635  0.243025              0          2.444687    4.882247
Round 41     5.560940     5.733076     9.122262    13.533700    19.054394     7.374924    20.857340     6.836799    13.270533     7.756243  0.250049              0          4.246323    7.084282
Round 42     7.536445     5.845910     8.826900    11.427079    12.120103     4.812799    13.282388     3.932834     8.615120     4.747707  0.279695              0          2.491477    4.908228
Round 43     9.594049     8.008241    13.449527    16.094168    19.551342     8.531300    21.410319     6.176105     9.780410     4.468775  0.277591              0          4.269463    6.774558
Round 44     6.197762     5.766459     9.016110     9.964950    11.556640     5.663237    13.554542     4.030888     8.417302     4.558383  0.267695              0          2.534665    5.115264
Round 45     9.001433     9.026248    13.621498    15.502059    14.666065     8.452875    21.305169     6.563968    13.682218     8.014898  0.283232              0          2.496773    5.099606
Round 46     6.142007     5.790522     9.000307     9.699863    12.353802     5.720040    13.388852     3.882666     8.872969     4.441721  0.248303              0          4.306854    7.083209
Round 47    10.075648     8.234986    11.686435    15.561904    10.819848     8.275674    20.478821     4.044183    13.797740     7.321862  0.250354              0          2.474237    4.872931
Round 48     6.227995     9.095377     8.863883    10.242990    12.205665     5.581994    17.132761     3.910395     8.166066     4.605266  0.240617              0          4.329920    7.325918
Round 49     9.356617     9.258239    14.283369    10.644723    19.078309     9.204639    14.052025     6.490516     7.169651     7.137752  0.237055              0          2.603599    4.998614
Round 50     6.069726     5.644886     8.772690    11.746263    19.430560     7.147040    20.785577     4.029989     8.523515     4.717263  0.255912              0          4.726213    7.634409

총 시뮬레이션 시간: 299.42초

================================================================================
 시뮬레이션 파라미터
================================================================================
NUM_CLIENTS: 10
NUM_ROUNDS: 50
LOCAL_EPOCHS: 2
DIRICHLET_ALPHA: 0.5
MIN_SAMPLES_PER_CLASS: 100
RANDOM_SEED: 42
NUM_COMMITTEE_MEMBERS: 3
EWMA_BETA: 0.3
CONTRIBUTION_SCALING_FACTOR: 1.5
NUM_NOISE_ATTACKERS: 0
NUM_DATAF_ATTACKERS: 4
DATAF_POISON_LEVEL: 3
COMMITTEE_EVAL_SKIPPED: True
