================================================================================
 데이터 분할 현황
================================================================================
   Client  Num Samples  Class 0  Class 1  Class 2  Class 3  Class 4  Class 5  Class 6  Class 7  Class 8  Class 9
0       0         3702       58      935      667      157      347      361      274      419       62      422
1       1         3398      448       50      234      881      317      490       55      511      353       59
2       2         5798     1210       52      482      541      642      212       75      202     2246      136
3       3         6461      180     1750       51       76      494     1025      617     1516      107      645
4       4         8058      744      382      762      208     2092      869     2355      286      284       76
5       5         3282      124      248      877      200       61      334      347      384      362      345
6       6         9048      101      236     1210     1697       63      201      966     1367     1102     2105
7       7         2138       50      269      259      153       91      513       50      180      339      234
8       8         5453     1898      868      402      522      146      800      143       50       86      538
9       9         2662      187      210       56      565      747      195      118       85       59      440

================================================================================
 라운드별 글로벌 모델 정확도
================================================================================
       Overall_Accuracy  Poisoned_Acc([1,5,8])
Round                                         
1                0.1134                 0.0000
2                0.2862                 0.0760
3                0.4585                 0.1270
4                0.5609                 0.3233
5                0.6082                 0.3717
6                0.6508                 0.4750
7                0.6846                 0.5283
8                0.6883                 0.5400
9                0.7034                 0.5653
10               0.7197                 0.5977
11               0.7283                 0.6427
12               0.7180                 0.5833
13               0.7227                 0.5837
14               0.7467                 0.6590
15               0.7316                 0.6107
16               0.7387                 0.6317
17               0.7431                 0.6267
18               0.7502                 0.6507
19               0.7375                 0.6043
20               0.7406                 0.6190
21               0.7395                 0.5943
22               0.7595                 0.6930
23               0.7308                 0.6010
24               0.7559                 0.6827
25               0.7196                 0.5613
26               0.7570                 0.6850
27               0.7319                 0.6143
28               0.7591                 0.7037
29               0.7262                 0.5827
30               0.7554                 0.6867
31               0.7045                 0.5093
32               0.7556                 0.6757
33               0.7190                 0.5580
34               0.7521                 0.6673
35               0.7339                 0.6110
36               0.7461                 0.6447
37               0.7421                 0.6410
38               0.7423                 0.6340
39               0.7374                 0.6243
40               0.7464                 0.6530
41               0.7299                 0.6147
42               0.7510                 0.6760
43               0.7404                 0.6397
44               0.7446                 0.6583
45               0.7338                 0.6230
46               0.7393                 0.6390
47               0.7213                 0.5820
48               0.7514                 0.6717
49               0.7220                 0.5800
50               0.7603                 0.7057
51               0.7232                 0.5883
52               0.7584                 0.7077
53               0.7156                 0.5513
54               0.7626                 0.7170
55               0.7019                 0.5043
56               0.7584                 0.7137
57               0.7098                 0.5443
58               0.7657                 0.7327
59               0.7022                 0.5213
60               0.7624                 0.7263
61               0.6796                 0.4443
62               0.7679                 0.7397
63               0.6846                 0.4607
64               0.7708                 0.7467
65               0.6800                 0.4397
66               0.7699                 0.7437
67               0.6701                 0.4183
68               0.7691                 0.7477
69               0.6822                 0.4557
70               0.7632                 0.7317
71               0.7039                 0.5317
72               0.7581                 0.7123
73               0.6968                 0.5013
74               0.7731                 0.7427
75               0.6811                 0.4433
76               0.7713                 0.7530
77               0.6774                 0.4387
78               0.7717                 0.7537
79               0.6710                 0.4083
80               0.7711                 0.7430
81               0.7080                 0.5353
82               0.7611                 0.7237
83               0.7064                 0.5327
84               0.7611                 0.7123
85               0.7069                 0.5310
86               0.7528                 0.6897
87               0.7319                 0.6153
88               0.7556                 0.7000
89               0.7251                 0.5967
90               0.7547                 0.6960
91               0.7291                 0.6083
92               0.7651                 0.7327
93               0.7339                 0.6337
94               0.7536                 0.6920
95               0.7286                 0.6050
96               0.7579                 0.7080
97               0.7252                 0.5920
98               0.7650                 0.7307
99               0.7180                 0.5733
100              0.7599                 0.7140

================================================================================
 라운드별 모델 합성 가중치
================================================================================
           client_0_weight  client_1_weight  client_2_weight  client_3_weight  client_4_weight  client_5_weight  client_6_weight  client_7_weight  client_8_weight  client_9_weight
Round 1                0.1              0.1              0.1              0.1              0.1              0.1              0.1              0.1              0.1              0.1
Round 2                0.1              0.1              0.1              0.1              0.1              0.1              0.1              0.1              0.1              0.1
Round 3                0.1              0.1              0.1              0.1              0.1              0.1              0.1              0.1              0.1              0.1
Round 4                0.1              0.1              0.1              0.1              0.1              0.1              0.1              0.1              0.1              0.1
Round 5                0.1              0.1              0.1              0.1              0.1              0.1              0.1              0.1              0.1              0.1
Round 6                0.1              0.1              0.1              0.1              0.1              0.1              0.1              0.1              0.1              0.1
Round 7                0.1              0.1              0.1              0.1              0.1              0.1              0.1              0.1              0.1              0.1
Round 8                0.1              0.1              0.1              0.1              0.1              0.1              0.1              0.1              0.1              0.1
Round 9                0.1              0.1              0.1              0.1              0.1              0.1              0.1              0.1              0.1              0.1
Round 10               0.1              0.1              0.1              0.1              0.1              0.1              0.1              0.1              0.1              0.1
Round 11               0.1              0.1              0.1              0.1              0.1              0.1              0.1              0.1              0.1              0.1
Round 12               0.1              0.1              0.1              0.1              0.1              0.1              0.1              0.1              0.1              0.1
Round 13               0.1              0.1              0.1              0.1              0.1              0.1              0.1              0.1              0.1              0.1
Round 14               0.1              0.1              0.1              0.1              0.1              0.1              0.1              0.1              0.1              0.1
Round 15               0.1              0.1              0.1              0.1              0.1              0.1              0.1              0.1              0.1              0.1
Round 16               0.1              0.1              0.1              0.1              0.1              0.1              0.1              0.1              0.1              0.1
Round 17               0.1              0.1              0.1              0.1              0.1              0.1              0.1              0.1              0.1              0.1
Round 18               0.1              0.1              0.1              0.1              0.1              0.1              0.1              0.1              0.1              0.1
Round 19               0.1              0.1              0.1              0.1              0.1              0.1              0.1              0.1              0.1              0.1
Round 20               0.1              0.1              0.1              0.1              0.1              0.1              0.1              0.1              0.1              0.1
Round 21               0.1              0.1              0.1              0.1              0.1              0.1              0.1              0.1              0.1              0.1
Round 22               0.1              0.1              0.1              0.1              0.1              0.1              0.1              0.1              0.1              0.1
Round 23               0.1              0.1              0.1              0.1              0.1              0.1              0.1              0.1              0.1              0.1
Round 24               0.1              0.1              0.1              0.1              0.1              0.1              0.1              0.1              0.1              0.1
Round 25               0.1              0.1              0.1              0.1              0.1              0.1              0.1              0.1              0.1              0.1
Round 26               0.1              0.1              0.1              0.1              0.1              0.1              0.1              0.1              0.1              0.1
Round 27               0.1              0.1              0.1              0.1              0.1              0.1              0.1              0.1              0.1              0.1
Round 28               0.1              0.1              0.1              0.1              0.1              0.1              0.1              0.1              0.1              0.1
Round 29               0.1              0.1              0.1              0.1              0.1              0.1              0.1              0.1              0.1              0.1
Round 30               0.1              0.1              0.1              0.1              0.1              0.1              0.1              0.1              0.1              0.1
Round 31               0.1              0.1              0.1              0.1              0.1              0.1              0.1              0.1              0.1              0.1
Round 32               0.1              0.1              0.1              0.1              0.1              0.1              0.1              0.1              0.1              0.1
Round 33               0.1              0.1              0.1              0.1              0.1              0.1              0.1              0.1              0.1              0.1
Round 34               0.1              0.1              0.1              0.1              0.1              0.1              0.1              0.1              0.1              0.1
Round 35               0.1              0.1              0.1              0.1              0.1              0.1              0.1              0.1              0.1              0.1
Round 36               0.1              0.1              0.1              0.1              0.1              0.1              0.1              0.1              0.1              0.1
Round 37               0.1              0.1              0.1              0.1              0.1              0.1              0.1              0.1              0.1              0.1
Round 38               0.1              0.1              0.1              0.1              0.1              0.1              0.1              0.1              0.1              0.1
Round 39               0.1              0.1              0.1              0.1              0.1              0.1              0.1              0.1              0.1              0.1
Round 40               0.1              0.1              0.1              0.1              0.1              0.1              0.1              0.1              0.1              0.1
Round 41               0.1              0.1              0.1              0.1              0.1              0.1              0.1              0.1              0.1              0.1
Round 42               0.1              0.1              0.1              0.1              0.1              0.1              0.1              0.1              0.1              0.1
Round 43               0.1              0.1              0.1              0.1              0.1              0.1              0.1              0.1              0.1              0.1
Round 44               0.1              0.1              0.1              0.1              0.1              0.1              0.1              0.1              0.1              0.1
Round 45               0.1              0.1              0.1              0.1              0.1              0.1              0.1              0.1              0.1              0.1
Round 46               0.1              0.1              0.1              0.1              0.1              0.1              0.1              0.1              0.1              0.1
Round 47               0.1              0.1              0.1              0.1              0.1              0.1              0.1              0.1              0.1              0.1
Round 48               0.1              0.1              0.1              0.1              0.1              0.1              0.1              0.1              0.1              0.1
Round 49               0.1              0.1              0.1              0.1              0.1              0.1              0.1              0.1              0.1              0.1
Round 50               0.1              0.1              0.1              0.1              0.1              0.1              0.1              0.1              0.1              0.1
Round 51               0.1              0.1              0.1              0.1              0.1              0.1              0.1              0.1              0.1              0.1
Round 52               0.1              0.1              0.1              0.1              0.1              0.1              0.1              0.1              0.1              0.1
Round 53               0.1              0.1              0.1              0.1              0.1              0.1              0.1              0.1              0.1              0.1
Round 54               0.1              0.1              0.1              0.1              0.1              0.1              0.1              0.1              0.1              0.1
Round 55               0.1              0.1              0.1              0.1              0.1              0.1              0.1              0.1              0.1              0.1
Round 56               0.1              0.1              0.1              0.1              0.1              0.1              0.1              0.1              0.1              0.1
Round 57               0.1              0.1              0.1              0.1              0.1              0.1              0.1              0.1              0.1              0.1
Round 58               0.1              0.1              0.1              0.1              0.1              0.1              0.1              0.1              0.1              0.1
Round 59               0.1              0.1              0.1              0.1              0.1              0.1              0.1              0.1              0.1              0.1
Round 60               0.1              0.1              0.1              0.1              0.1              0.1              0.1              0.1              0.1              0.1
Round 61               0.1              0.1              0.1              0.1              0.1              0.1              0.1              0.1              0.1              0.1
Round 62               0.1              0.1              0.1              0.1              0.1              0.1              0.1              0.1              0.1              0.1
Round 63               0.1              0.1              0.1              0.1              0.1              0.1              0.1              0.1              0.1              0.1
Round 64               0.1              0.1              0.1              0.1              0.1              0.1              0.1              0.1              0.1              0.1
Round 65               0.1              0.1              0.1              0.1              0.1              0.1              0.1              0.1              0.1              0.1
Round 66               0.1              0.1              0.1              0.1              0.1              0.1              0.1              0.1              0.1              0.1
Round 67               0.1              0.1              0.1              0.1              0.1              0.1              0.1              0.1              0.1              0.1
Round 68               0.1              0.1              0.1              0.1              0.1              0.1              0.1              0.1              0.1              0.1
Round 69               0.1              0.1              0.1              0.1              0.1              0.1              0.1              0.1              0.1              0.1
Round 70               0.1              0.1              0.1              0.1              0.1              0.1              0.1              0.1              0.1              0.1
Round 71               0.1              0.1              0.1              0.1              0.1              0.1              0.1              0.1              0.1              0.1
Round 72               0.1              0.1              0.1              0.1              0.1              0.1              0.1              0.1              0.1              0.1
Round 73               0.1              0.1              0.1              0.1              0.1              0.1              0.1              0.1              0.1              0.1
Round 74               0.1              0.1              0.1              0.1              0.1              0.1              0.1              0.1              0.1              0.1
Round 75               0.1              0.1              0.1              0.1              0.1              0.1              0.1              0.1              0.1              0.1
Round 76               0.1              0.1              0.1              0.1              0.1              0.1              0.1              0.1              0.1              0.1
Round 77               0.1              0.1              0.1              0.1              0.1              0.1              0.1              0.1              0.1              0.1
Round 78               0.1              0.1              0.1              0.1              0.1              0.1              0.1              0.1              0.1              0.1
Round 79               0.1              0.1              0.1              0.1              0.1              0.1              0.1              0.1              0.1              0.1
Round 80               0.1              0.1              0.1              0.1              0.1              0.1              0.1              0.1              0.1              0.1
Round 81               0.1              0.1              0.1              0.1              0.1              0.1              0.1              0.1              0.1              0.1
Round 82               0.1              0.1              0.1              0.1              0.1              0.1              0.1              0.1              0.1              0.1
Round 83               0.1              0.1              0.1              0.1              0.1              0.1              0.1              0.1              0.1              0.1
Round 84               0.1              0.1              0.1              0.1              0.1              0.1              0.1              0.1              0.1              0.1
Round 85               0.1              0.1              0.1              0.1              0.1              0.1              0.1              0.1              0.1              0.1
Round 86               0.1              0.1              0.1              0.1              0.1              0.1              0.1              0.1              0.1              0.1
Round 87               0.1              0.1              0.1              0.1              0.1              0.1              0.1              0.1              0.1              0.1
Round 88               0.1              0.1              0.1              0.1              0.1              0.1              0.1              0.1              0.1              0.1
Round 89               0.1              0.1              0.1              0.1              0.1              0.1              0.1              0.1              0.1              0.1
Round 90               0.1              0.1              0.1              0.1              0.1              0.1              0.1              0.1              0.1              0.1
Round 91               0.1              0.1              0.1              0.1              0.1              0.1              0.1              0.1              0.1              0.1
Round 92               0.1              0.1              0.1              0.1              0.1              0.1              0.1              0.1              0.1              0.1
Round 93               0.1              0.1              0.1              0.1              0.1              0.1              0.1              0.1              0.1              0.1
Round 94               0.1              0.1              0.1              0.1              0.1              0.1              0.1              0.1              0.1              0.1
Round 95               0.1              0.1              0.1              0.1              0.1              0.1              0.1              0.1              0.1              0.1
Round 96               0.1              0.1              0.1              0.1              0.1              0.1              0.1              0.1              0.1              0.1
Round 97               0.1              0.1              0.1              0.1              0.1              0.1              0.1              0.1              0.1              0.1
Round 98               0.1              0.1              0.1              0.1              0.1              0.1              0.1              0.1              0.1              0.1
Round 99               0.1              0.1              0.1              0.1              0.1              0.1              0.1              0.1              0.1              0.1
Round 100              0.1              0.1              0.1              0.1              0.1              0.1              0.1              0.1              0.1              0.1

================================================================================
 라운드별 시간 측정 결과 (초)
================================================================================
           cli 0 train  cli 1 train  cli 2 train  cli 3 train  cli 4 train  cli 5 train  cli 6 train  cli 7 train  cli 8 train  cli 9 train  agg time  cli eval time  global eval time  total time
Round 1       8.333026     6.141453    10.486568    15.348779    18.061847     6.451060    20.808677     5.326929    12.513397     6.329268  0.354942              0          3.444257    6.209992
Round 2       5.749525     5.387758     8.193530     9.546518    10.529675     5.311474    12.599177     3.452822     8.218457     4.176148  0.275336              0          2.994465    5.839402
Round 3       9.127033     8.127819     5.424920    14.453146    18.344042     8.117146    20.553842     5.040266    13.175384     6.794044  0.286367              0          2.666209    4.985854
Round 4       5.012760     5.528000     8.728910     9.674228    12.644815     4.997941    15.723191     3.078449     8.397514     3.960790  0.268544              0          3.855289    6.791326
Round 5       8.938002     8.240810     9.059324    15.710270    14.697610     4.264512    14.887734     5.225145     8.505719     7.017137  0.252186              0          2.417825    4.895698
Round 6       9.160276     8.360229     8.402772     9.680311    13.311103     5.376543    19.821309     5.410977     9.796968     4.096364  0.255971              0          4.233654    7.314694
Round 7       5.593843     5.335886    13.523730    10.463076    15.613828     4.880153    12.685287     3.405226     8.321193     6.359746  0.301168              0          2.587015    5.113408
Round 8       8.732970     8.359910    14.483867    11.671738    19.270974     8.056529    17.214186     5.177032    12.992893     6.257408  0.276443              0          4.344261    6.933811
Round 9       5.702608     5.234643     9.253788    10.316641    12.283072     5.252829    13.377184     3.326272     8.506180     4.241859  0.247610              0          2.622725    5.382962
Round 10      9.224268     8.402143    13.424447    15.644028    18.291896     7.701798    17.120080     5.172401    13.247919     6.483831  0.288637              0          2.543502    4.884347
Round 11      5.588753     6.388206     8.884356     9.962603    13.564260     4.933151    14.075810     3.372004     8.578581     4.110043  0.294332              0          4.371500    7.261838
Round 12      5.805554     4.360615    12.521349    11.204539    19.511142     8.060210    16.335222     5.431632    13.728545     5.074794  0.292360              0          2.426673    4.771892
Round 13      5.311510     7.045626    10.993474    10.235891    12.757541     4.947497    13.651239     3.378351     8.430534     6.658665  0.261031              0          4.380143    7.306256
Round 14      5.842027     5.670702     8.718066    10.431512    19.115387     6.855569    22.024982     3.304223     7.865727     6.536285  0.273080              0          2.448358    4.982235
Round 15      9.301233     5.350038    13.023497    10.189710    12.522925     8.435608    19.988823     5.635807     8.065165     4.242688  0.273036              0          4.164609    7.122881
Round 16      8.662729     4.921776     9.424215    10.226329    14.865667     5.280439    14.844396     5.560436     8.106008     6.513031  0.266781              0          2.508929    4.820419
Round 17      9.081398     5.167565     8.985366    14.248355    19.372773     6.467364    21.785508     5.663471    13.229316     6.649819  0.249056              0          4.488416    7.176275
Round 18      5.687073     5.486656     8.601647     9.711147    12.436962     5.301538    12.835883     3.501613     8.327053     4.341795  0.250332              0          2.566074    5.040950
Round 19      9.274568     8.298409    14.090017    15.553125    19.037150     7.930006    19.778073     5.811074    13.501587     5.339048  0.267433              0          2.545706    5.170038
Round 20      5.714139     5.160882     8.896883     9.192190    12.736505     4.952010    13.512281     3.463676     8.723327     4.073815  0.251658              0          4.336686    7.231752
Round 21      6.535752     9.063375    13.812525    15.377609    19.544941     5.279272    21.067421     5.944443     5.658515     6.828602  0.257650              0          2.569400    4.931972
Round 22      5.742502     5.441902     8.811422     9.997462    17.996695     5.092803    18.518368     3.574813     8.754712     4.332169  0.304009              0          4.363915    7.233408
Round 23      6.221341     5.581609    10.240958    15.751092    12.292009     7.204735    21.543499     4.105546     8.403262     4.240066  0.282930              0          2.485949    4.986674
Round 24      9.519042     5.101199     9.135573    10.016393    17.418050     5.168414    21.573368     3.168003     8.451909     5.252150  0.278352              0          4.352883    7.160242
Round 25      8.854672     5.127460     9.425141    12.137987    14.402921     8.186021    13.568167     3.454594     7.627835     4.219852  0.255035              0          2.490242    4.924143
Round 26      7.205741     8.623908     8.668664     9.977562    19.239304     8.023263    19.454419     5.943916    11.889541     6.990183  0.253768              0          4.242923    7.186130
Round 27      5.915430     4.996134     9.141685    10.395774    12.332253     5.284753    13.965013     3.421636     8.672519     4.425508  0.264788              0          2.597702    5.043953
Round 28      9.204315     8.256687    13.496574    13.950028    19.019096     8.841808    20.769553     5.589141    11.728245     6.874919  0.262519              0          3.150379    5.659617
Round 29      5.625668     5.299372     9.255455    10.158782    13.149918     5.427043    13.926675     3.361300     8.560416     3.982188  0.258208              0          2.631038    5.503152
Round 30      9.348023     8.564054    13.788363     9.310072    19.782610     8.588717    21.407256     5.718702    13.377966     6.839060  0.243532              0          2.496011    4.801185
Round 31      5.932673     7.091220     8.850512     9.779150    13.947135     5.261961    13.553488     3.130798     8.607813     4.335988  0.283936              0          3.958544    6.755619
Round 32      7.859678     5.549633     6.899702    16.194408    17.342680     8.706898    22.203045     3.457615    13.855871     7.026888  0.280124              0          2.491158    4.923975
Round 33      5.857193     7.301231     9.171638    16.158435    17.162048     5.253121    14.170017     3.315181     8.633562     4.136297  0.240832              0          4.143070    7.071395
Round 34      7.059745     6.005156     9.950374     9.992842    10.000692     5.168752    21.306721     5.595799    12.447443     6.763004  0.251473              0          2.538253    5.174464
Round 35      5.211837     7.901674    14.255846    10.338897    12.460664     8.372058    19.679806     4.956133    10.444938     7.057526  0.273973              0          4.118908    7.028130
Round 36      7.212110     5.429425     9.495980     9.843508    12.808060     5.655431    15.644256     4.073506     6.168389     5.094625  0.250776              0          2.569751    4.904311
Round 37      5.746898     8.621005    14.588507    16.050271    19.274706     6.336302    16.295446     5.649917    10.448295     6.971021  0.238512              0          4.247830    6.972083
Round 38      5.958067     5.076825     9.096496    10.522187    12.747683     5.193271    13.792371     3.472131     8.877921     3.679448  0.243144              0          2.460619    4.903428
Round 39      7.862202     7.015431    14.209187    15.820821    19.733932     8.574768    22.033965     5.726072    10.673980     6.495678  0.279429              0          2.924319    5.322998
Round 40      6.028359     5.345074     9.241774    10.450207    12.699081     5.399353    14.149099     3.357326     7.865982     4.359218  0.282483              0          3.611602    6.521186
Round 41      8.917037     8.284241    12.176080    16.202837    19.705316     7.783152    18.943214     5.573780     8.296544     7.125369  0.274153              0          2.542799    5.221714
Round 42      5.788061     5.531023     8.674309    10.160396    13.361808     6.137503    14.461993     3.360089     8.614576     4.191670  0.277026              0          4.366175    7.311558
Round 43      9.554955     8.140868    14.603178    15.981276    19.803489     5.356316    17.927443     5.066450     7.736727     4.737661  0.237817              0          2.569164    5.078664
Round 44      5.826108     5.254676     9.443219    14.503181    17.614457     5.812380    13.754163     3.364990     8.762285     3.847712  0.311420              0          4.175080    7.174556
Round 45      5.499771     5.388159     9.160104    15.602318    19.050997     7.014678    17.326696     3.529671     8.576302     4.756040  0.243119              0          2.518138    4.952649
Round 46      8.408455     5.533069    11.441412    16.477185    11.867619     5.266124    22.063654     3.652149    10.917499     4.172533  0.228890              0          4.563254    7.443604
Round 47      5.681483     5.411627     8.565290    13.802855    12.510198     5.218986    19.909685     3.616429     8.460194     6.734019  0.306182              0          2.679785    5.121571
Round 48      5.883615     5.371591    10.905418    15.415688    15.645458     8.317306    16.273278     5.210929    13.890589     7.052273  0.320605              0          3.134907    5.707102
Round 49      6.274229     5.584651     9.420860    10.090651    12.465852     5.322909    13.770623     3.423884     6.574873     4.424692  0.288682              0          2.619228    5.131238
Round 50      9.453719     9.004308     9.898584    15.952065    19.420161     8.180154    21.782851     5.338304    13.414402     7.171444  0.276695              0          2.591659    5.012178
Round 51      5.877077     5.362721     9.312341    10.104696    12.056324     4.725926    14.347987     3.677625     8.404946     4.289388  0.257817              0          4.419993    7.628623
Round 52      9.645905     8.678328     8.134676    16.114716    15.062050     8.679230    20.574809     5.285311    12.905891     6.846096  0.278765              0          2.688701    5.378958
Round 53      5.829688     5.522238     8.882933    12.481859    12.641860     5.360523    14.069615     3.407671     8.309422     4.022107  0.295296              0          4.081810    7.053041
Round 54      5.826875     5.407566    14.397015     6.704263    18.702214     6.394629    14.396757     5.527193    13.464996     7.104402  0.300207              0          2.520468    5.075472
Round 55      5.201211     8.394012    14.139233    12.498031    15.325899     8.667085    14.009893     5.475832     8.907739     4.269738  0.270301              0          4.146467    7.179640
Round 56      5.967331     7.106169     8.586937    10.640937    13.432672     5.148492    11.061167     3.534199     8.626081     5.886703  0.263958              0          2.737795    5.206792
Round 57      9.292987     8.028737    14.240780    15.548963    17.441945     8.544062    19.514068     5.570369    13.858724     4.184054  0.299105              0          3.198382    5.620106
Round 58      5.929215     5.301040     8.941995     9.779316    12.598157     4.642546    13.949690     3.443571     8.585317     3.953646  0.274967              0          2.635849    5.119078
Round 59      9.062512     4.844733    13.703291    15.707471    19.278795     8.464010    21.334402     5.806581    13.464011     6.632091  0.292793              0          2.725506    5.156101
Round 60      5.927375     5.069167     8.705057    10.262883    12.827490     4.645432    14.162776     3.423935     8.584043     4.147187  0.236818              0          4.346485    7.258590
Round 61      9.283266     5.478889    14.236092    15.499798    19.562899     5.109914    21.338752     3.475242    12.528237     3.961371  0.270305              0          2.469587    4.902830
Round 62      5.918209     5.010216    10.778499     9.824999    12.105470     5.334804    15.195384     3.489685    10.711392     4.407367  0.270033              0          4.335602    7.249838
Round 63      8.685200     8.564747    13.893285    10.412794    14.696853     4.286592    19.412045     3.418447     9.850450     4.201565  0.290192              0          2.586174    5.070600
Round 64      9.347527     6.694318    14.027958    10.191895    12.684878     5.415231    18.695924     3.212638     7.854435     4.142163  0.330867              0          4.253705    7.320078
Round 65      8.670531     5.231622     9.146914    13.399087    11.713387     5.242410    16.634077     3.522395     8.574127     6.240537  0.238405              0          2.617381    4.892383
Round 66      9.058355     8.445538    14.426008    16.252254    16.353158     8.140232    13.452426     5.106670     8.533356     4.049929  0.246219              0          4.275327    7.140549
Round 67      5.507922     5.281226     9.250862    10.351353    12.724122     5.367362    14.301957     3.634789     8.159166     4.533640  0.321860              0          2.597095    5.163849
Round 68      8.756957     8.457720    13.746005    11.432843    19.734733     7.644252    21.166641     5.647273    13.143406     7.245665  0.307164              0          2.453411    5.004569
Round 69      5.862478     5.448907     9.102684    10.037887    12.589506     5.018741    13.962933     3.438859     8.656790     4.748283  0.255578              0          4.105061    7.029598
Round 70      9.774519     8.907031     9.276840    15.897995    12.907727     8.310052    21.678767     5.317901    12.861162     6.517443  0.279431              0          2.763121    5.153256
Round 71      5.980232     5.433167    13.303738    10.111166    15.798913     5.261264    14.050014     3.376843     8.496900     4.096034  0.297813              0          4.323960    7.255212
Round 72      9.094205     5.646843    14.183403    10.268970    16.761557     8.513801    22.917606     3.309633     8.816882     3.101182  0.278896              0          2.491927    4.990566
Round 73      5.970320     8.978633     8.808928    10.658944    16.461724     8.525140    19.778064     3.372735     8.411247     4.261057  0.255025              0          4.196931    7.518836
Round 74      9.277844     8.526885    10.545047    11.818811    12.763039     5.182913    14.286753     3.591603     7.567299     4.406349  0.254762              0          2.622880    5.165300
Round 75      9.144616     8.945719     9.009955    15.588439    13.199758     8.486652    20.724640     5.608768    11.913646     6.637370  0.244693              0          4.179073    7.006866
Round 76      5.988832     5.003048     9.443298    10.486778    12.276813     5.914494    13.941756     3.586255     9.517132     4.015016  0.257383              0          2.588130    4.954866
Round 77      8.472429     5.210657    14.759203    16.083246    19.509147     8.599505    20.501717     5.558019    13.796397     3.739904  0.311093              0          3.361491    5.880300
Round 78      6.047033     5.177928     8.917120    10.185367    12.488904     5.018976    14.383031     3.342263     8.358938     4.114017  0.288769              0          2.633282    5.036936
Round 79      9.110977     5.463011    14.545558    15.783595    19.113861     8.359241    21.878840     5.539368    11.075075     5.388312  0.257382              0          2.727474    5.147395
Round 80      5.361085     5.159779     9.418128    10.383862    10.008458     5.113018    14.190534     3.345434     8.596009     4.226463  0.272258              0          3.945033    7.087303
Round 81      9.396814     8.962870    14.054524    13.587461    19.182571     4.163709    22.499540     3.380151    13.036792     6.641693  0.282276              0          2.564824    5.080006
Round 82      8.071754     5.491812     8.976218    10.338868    12.422093     5.217927    15.076940     5.702506    10.477950     4.097472  0.246057              0          4.340167    7.264371
Round 83      5.819311     5.553603    12.433086    15.558850    16.304940     5.122269    21.612016     3.468902     7.783045     6.694046  0.262805              0          2.466556    5.003679
Round 84      5.789912     8.911222     8.739452    13.391915    12.631175     5.090787    20.634533     3.650466     9.930831     4.266592  0.258269              0          4.091680    7.088873
Round 85      8.781732     6.477270     7.467312    10.640477    14.319574     5.449574    13.719088     3.957836    12.193157     5.161246  0.237030              0          2.594448    5.050401
Round 86      9.151354     5.430976    14.861493    13.926215    14.590482     5.142017    18.736821     3.367356    13.778424     6.461739  0.331129              0          4.090725    7.228879
Round 87      6.714271     5.269188     9.285037    11.126969    12.969590     5.390624    14.129852     3.356951     7.237721     4.387817  0.298909              0          2.500522    4.934784
Round 88      6.612248     8.885070    14.634488    13.340842    19.422579     8.648804    22.344590     5.677611    13.458873     4.049329  0.281229              0          3.292545    5.784772
Round 89      5.934971     5.509236     9.106463    10.400663    12.741216     4.961718    14.240647     3.540499     8.130218     4.359616  0.245339              0          2.559520    5.087450
Round 90      9.281536     7.852206    14.161146    16.082245    19.464880     8.539047    22.179050     5.463723     7.827778     6.836642  0.351974              0          2.706992    5.292562
Round 91      6.707603     5.472390     8.900923    11.064064    12.403706     5.362488    13.653724     3.620324     8.491245     4.332078  0.241119              0          4.455379    7.293175
Round 92      9.404400     8.457581    14.153130    13.802710    10.112463     8.282545    20.199641     3.450017    13.434911     6.833956  0.247126              0          2.577314    5.055501
Round 93      5.963653     5.432725     9.153299    13.436387    19.007663     5.073819    14.074659     3.463350     8.983820     6.835340  0.271227              0          4.578219    7.607520
Round 94      9.177589     7.953717     9.648049    10.138868    11.538820     8.207500    21.540573     3.879153     8.559809     5.474627  0.262793              0          2.700373    5.070578
Round 95      6.036527     7.491577     9.239827    16.020171    12.011430     8.255476    22.393709     5.698341     8.733696     4.772383  0.307296              0          4.164980    7.158519
Round 96      5.908283     5.258460     9.322365    14.139544    11.437946     5.090860    18.206655     3.375322     8.717013     4.180921  0.288995              0          2.616814    5.009458
Round 97      9.509381     9.270740    13.614637    14.436125    19.266147     4.817743    14.988141     3.035938    13.577440     6.783745  0.268417              0          3.039727    5.585793
Round 98      5.872761     5.602236     9.535975     9.570639    12.465115     5.332310    14.415184     3.590513     8.143781     4.203067  0.292513              0          2.683184    5.627396
Round 99      9.217528     8.998145    14.484446    15.789166     9.792828     8.450695    22.560709     5.547501    13.592334     6.624093  0.285910              0          2.597649    5.067604
Round 100     5.907742     5.254724    12.297961    10.042822    14.021749     5.347921    14.692732     4.760096     8.568859     6.515155  0.303532              0          4.279880    7.103050

총 시뮬레이션 시간: 592.44초

================================================================================
 시뮬레이션 파라미터
================================================================================
NUM_CLIENTS: 10
NUM_ROUNDS: 100
LOCAL_EPOCHS: 2
DIRICHLET_ALPHA: 0.5
MIN_SAMPLES_PER_CLASS: 50
RANDOM_SEED: 42
NUM_COMMITTEE_MEMBERS: 3
EWMA_BETA: 0.25
CONTRIBUTION_SCALING_FACTOR: 1.5
NUM_NOISE_ATTACKERS: 0
NUM_DATAF_ATTACKERS: 3
DATAF_POISON_LEVEL: 3
COMMITTEE_EVAL_SKIPPED: True
