================================================================================
 데이터 분할 현황
================================================================================
   Client  Num Samples  Class 0  Class 1  Class 2  Class 3  Class 4  Class 5  Class 6  Class 7  Class 8  Class 9
0       0         3646       38      954      675      142      340      355      264      416       43      419
1       1         3328      446       30      222      898      309      490       35      511      347       40
2       2         5833     1242       32      481      543      649      199       56      188     2324      119
3       3         6525      166     1805       31       57      494     1048      622     1562       89      651
4       4         8192      755      377      773      195     2162      885     2437      277      274       57
5       5         3207      107      237      894      186       42      327      340      379      356      339
6       6         9228       83      224     1242     1751       43      188      987     1405     1129     2176
7       7         2009       30      259      248      137       73      513       30      165      332      222
8       8         5471     1959      884      397      523      130      814      128       30       67      539
9       9         2561      174      198       37      568      758      181      101       67       39      438

================================================================================
 라운드별 글로벌 모델 정확도
================================================================================
Round	Accuracy
1	0.1342
2	0.4199
3	0.5714
4	0.6284
5	0.6835
6	0.7099
7	0.7278
8	0.7328
9	0.7401
10	0.7496
11	0.7555
12	0.7641
13	0.7508
14	0.7623
15	0.7608
16	0.7628
17	0.762
18	0.7607
19	0.7532
20	0.7694
21	0.7667
22	0.7714
23	0.7657
24	0.7606
25	0.7674
26	0.7645
27	0.765
28	0.7596
29	0.7641
30	0.7606


================================================================================
 라운드별 모델 합성 가중치
================================================================================
          client_0_weight  client_1_weight  client_2_weight  client_3_weight  client_4_weight  client_5_weight  client_6_weight  client_7_weight  client_8_weight  client_9_weight
Round 1          0.092694         0.093292         0.098940         0.127903         0.120559         0.090560         0.139605         0.077318         0.101169         0.057958
Round 2          0.098181         0.083871         0.096775         0.125836         0.117461         0.093621         0.121122         0.085174         0.094205         0.083753
Round 3          0.095156         0.096216         0.106786         0.121432         0.130159         0.098495         0.114394         0.068563         0.091081         0.077717
Round 4          0.104147         0.102096         0.093554         0.122611         0.111138         0.114071         0.103232         0.077597         0.089918         0.081636
Round 5          0.114323         0.108890         0.099242         0.115122         0.109573         0.090486         0.104335         0.086762         0.090629         0.080639
Round 6          0.111809         0.100252         0.102655         0.108372         0.102863         0.108546         0.103189         0.085416         0.082105         0.094792
Round 7          0.106339         0.113514         0.101194         0.105344         0.105043         0.114363         0.103341         0.079139         0.077143         0.094582
Round 8          0.110423         0.113466         0.104314         0.106048         0.111536         0.100157         0.100724         0.090686         0.074980         0.087665
Round 9          0.107014         0.107320         0.106890         0.112433         0.111407         0.097139         0.102598         0.091768         0.078191         0.085241
Round 10         0.104716         0.109597         0.111088         0.110071         0.092037         0.109715         0.101342         0.092057         0.080921         0.088458
Round 11         0.113768         0.093636         0.097893         0.105126         0.116644         0.108735         0.102656         0.089372         0.084767         0.087402
Round 12         0.113299         0.095291         0.108609         0.107863         0.113160         0.107765         0.105333         0.088786         0.083681         0.076214
Round 13         0.117993         0.106720         0.104176         0.110583         0.111983         0.112920         0.095953         0.078611         0.080315         0.080746
Round 14         0.117947         0.103493         0.107167         0.104285         0.106444         0.113772         0.100309         0.086349         0.080785         0.079448
Round 15         0.118813         0.104589         0.109760         0.106207         0.110072         0.115009         0.100331         0.082957         0.077292         0.074972
Round 16         0.115930         0.106936         0.107334         0.107334         0.101488         0.112012         0.101529         0.087462         0.078493         0.081482
Round 17         0.116115         0.104943         0.108882         0.112705         0.108331         0.114710         0.100896         0.081542         0.075200         0.076676
Round 18         0.119648         0.112402         0.105523         0.105380         0.094059         0.111927         0.100903         0.088977         0.079597         0.081584
Round 19         0.122809         0.109253         0.099977         0.113211         0.107344         0.120922         0.085032         0.084800         0.077855         0.078799
Round 20         0.115911         0.108607         0.103563         0.112404         0.108292         0.110629         0.098647         0.085708         0.074057         0.082182
Round 21         0.115668         0.110105         0.106853         0.113025         0.101321         0.116563         0.094512         0.083977         0.074103         0.083873
Round 22         0.117772         0.114179         0.093447         0.113813         0.114240         0.107139         0.103673         0.086043         0.080415         0.069278
Round 23         0.119884         0.112781         0.095063         0.114877         0.104839         0.119504         0.093871         0.083029         0.074590         0.081562
Round 24         0.120266         0.115419         0.107419         0.114079         0.105245         0.091615         0.106760         0.084364         0.076566         0.078267
Round 25         0.118644         0.113555         0.103460         0.113973         0.108186         0.113877         0.098223         0.084992         0.072352         0.072738
Round 26         0.118005         0.114255         0.109613         0.107124         0.107763         0.116176         0.105023         0.084816         0.067751         0.069474
Round 27         0.118769         0.109555         0.102608         0.108582         0.114291         0.105730         0.107692         0.082819         0.073629         0.076324
Round 28         0.113748         0.109830         0.101327         0.107267         0.111624         0.114734         0.104097         0.084813         0.076603         0.075956
Round 29         0.115245         0.109092         0.104309         0.108140         0.111103         0.111912         0.102215         0.082065         0.076766         0.079153
Round 30         0.115339         0.111352         0.104796         0.110323         0.104887         0.112888         0.102859         0.073202         0.080344         0.084011

================================================================================
 라운드별 시간 측정 결과 (초)
================================================================================
          cli 0 train  cli 1 train  cli 2 train  cli 3 train  cli 4 train  cli 5 train  cli 6 train  cli 7 train  cli 8 train  cli 9 train  agg time  cli eval time  global eval time  total time
Round 1      8.735653     8.252551    13.466016    13.512321    17.393353     7.845461    20.203741     5.140344    13.172632     6.778458  0.419804      40.062711          3.497457   43.980206
Round 2      8.834146     5.020450    13.810002    16.098225    18.696742     5.119505    22.613605     5.667414    14.283499     7.187774  0.359946      37.093521          4.357288   41.811018
Round 3     10.083433     8.492003    14.432947    12.296769    17.105188     7.368024    17.632875     5.209921    13.984213     6.825450  0.361098      39.759032          4.459696   44.580123
Round 4      7.526304     9.315639    15.121930    13.356753    20.373137     6.801106    19.958287     4.335984    14.126499     6.721287  0.353275      40.370956          4.447814   45.172293
Round 5      9.673976     6.277864    10.485075    12.882295    19.397899     9.096240    21.444990     5.231092    13.152983     5.206789  0.361523      41.265796          4.512624   46.140234
Round 6      8.850482     8.146878    12.510046    14.480866    21.391982     8.569774    23.765986     3.557344    12.239854     4.663369  0.354789      39.576559          4.595252   44.526896
Round 7      8.623443     8.508249    15.543005    14.038684    15.888053     5.069599    23.461307     5.032542    11.760773     7.144481  0.359018      41.423951          4.437285   46.220509
Round 8      9.980803     9.049637    11.262982    12.005232    19.929537     8.213192    21.890539     5.291383    13.234137     7.199138  0.390227      43.818471          2.872568   47.081546
Round 9      8.286243     9.039669    15.281110    15.796312    21.132951     8.400966    19.192179     5.922870    14.062281     6.749071  0.362291      40.434082          4.579798   45.376446
Round 10     7.208515     8.514858    15.717725    11.386597    21.543896     8.274399    17.789456     5.638053    14.097164     6.915012  0.360068      41.947778          4.556106   46.864234
Round 11     9.959751     8.474586    10.345402    17.321804    17.177237     6.454017    24.066709     5.917598    12.067429     7.348899  0.349694      40.483931          4.583188   45.417123
Round 12     9.722483     9.056793    14.966657    17.097372    15.295012     7.031360    17.366573     5.734838    14.820945     6.360439  0.352475      41.820816          4.578415   46.751985
Round 13    10.018422     9.267704    14.472138    12.791193    21.155404     8.341268    21.563362     5.259692     9.296800     6.961982  0.356152      41.852584          4.514695   46.723733
Round 14     5.878800     6.320992    14.852479    17.495005    21.926385     8.885082    18.938145     5.700141    11.977921     5.348269  0.385554      41.617905          4.790558   46.794437
Round 15     9.794608     8.996650    13.403055    17.736648    21.242424     6.129321    17.198653     5.614159    14.214839     7.043550  0.357670      43.106998          2.944518   46.409428
Round 16     9.766259     7.333024    11.617204    16.937345    20.898785     8.728393    22.500932     6.042534    14.917951     7.278450  0.401010      43.684355          3.575394   47.661041
Round 17     5.260941     4.636493     8.526799     8.483487    11.534918     3.268149    12.580656     2.780036     6.633876     3.602536  0.339536      23.783669          2.391073   26.514563
Round 18     5.045361     4.481592     7.542896     8.792093     9.453726     4.365999    11.972797     2.586078     7.308637     3.720740  0.340758      23.886491          2.434974   26.662476
Round 19     4.860960     3.714111     7.857902     8.224294    10.864675     4.220945    11.854693     2.810522     6.874794     3.248467  0.340751      23.601233          2.403451   26.345715
Round 20     3.179773     4.187794     7.162030     8.554664    10.912196     4.240740    12.082138     2.663441     7.033518     3.422837  0.338340      23.630619          2.340510   26.309692
Round 21     4.886772     4.318384     7.941928     8.558362    10.218671     3.879346    12.783263     2.773372     7.015021     3.657012  0.337749      23.788104          2.337111   26.463217
Round 22     5.344234     4.520892     6.899770     8.644668    10.775026     4.542123    12.191590     2.537155     7.781167     3.178658  0.339375      23.945805          2.552434   26.837815
Round 23     4.789349     4.109799     7.524534     7.582516    10.901677     4.085148    12.129934     2.524657     7.339923     3.922525  0.338743      23.804551          2.358632   26.502141
Round 24     4.766816     4.473794     8.220858     8.211090     9.942222     4.754527    11.248439     2.626621     6.892802     3.693084  0.355924      23.994876          2.354587   26.705650
Round 25     5.116197     4.372587     8.223878     8.722240    10.944307     3.787551    11.834305     3.365592     7.256656     3.864321  0.337002      23.761474          2.340305   26.439088
Round 26     4.718776     4.456091     7.731175     7.382825    11.193166     4.677621    12.160637     2.656139     6.337398     3.487574  0.336799      23.787671          2.382351   26.507040
Round 27     4.648631     4.349326     8.572799     9.011413    10.518385     4.297878    11.555371     2.360419     7.413258     3.767242  0.336404      23.661114          2.342875   26.340601
Round 28     4.928430     3.817426     6.729204     9.184667    10.969638     4.339747    11.361897     2.515507     7.287261     3.368217  0.341861      23.826117          2.420347   26.588656
Round 29     5.126040     4.512047     6.944764     8.316002    10.165110     4.653458    12.096349     2.711904     7.023514     3.591355  0.336456      23.852075          2.340170   26.528972
Round 30     4.624919     3.754635     7.892687     7.685469    10.783643     4.214381    12.119861     2.570060     7.210984     3.084914  0.340252      23.737460          2.341293   26.419269

총 시뮬레이션 시간: 1102.68초

================================================================================
 시뮬레이션 파라미터
================================================================================
NUM_CLIENTS: 10
NUM_ROUNDS: 30
LOCAL_EPOCHS: 2
DIRICHLET_ALPHA: 0.5
MIN_SAMPLES_PER_CLASS: 30
RANDOM_SEED: 42
NUM_COMMITTEE_MEMBERS: 3
EWMA_BETA: 0.9
NUM_NOISE_ATTACKERS: 0
NUM_DATAF_ATTACKERS: 3
DATAF_POISON_LEVEL: 3
COMMITTEE_EVAL_SKIPPED: False
