================================================================================
 데이터 분할 현황
================================================================================
   Client  Num Samples  Class 0  Class 1  Class 2  Class 3  Class 4  Class 5  Class 6  Class 7  Class 8  Class 9
0       0         3702       58      935      667      157      347      361      274      419       62      422
1       1         3398      448       50      234      881      317      490       55      511      353       59
2       2         5798     1210       52      482      541      642      212       75      202     2246      136
3       3         6461      180     1750       51       76      494     1025      617     1516      107      645
4       4         8058      744      382      762      208     2092      869     2355      286      284       76
5       5         3282      124      248      877      200       61      334      347      384      362      345
6       6         9048      101      236     1210     1697       63      201      966     1367     1102     2105
7       7         2138       50      269      259      153       91      513       50      180      339      234
8       8         5453     1898      868      402      522      146      800      143       50       86      538
9       9         2662      187      210       56      565      747      195      118       85       59      440

================================================================================
 라운드별 글로벌 모델 정확도
================================================================================
       Overall_Accuracy
Round                  
1                0.1154
2                0.3868
3                0.5835
4                0.6534
5                0.6933
6                0.7262
7                0.7460
8                0.7585
9                0.7685
10               0.7751
11               0.7822
12               0.7784
13               0.7820
14               0.7821
15               0.7917
16               0.7911
17               0.7882
18               0.7911
19               0.7900
20               0.7939
21               0.7916
22               0.7913
23               0.7914
24               0.7895
25               0.7869
26               0.7909
27               0.7916
28               0.7938
29               0.7912
30               0.7909
31               0.7934
32               0.7934
33               0.7944
34               0.7916
35               0.7913
36               0.7917
37               0.7909
38               0.7893
39               0.7880
40               0.7901
41               0.7897
42               0.7905
43               0.7930
44               0.7919
45               0.7902
46               0.7927
47               0.7925
48               0.7900
49               0.7900
50               0.7909
51               0.7898
52               0.7898
53               0.7900
54               0.7922
55               0.7925
56               0.7920
57               0.7914
58               0.7927
59               0.7914
60               0.7921
61               0.7897
62               0.7884
63               0.7875
64               0.7895
65               0.7923
66               0.7919
67               0.7916
68               0.7904
69               0.7882
70               0.7895
71               0.7896
72               0.7888
73               0.7894
74               0.7882
75               0.7889
76               0.7881
77               0.7903
78               0.7931
79               0.7941
80               0.7908
81               0.7907
82               0.7913
83               0.7911
84               0.7919
85               0.7907
86               0.7897
87               0.7884
88               0.7895
89               0.7907
90               0.7915
91               0.7910
92               0.7911
93               0.7905
94               0.7893
95               0.7901
96               0.7899
97               0.7907
98               0.7909
99               0.7915
100              0.7895

================================================================================
 라운드별 모델 합성 가중치
================================================================================
           client_0_weight  client_1_weight  client_2_weight  client_3_weight  client_4_weight  client_5_weight  client_6_weight  client_7_weight  client_8_weight  client_9_weight
Round 1                0.1              0.1              0.1              0.1              0.1              0.1              0.1              0.1              0.1              0.1
Round 2                0.1              0.1              0.1              0.1              0.1              0.1              0.1              0.1              0.1              0.1
Round 3                0.1              0.1              0.1              0.1              0.1              0.1              0.1              0.1              0.1              0.1
Round 4                0.1              0.1              0.1              0.1              0.1              0.1              0.1              0.1              0.1              0.1
Round 5                0.1              0.1              0.1              0.1              0.1              0.1              0.1              0.1              0.1              0.1
Round 6                0.1              0.1              0.1              0.1              0.1              0.1              0.1              0.1              0.1              0.1
Round 7                0.1              0.1              0.1              0.1              0.1              0.1              0.1              0.1              0.1              0.1
Round 8                0.1              0.1              0.1              0.1              0.1              0.1              0.1              0.1              0.1              0.1
Round 9                0.1              0.1              0.1              0.1              0.1              0.1              0.1              0.1              0.1              0.1
Round 10               0.1              0.1              0.1              0.1              0.1              0.1              0.1              0.1              0.1              0.1
Round 11               0.1              0.1              0.1              0.1              0.1              0.1              0.1              0.1              0.1              0.1
Round 12               0.1              0.1              0.1              0.1              0.1              0.1              0.1              0.1              0.1              0.1
Round 13               0.1              0.1              0.1              0.1              0.1              0.1              0.1              0.1              0.1              0.1
Round 14               0.1              0.1              0.1              0.1              0.1              0.1              0.1              0.1              0.1              0.1
Round 15               0.1              0.1              0.1              0.1              0.1              0.1              0.1              0.1              0.1              0.1
Round 16               0.1              0.1              0.1              0.1              0.1              0.1              0.1              0.1              0.1              0.1
Round 17               0.1              0.1              0.1              0.1              0.1              0.1              0.1              0.1              0.1              0.1
Round 18               0.1              0.1              0.1              0.1              0.1              0.1              0.1              0.1              0.1              0.1
Round 19               0.1              0.1              0.1              0.1              0.1              0.1              0.1              0.1              0.1              0.1
Round 20               0.1              0.1              0.1              0.1              0.1              0.1              0.1              0.1              0.1              0.1
Round 21               0.1              0.1              0.1              0.1              0.1              0.1              0.1              0.1              0.1              0.1
Round 22               0.1              0.1              0.1              0.1              0.1              0.1              0.1              0.1              0.1              0.1
Round 23               0.1              0.1              0.1              0.1              0.1              0.1              0.1              0.1              0.1              0.1
Round 24               0.1              0.1              0.1              0.1              0.1              0.1              0.1              0.1              0.1              0.1
Round 25               0.1              0.1              0.1              0.1              0.1              0.1              0.1              0.1              0.1              0.1
Round 26               0.1              0.1              0.1              0.1              0.1              0.1              0.1              0.1              0.1              0.1
Round 27               0.1              0.1              0.1              0.1              0.1              0.1              0.1              0.1              0.1              0.1
Round 28               0.1              0.1              0.1              0.1              0.1              0.1              0.1              0.1              0.1              0.1
Round 29               0.1              0.1              0.1              0.1              0.1              0.1              0.1              0.1              0.1              0.1
Round 30               0.1              0.1              0.1              0.1              0.1              0.1              0.1              0.1              0.1              0.1
Round 31               0.1              0.1              0.1              0.1              0.1              0.1              0.1              0.1              0.1              0.1
Round 32               0.1              0.1              0.1              0.1              0.1              0.1              0.1              0.1              0.1              0.1
Round 33               0.1              0.1              0.1              0.1              0.1              0.1              0.1              0.1              0.1              0.1
Round 34               0.1              0.1              0.1              0.1              0.1              0.1              0.1              0.1              0.1              0.1
Round 35               0.1              0.1              0.1              0.1              0.1              0.1              0.1              0.1              0.1              0.1
Round 36               0.1              0.1              0.1              0.1              0.1              0.1              0.1              0.1              0.1              0.1
Round 37               0.1              0.1              0.1              0.1              0.1              0.1              0.1              0.1              0.1              0.1
Round 38               0.1              0.1              0.1              0.1              0.1              0.1              0.1              0.1              0.1              0.1
Round 39               0.1              0.1              0.1              0.1              0.1              0.1              0.1              0.1              0.1              0.1
Round 40               0.1              0.1              0.1              0.1              0.1              0.1              0.1              0.1              0.1              0.1
Round 41               0.1              0.1              0.1              0.1              0.1              0.1              0.1              0.1              0.1              0.1
Round 42               0.1              0.1              0.1              0.1              0.1              0.1              0.1              0.1              0.1              0.1
Round 43               0.1              0.1              0.1              0.1              0.1              0.1              0.1              0.1              0.1              0.1
Round 44               0.1              0.1              0.1              0.1              0.1              0.1              0.1              0.1              0.1              0.1
Round 45               0.1              0.1              0.1              0.1              0.1              0.1              0.1              0.1              0.1              0.1
Round 46               0.1              0.1              0.1              0.1              0.1              0.1              0.1              0.1              0.1              0.1
Round 47               0.1              0.1              0.1              0.1              0.1              0.1              0.1              0.1              0.1              0.1
Round 48               0.1              0.1              0.1              0.1              0.1              0.1              0.1              0.1              0.1              0.1
Round 49               0.1              0.1              0.1              0.1              0.1              0.1              0.1              0.1              0.1              0.1
Round 50               0.1              0.1              0.1              0.1              0.1              0.1              0.1              0.1              0.1              0.1
Round 51               0.1              0.1              0.1              0.1              0.1              0.1              0.1              0.1              0.1              0.1
Round 52               0.1              0.1              0.1              0.1              0.1              0.1              0.1              0.1              0.1              0.1
Round 53               0.1              0.1              0.1              0.1              0.1              0.1              0.1              0.1              0.1              0.1
Round 54               0.1              0.1              0.1              0.1              0.1              0.1              0.1              0.1              0.1              0.1
Round 55               0.1              0.1              0.1              0.1              0.1              0.1              0.1              0.1              0.1              0.1
Round 56               0.1              0.1              0.1              0.1              0.1              0.1              0.1              0.1              0.1              0.1
Round 57               0.1              0.1              0.1              0.1              0.1              0.1              0.1              0.1              0.1              0.1
Round 58               0.1              0.1              0.1              0.1              0.1              0.1              0.1              0.1              0.1              0.1
Round 59               0.1              0.1              0.1              0.1              0.1              0.1              0.1              0.1              0.1              0.1
Round 60               0.1              0.1              0.1              0.1              0.1              0.1              0.1              0.1              0.1              0.1
Round 61               0.1              0.1              0.1              0.1              0.1              0.1              0.1              0.1              0.1              0.1
Round 62               0.1              0.1              0.1              0.1              0.1              0.1              0.1              0.1              0.1              0.1
Round 63               0.1              0.1              0.1              0.1              0.1              0.1              0.1              0.1              0.1              0.1
Round 64               0.1              0.1              0.1              0.1              0.1              0.1              0.1              0.1              0.1              0.1
Round 65               0.1              0.1              0.1              0.1              0.1              0.1              0.1              0.1              0.1              0.1
Round 66               0.1              0.1              0.1              0.1              0.1              0.1              0.1              0.1              0.1              0.1
Round 67               0.1              0.1              0.1              0.1              0.1              0.1              0.1              0.1              0.1              0.1
Round 68               0.1              0.1              0.1              0.1              0.1              0.1              0.1              0.1              0.1              0.1
Round 69               0.1              0.1              0.1              0.1              0.1              0.1              0.1              0.1              0.1              0.1
Round 70               0.1              0.1              0.1              0.1              0.1              0.1              0.1              0.1              0.1              0.1
Round 71               0.1              0.1              0.1              0.1              0.1              0.1              0.1              0.1              0.1              0.1
Round 72               0.1              0.1              0.1              0.1              0.1              0.1              0.1              0.1              0.1              0.1
Round 73               0.1              0.1              0.1              0.1              0.1              0.1              0.1              0.1              0.1              0.1
Round 74               0.1              0.1              0.1              0.1              0.1              0.1              0.1              0.1              0.1              0.1
Round 75               0.1              0.1              0.1              0.1              0.1              0.1              0.1              0.1              0.1              0.1
Round 76               0.1              0.1              0.1              0.1              0.1              0.1              0.1              0.1              0.1              0.1
Round 77               0.1              0.1              0.1              0.1              0.1              0.1              0.1              0.1              0.1              0.1
Round 78               0.1              0.1              0.1              0.1              0.1              0.1              0.1              0.1              0.1              0.1
Round 79               0.1              0.1              0.1              0.1              0.1              0.1              0.1              0.1              0.1              0.1
Round 80               0.1              0.1              0.1              0.1              0.1              0.1              0.1              0.1              0.1              0.1
Round 81               0.1              0.1              0.1              0.1              0.1              0.1              0.1              0.1              0.1              0.1
Round 82               0.1              0.1              0.1              0.1              0.1              0.1              0.1              0.1              0.1              0.1
Round 83               0.1              0.1              0.1              0.1              0.1              0.1              0.1              0.1              0.1              0.1
Round 84               0.1              0.1              0.1              0.1              0.1              0.1              0.1              0.1              0.1              0.1
Round 85               0.1              0.1              0.1              0.1              0.1              0.1              0.1              0.1              0.1              0.1
Round 86               0.1              0.1              0.1              0.1              0.1              0.1              0.1              0.1              0.1              0.1
Round 87               0.1              0.1              0.1              0.1              0.1              0.1              0.1              0.1              0.1              0.1
Round 88               0.1              0.1              0.1              0.1              0.1              0.1              0.1              0.1              0.1              0.1
Round 89               0.1              0.1              0.1              0.1              0.1              0.1              0.1              0.1              0.1              0.1
Round 90               0.1              0.1              0.1              0.1              0.1              0.1              0.1              0.1              0.1              0.1
Round 91               0.1              0.1              0.1              0.1              0.1              0.1              0.1              0.1              0.1              0.1
Round 92               0.1              0.1              0.1              0.1              0.1              0.1              0.1              0.1              0.1              0.1
Round 93               0.1              0.1              0.1              0.1              0.1              0.1              0.1              0.1              0.1              0.1
Round 94               0.1              0.1              0.1              0.1              0.1              0.1              0.1              0.1              0.1              0.1
Round 95               0.1              0.1              0.1              0.1              0.1              0.1              0.1              0.1              0.1              0.1
Round 96               0.1              0.1              0.1              0.1              0.1              0.1              0.1              0.1              0.1              0.1
Round 97               0.1              0.1              0.1              0.1              0.1              0.1              0.1              0.1              0.1              0.1
Round 98               0.1              0.1              0.1              0.1              0.1              0.1              0.1              0.1              0.1              0.1
Round 99               0.1              0.1              0.1              0.1              0.1              0.1              0.1              0.1              0.1              0.1
Round 100              0.1              0.1              0.1              0.1              0.1              0.1              0.1              0.1              0.1              0.1

================================================================================
 라운드별 시간 측정 결과 (초)
================================================================================
           cli 0 train  cli 1 train  cli 2 train  cli 3 train  cli 4 train  cli 5 train  cli 6 train  cli 7 train  cli 8 train  cli 9 train  agg time  cli eval time  global eval time  total time
Round 1       9.327960     8.640123    14.381478    15.316159    13.996447     7.907430    23.535368     5.893047    13.957256     6.872593  0.364959              0          2.960967    3.326422
Round 2       8.840261     8.781305    13.810383    16.653922    19.538253     8.274082    22.393898     5.587554    13.534891     6.567830  0.250989              0          2.819450    3.070833
Round 3       9.459541     8.936301    14.602266    15.878907    19.245589     5.260629    20.467883     5.160603     9.978651     7.114464  0.253725              0          3.297336    3.551458
Round 4       9.336961     8.698240    11.081249    11.941753    18.730133     8.633272    22.046842     5.462578    13.140268     6.833881  0.266285              0          3.077790    3.344467
Round 5       6.933115     8.718173    14.249910    16.817991    20.028944     8.451552    17.340330     5.710624     9.682600     3.758082  0.255538              0          4.588268    4.844233
Round 6       9.155054     5.939986    14.517097     9.755427    15.776886     8.917094    22.211168     6.042534    13.483137     5.345678  0.240443              0          4.347115    4.587952
Round 7       6.083018     8.710947    13.552250    13.698694    20.154704     8.257250    22.250379     3.063862     9.488913     5.472708  0.261696              0          4.089772    4.351879
Round 8       9.038361     7.305565    10.192841    14.052821    20.339190     8.296425    18.670248     5.014032     9.391768     4.089052  0.262908              0          4.455154    4.718456
Round 9       6.474016     5.634314     9.992308    14.858774    19.522322     8.274940    21.425311     3.455516    12.951869     6.844113  0.243406              0          4.227310    4.470925
Round 10      6.147367     8.682826    14.461806    13.216269    17.911470     8.006896    21.596485     5.756208     8.761855     7.307900  0.266874              0          4.149301    4.416481
Round 11      6.821249     7.670012    14.175117    10.440938    19.795841     5.535847    22.040414     5.740118    11.637507     7.091907  0.251098              0          4.320636    4.572121
Round 12      9.491421     8.430521     9.245067    11.782932    20.028539     8.401165    21.087026     3.481679    13.886103     3.972720  0.288261              0          4.026547    4.315220
Round 13      9.546704     7.226034    14.917360     9.618411    19.988975     8.722630    21.971673     4.743797    13.999277     4.375974  0.263145              0          3.465635    3.729189
Round 14      4.629620     8.058010    15.069932    16.038363    17.566582     8.657405    22.312665     5.773665    11.927166     6.776468  0.245005              0          2.460693    2.706091
Round 15      9.815555     9.039941    12.297222    16.081464    19.286145     7.728334    22.382940     5.428362    13.324028     6.817613  0.246678              0          2.625439    2.872499
Round 16      9.495571     9.050469    14.692731    14.456997    19.062510     6.003090    22.297403     4.519447    13.426301     7.204939  0.268957              0          2.516813    2.786156
Round 17      4.763854     4.111204     7.345475     8.046028     6.832309     5.106731    11.106650     3.280523     7.614491     3.102883  0.247985              0          2.329672    2.578053
Round 18      4.058739     4.730109     7.986642     8.302256    10.088414     4.174847    11.806417     2.191987     6.343799     3.084955  0.236312              0          2.310541    2.547243
Round 19      4.558971     4.896757     8.130510     8.139709     9.978980     3.682844    11.955449     3.056894     6.631416     3.382464  0.237487              0          2.364834    2.602720
Round 20      4.709803     4.260599     7.116979     8.696960     9.363021     4.253321    13.306513     2.886893     7.465188     3.569511  0.226025              0          2.364216    2.590656
Round 21      3.918225     4.605541     7.520265     8.447296     9.830655     3.907804    12.692947     2.285450     6.671491     3.609338  0.239943              0          2.439266    2.679621
Round 22      4.534404     4.438179     5.154864     7.999870    11.021599     4.340609    11.643416     2.485768     7.109657     3.535684  0.243695              0          2.345140    2.589248
Round 23      4.244866     4.863868     6.510197     8.297006     9.447929     3.960226     6.547282     2.868211     7.928923     3.616419  0.264547              0          2.398268    2.663373
Round 24      5.243746     4.885744     7.321903     8.934180     9.948706     4.658790    11.230937     2.831363     6.925761     3.201240  0.238228              0          2.326943    2.565566
Round 25      4.998727     4.075148     6.716814     9.139750     9.859212     4.173463    10.638150     2.423177     5.934251     3.873784  0.227310              0          2.375781    2.603338
Round 26      5.198622     4.376500     8.146599     7.484615    10.929840     4.404859    11.250193     2.921812     7.546820     2.934332  0.244466              0          2.326524    2.571388
Round 27      4.504218     4.725786     6.071360     8.807656     9.718777     3.874150    12.223152     3.257870     6.706047     3.604870  0.226490              0          2.359483    2.586196
Round 28      5.077162     4.486906     6.791981     8.600275    11.394269     3.732249    11.262884     2.535795     6.282380     3.470596  0.241080              0          2.319962    2.561453
Round 29      4.158226     4.233122     6.677679     8.971337    10.697388     3.726416     7.603590     2.362701     7.804346     3.502253  0.250549              0          2.368202    2.619144
Round 30      5.159474     4.911578     7.987362     8.904549    10.338252     3.989232     9.898144     2.580492     7.950310     3.714315  0.293283              0          2.376240    2.669975
Round 31      5.178479     4.469640     6.275589     8.372025     9.777862     4.948913    10.962397     2.780686     6.717657     3.127090  0.242662              0          2.347212    2.590425
Round 32      4.471484     4.403934     6.799283     7.797927    10.128597     3.965332     9.387018     2.773889     7.158174     3.480415  0.251112              0          2.313087    2.564600
Round 33      5.043277     4.281838     7.613879     8.494308    11.081828     4.388769    12.372479     2.503114     6.599878     3.895794  0.239728              0          2.292133    2.532266
Round 34      5.364861     4.076244     6.493910     7.780758     9.271542     4.878953    12.326725     2.846166     6.873655     3.523987  0.259259              0          2.436174    2.695829
Round 35      4.449132     4.213566     6.826163     8.499650     9.695375     3.964251    10.698884     2.768749     7.636263     3.957358  0.248558              0          2.319458    2.568401
Round 36      3.420123     4.253909     8.062166     7.398834    11.696328     4.301578    10.863171     2.705202     6.544207     2.935724  0.231109              0          2.293419    2.524755
Round 37      4.741029     4.450513     7.253410     8.233683    10.329761     3.896421    11.305290     2.772031     6.498469     3.157210  0.226346              0          2.428994    2.655578
Round 38      4.943568     4.084698     7.749094     8.344934    10.459031     4.267932    12.500646     2.653816     7.857093     3.911225  0.296739              0          2.394223    2.691352
Round 39      5.764442    13.398807     7.789246     7.575792    25.788822     5.257625    12.422647     7.637295     6.723010     3.336381  0.241474              0          7.059564    7.301310
Round 40      7.271633     7.789546    22.163068    23.644365    21.690679    11.989129    19.046145     8.660413    20.384800    10.654109  0.308089              0          5.172666    5.481141
Round 41     12.829696    10.028252    16.322768    18.146800    21.008805    10.888731    25.203425     7.714191    13.690948     7.914752  0.261552              0          6.937298    7.199267
Round 42      6.697833    13.234369    17.837447    11.662169    30.794068    12.835857    33.931436     5.491758    13.510688    10.235516  0.292534              0          4.812042    5.104985
Round 43     10.701532    10.075186    19.716673    18.293823    25.524415     9.238996    24.724064     6.326594    15.689097     8.331694  0.269745              0          7.198720    7.468867
Round 44     14.081641    13.383553    21.691346    15.587322    26.495369     9.132227    17.220722     6.619186    21.003238     7.582425  0.253810              0          4.870004    5.124333
Round 45     12.304081     9.683100    16.281663    25.265940    29.314958    12.331515    23.848505     6.837508    14.971077    10.607267  0.330020              0          6.164132    6.494562
Round 46     13.127819     8.500618    16.338710    19.688105    23.547864     7.118934    21.632205     6.849652    15.427147    10.562103  0.264761              0          2.888539    3.153705
Round 47     12.836546     7.563035    14.661418    19.699413    29.893992    12.719220    33.982157     8.361351    20.694355    11.135454  0.310027              0          4.369923    4.680337
Round 48     10.613355     7.727828    17.344356    18.026239    20.970915     9.738869    25.626078     3.413306    15.558954     7.866987  0.319949              0          3.238059    3.558419
Round 49     12.075462    13.139862    22.709743    24.807055    30.572874    12.926068    29.582817     8.217659    21.109638     7.671736  0.249936              0          3.097189    3.347548
Round 50     10.723897     9.365759    16.076504    17.387534    19.264759     9.940680    25.645797     6.634109    12.081950     7.594911  0.318929              0          6.445990    6.765348
Round 51     13.018356     9.959750    16.495992    23.803336    29.886914    12.229074    30.124667     7.175752    15.781375    10.489783  0.250652              0          5.447802    5.698903
Round 52      7.958939    12.251040    16.160713    12.401101    23.038767     9.736460    19.111595     5.869159    18.788687     6.440183  0.305215              0          7.263340    7.568986
Round 53     12.233549    10.564720    18.771998    16.332580    25.583643    12.780530    30.390987     6.095691    20.487833     7.832303  0.307235              0          5.340027    5.647734
Round 54     14.618184     7.879399    13.501402    13.132797    19.792571     9.510230    30.550371     6.311691    16.766724     5.026483  0.269232              0          7.136384    7.405856
Round 55     11.595405     8.151556    21.369769    18.770274    21.559256    12.703069    26.372539     8.308573    13.087534     9.207579  0.283208              0          5.247720    5.531327
Round 56      7.423715     9.730584    17.098390    17.789737    23.537452     9.303220    22.738802     8.381824    18.667017     7.853517  0.306764              0          7.631902    7.939094
Round 57     10.743805    10.089850    22.485902    19.601007    16.242991    12.218870    33.584211     9.033454    10.516027     6.300179  0.279578              0          5.005344    5.285309
Round 58     11.196902     9.671670    16.252921    18.217881    25.027044     9.146949    24.247409     6.029296    16.405651     7.379026  0.300579              0          7.609328    7.910321
Round 59     14.254834    12.376969    16.586957    23.763408    22.564208     6.959092    19.040350     8.335824    11.692318     9.875854  0.334196              0          5.245247    5.579836
Round 60     14.353633    13.391911    15.425934    17.629133    25.247743     9.104972    25.935211     6.378121    17.778452     8.523931  0.345776              0          7.622707    7.968864
Round 61     10.779603     9.600288    19.765881    18.505500    28.170661     6.927709    25.126506     3.391983    11.504195    10.424013  0.307597              0          3.439617    3.747760
Round 62     13.960236    11.090561    16.747847    20.316575    30.056369    11.418943    32.347461     6.225849    16.021508     7.231172  0.278111              0          5.223130    5.501664
Round 63      9.254936    11.992778    16.566745    18.480629    24.099665     9.587198    28.269011     6.553759    15.413727     7.967251  0.271456              0          3.076069    3.347893
Round 64     14.314842    13.441025    22.136153    22.249748    25.941545    12.875758    23.394455     8.609662    20.523537     4.665349  0.276053              0          5.393302    5.669771
Round 65     11.102517     9.717272    16.150834    18.423953    22.376724     7.192302    22.743705     6.857201    13.471818     7.612425  0.285464              0          3.855244    4.141142
Round 66     14.445002    11.018955    21.177887    24.576988    30.235862    10.555795    25.359614     8.407749     9.735999     5.386099  0.292893              0          7.235815    7.529098
Round 67      6.676000     9.926906    14.157315    15.858582    21.249294     5.865811    25.686451     5.778130    13.810563     7.696627  0.276774              0          5.132777    5.409963
Round 68     14.471922     7.512665    17.928152    24.415572    29.962764     9.055305    24.273917     9.060700    17.564978     9.138053  0.331742              0          6.057383    6.389563
Round 69     11.021069     7.543515    15.239366    16.996613    18.235395     9.178725    22.850389     6.170176    15.576628     5.118755  0.322101              0          4.960521    5.283009
Round 70     11.616989    12.989250    21.724652    20.702519    27.008091    12.297059    28.260960     7.975715    15.934768    10.868342  0.325770              0          4.882704    5.208893
Round 71      9.507789    10.526624    14.234802    14.463135    21.824930     7.024067    18.184577     6.233969    12.730876     7.471521  0.303548              0          4.967896    5.271861
Round 72     13.562072     9.609433    22.068315    19.234774    29.912847    11.655459    28.094475     8.730883    20.409775    10.796896  0.259382              0          4.975609    5.235463
Round 73     10.775413     9.839414    16.427624    16.717052    16.439446     9.849789    19.331819     6.312397    15.328125     7.342351  0.317348              0          7.395803    7.713557
Round 74     10.858070    12.825678    21.667325    15.518946    29.538702    12.885263    26.999012     4.774024    20.386664     8.088331  0.310048              0          5.059293    5.369792
Round 75      6.804440     6.674508    17.251462    17.343649    22.654518     8.373637    23.104445     6.496125     9.572036     7.881703  0.297312              0          7.064225    7.361781
Round 76     13.171969    13.284177    21.568564    24.104900    20.389726    12.488684    33.024335     8.635314    20.385451     5.113185  0.256862              0          3.288615    3.545878
Round 77     10.094573    10.542575    16.568746    16.627490    21.766762    10.331805    25.181052     6.727855    15.498421     7.898382  0.266145              0          4.953249    5.219821
Round 78     14.475351    13.435097    18.958927    23.412763    15.314624    12.502981    29.049878     8.555146    20.499779    10.746821  0.250303              0          3.380382    3.631258
Round 79     11.055539    10.138887    16.429608    20.431617    22.315254    12.055578    22.654977     6.439570    15.587378     7.775292  0.346279              0          5.025178    5.371866
Round 80     13.835871    10.388072    21.800781    21.447118    22.774777     6.601670    24.435607     6.747753    20.686111     8.051742  0.281270              0          2.845447    3.127112
Round 81     14.540929     8.300523    16.340521    16.857657    24.788674     9.406216    31.682771     8.890031    20.382058     6.488287  0.270353              0          5.402555    5.673325
Round 82     10.367085     9.420829    17.282984    18.153304    24.077356     8.115351    26.362684     6.219234    15.138704     7.169238  0.273537              0          3.272333    3.546309
Round 83     13.810978    12.042987    13.465263    24.033797    25.769906    13.247749    32.651178     3.455111    20.765059    10.596093  0.364892              0          5.194380    5.559661
Round 84      9.246028     7.346416    13.719445    18.096934    22.627999     9.037469    25.288812     5.732062    15.540076     7.722580  0.286114              0          4.486048    4.772596
Round 85      7.611407    11.295870    21.462672    23.548051    30.167544    13.246968    18.000492     3.557835    17.518852    10.426638  0.307859              0          7.118463    7.426556
Round 86      9.507474     6.208314    15.897676    17.826406    17.847052     9.281109    23.521751     3.984324    13.283302     7.784587  0.295368              0          5.215248    5.511012
Round 87     13.697033    13.157757    18.380950    23.632344    30.304835     9.277074    25.120077     4.988904    20.806868    11.131860  0.286272              0          5.065030    5.351740
Round 88      8.271840    10.022248    15.875965    13.978808    16.631507     7.293643    25.232919     6.449562    11.287315     7.271402  0.310813              0          5.242526    5.553568
Round 89     13.950983    10.292495    17.203012    18.189281    29.783759    12.880334    31.335740     8.597910    17.998465    10.358232  0.292563              0          5.564773    5.857739
Round 90      9.215891     6.453981    16.323469    18.392517    22.598984     7.308129    17.597960     3.756433    14.729070     7.190613  0.329160              0          4.872317    5.201690
Round 91     10.907559     9.873847    18.159950    22.845329    25.305809    11.264513    30.433907     8.591634    20.133065     8.910025  0.260082              0          4.986957    5.247353
Round 92      6.084041     7.617841    16.299207    12.498827    19.734505     9.368258    16.259958     4.700018     6.535382     6.849342  0.298853              0          3.271003    3.570290
Round 93      7.283636     9.026086    13.856111    15.646568    19.364236     8.707277    18.320159     5.423087    13.483736     7.155048  0.242461              0          2.507171    2.749950
Round 94      5.708760     5.475172     9.323008     9.829486    12.498625     5.357268    13.097799     3.364333     8.450292     4.159413  0.269386              0          4.299471    4.569269
Round 95      9.041849     8.695679     7.234872    16.239585    18.510336     8.688261    22.206885     5.653687    14.009687     5.935130  0.283561              0          2.516939    2.800910
Round 96      5.483388     5.227305    10.864417    10.326455    15.554460     5.063797    14.339513     3.422269     8.749988     4.364544  0.261386              0          4.440043    4.701840
Round 97      8.975439     7.199042     7.372226    12.163920    19.849688     7.834524    17.296955     5.949917    14.015436     4.263975  0.258051              0          2.612539    2.870977
Round 98      5.386928     5.398333     9.333750     9.950513    12.721351     6.041304    14.271842     3.329521    11.368496     4.236310  0.246079              0          3.958278    4.204663
Round 99      6.977275     7.147243    14.276547    14.410151     9.351256     8.080395    22.071905     3.881389    10.304968     6.886307  0.260438              0          2.540235    2.801060
Round 100     9.801143     6.624370     8.959439    15.060957    12.758683     4.777057    14.249235     4.264266     8.626254     4.083674  0.305898              0          4.143069    4.449364

총 시뮬레이션 시간: 447.63초

================================================================================
 시뮬레이션 파라미터
================================================================================
NUM_CLIENTS: 10
NUM_ROUNDS: 100
LOCAL_EPOCHS: 2
DIRICHLET_ALPHA: 0.5
MIN_SAMPLES_PER_CLASS: 50
RANDOM_SEED: 42
NUM_COMMITTEE_MEMBERS: 3
EWMA_BETA: 0.5
CONTRIBUTION_SCALING_FACTOR: 1.5
NUM_NOISE_ATTACKERS: 0
NUM_DATAF_ATTACKERS: 0
DATAF_POISON_LEVEL: 0
COMMITTEE_EVAL_SKIPPED: True
