================================================================================
 데이터 분할 현황
================================================================================
   Client  Num Samples  Class 0  Class 1  Class 2  Class 3  Class 4  Class 5  Class 6  Class 7  Class 8  Class 9
0       0         2935     1215       36       37      237       52      141       66      578       94      479
1       1         5718       74      372      119     1023      226       43     1978     1505      225      153
2       2         2749       63      106      111      124      509      496      532       69      689       50
3       3         3831       97      261     1563      560       30       31      239       41      122      887
4       4         8925       51     2745      393      648     3173      797       87      276      443      312
5       5         4482      205       54      137     1141      585      501      146       63      297     1353
6       6         3178      146      219       48       78       33      156       33     1849      555       61
7       7         3797     1666       31       37      514       86      338      134       51      752      188
8       8        10224      774     1084     2508      517      232     2307      788      295     1689       30
9       9         4161      709       92       47      158       74      190      997      273      134     1487

================================================================================
 라운드별 글로벌 모델 평가 결과
================================================================================
           Loss  Accuracy       AUC
Round                              
1      3.467622    0.1085  0.750054
2      1.670051    0.4712  0.912718
3      1.125308    0.6564  0.949487
4      1.024873    0.7077  0.959521
5      0.948175    0.7363  0.964718
6      0.933607    0.7424  0.966411
7      0.895637    0.7546  0.969090
8      0.886309    0.7592  0.970253
9      0.884438    0.7613  0.970494
10     0.867399    0.7670  0.971397
11     0.891309    0.7690  0.971742
12     0.894680    0.7710  0.972116
13     0.897014    0.7704  0.972409
14     0.916174    0.7732  0.972502
15     0.929116    0.7720  0.972343

ex 0714 pm9:10
NUM_CLIENTS = 10
BATCH_SIZE = 32
NUM_ROUNDS = 15  
LOCAL_EPOCHS = 5 
LEARNING_RATE = 0.01
DIRICHLET_ALPHA = 0.5
MIN_SAMPLES_PER_CLASS = 30