================================================================================
 데이터 분할 현황
================================================================================
   Client  Num Samples  Class 0  Class 1  Class 2  Class 3  Class 4  Class 5  Class 6  Class 7  Class 8  Class 9
0       0         3646       38      954      675      142      340      355      264      416       43      419
1       1         3328      446       30      222      898      309      490       35      511      347       40
2       2         5833     1242       32      481      543      649      199       56      188     2324      119
3       3         6525      166     1805       31       57      494     1048      622     1562       89      651
4       4         8192      755      377      773      195     2162      885     2437      277      274       57
5       5         3207      107      237      894      186       42      327      340      379      356      339
6       6         9228       83      224     1242     1751       43      188      987     1405     1129     2176
7       7         2009       30      259      248      137       73      513       30      165      332      222
8       8         5471     1959      884      397      523      130      814      128       30       67      539
9       9         2561      174      198       37      568      758      181      101       67       39      438

================================================================================
 라운드별 글로벌 모델 정확도
================================================================================
       Overall_Accuracy  Poisoned_Acc([1,5,8])
Round                                         
1                0.1102                 0.0000
2                0.3903                 0.2170
3                0.5584                 0.3323
4                0.6078                 0.4430
5                0.6681                 0.5457
6                0.6730                 0.5397
7                0.7011                 0.5870
8                0.7329                 0.6930
9                0.7365                 0.6877
10               0.7376                 0.6567
11               0.7521                 0.7040
12               0.7456                 0.6997
13               0.7542                 0.6937
14               0.7662                 0.7230
15               0.7553                 0.6980
16               0.7627                 0.7073
17               0.7643                 0.7150
18               0.7633                 0.7160
19               0.7698                 0.7283
20               0.7641                 0.7100
21               0.7653                 0.7140
22               0.7576                 0.7073
23               0.7645                 0.7190
24               0.7604                 0.6873
25               0.7645                 0.7050
26               0.7724                 0.7500
27               0.7632                 0.7053
28               0.7662                 0.7247
29               0.7562                 0.6883
30               0.7690                 0.7367
31               0.7566                 0.6887
32               0.7588                 0.7020
33               0.7591                 0.6933
34               0.7566                 0.7133
35               0.7555                 0.6973
36               0.7563                 0.7040
37               0.7597                 0.7053
38               0.7568                 0.7157
39               0.7588                 0.7223
40               0.7622                 0.7217
41               0.7607                 0.7127
42               0.7545                 0.6937
43               0.7587                 0.7140
44               0.7579                 0.7093
45               0.7636                 0.7210
46               0.7550                 0.6990
47               0.7577                 0.7153
48               0.7449                 0.6820
49               0.7649                 0.7327
50               0.7565                 0.7077

================================================================================
 라운드별 모델 합성 가중치
================================================================================
          client_0_weight  client_1_weight  client_2_weight  client_3_weight  client_4_weight  client_5_weight  client_6_weight  client_7_weight  client_8_weight  client_9_weight
Round 1          0.106813         0.104743         0.113795         0.156970         0.104558         0.104419         0.159046         0.033642         0.034743         0.081271
Round 2          0.125691         0.092114         0.116961         0.138777         0.136704         0.091499         0.149555         0.034438         0.038449         0.075811
Round 3          0.115188         0.082275         0.121855         0.131449         0.129466         0.103557         0.132691         0.053147         0.061746         0.068626
Round 4          0.120145         0.095776         0.118920         0.127413         0.123564         0.112156         0.112239         0.053532         0.063153         0.073103
Round 5          0.122713         0.093871         0.124481         0.121732         0.122719         0.113655         0.115699         0.054572         0.065458         0.065100
Round 6          0.124139         0.099486         0.116235         0.122500         0.119774         0.105583         0.115558         0.060790         0.066202         0.069733
Round 7          0.125969         0.111413         0.105959         0.114223         0.116912         0.110876         0.114650         0.059214         0.069987         0.070796
Round 8          0.120180         0.123390         0.108753         0.115049         0.106743         0.114547         0.111210         0.060710         0.064561         0.074857
Round 9          0.121157         0.122357         0.114229         0.113552         0.111531         0.117937         0.112311         0.053482         0.060538         0.072906
Round 10         0.118038         0.115432         0.114784         0.116247         0.118730         0.110876         0.112070         0.053460         0.066467         0.073896
Round 11         0.118894         0.109893         0.110091         0.119130         0.124594         0.118389         0.113400         0.049913         0.062813         0.072882
Round 12         0.120870         0.114359         0.111479         0.119663         0.116620         0.121220         0.112500         0.051878         0.063899         0.067511
Round 13         0.118680         0.107991         0.116517         0.120133         0.116224         0.121125         0.111348         0.057295         0.061602         0.069085
Round 14         0.124213         0.111710         0.109159         0.121566         0.110570         0.126351         0.109181         0.053163         0.062994         0.071093
Round 15         0.123121         0.116127         0.106510         0.118664         0.109137         0.127022         0.108727         0.055226         0.063855         0.071611
Round 16         0.126698         0.119341         0.099107         0.114865         0.115682         0.128724         0.103432         0.056178         0.065834         0.070138
Round 17         0.129351         0.115642         0.103474         0.115669         0.110905         0.130315         0.101927         0.059494         0.065793         0.067431
Round 18         0.131542         0.118448         0.108203         0.117408         0.108452         0.129410         0.101083         0.059810         0.066340         0.059304
Round 19         0.131115         0.123931         0.110381         0.119327         0.096084         0.131692         0.102926         0.060551         0.065450         0.058543
Round 20         0.127936         0.126133         0.113392         0.116804         0.104413         0.126621         0.104087         0.052661         0.062959         0.064994
Round 21         0.128310         0.124341         0.116194         0.118102         0.107766         0.121976         0.104589         0.055295         0.060027         0.063400
Round 22         0.128256         0.124608         0.110221         0.118870         0.110053         0.119360         0.108240         0.055297         0.062013         0.063082
Round 23         0.125689         0.124499         0.111522         0.115653         0.115674         0.122707         0.105796         0.055594         0.061202         0.061665
Round 24         0.125909         0.119164         0.115933         0.116071         0.113738         0.117606         0.109500         0.057144         0.059308         0.065627
Round 25         0.126794         0.121072         0.116626         0.115365         0.102213         0.123568         0.111108         0.054389         0.060278         0.068587
Round 26         0.124988         0.123882         0.113730         0.114955         0.110542         0.122405         0.110467         0.052797         0.053442         0.072793
Round 27         0.124050         0.123062         0.112782         0.114752         0.112864         0.121605         0.110124         0.057144         0.052456         0.071162
Round 28         0.126153         0.124522         0.112581         0.116757         0.114383         0.125291         0.099679         0.055137         0.056265         0.069231
Round 29         0.128723         0.127419         0.116157         0.118051         0.109300         0.127946         0.096705         0.048737         0.054593         0.072369
Round 30         0.129784         0.128534         0.114495         0.119086         0.105705         0.129838         0.098190         0.049266         0.055239         0.069863
Round 31         0.126167         0.126813         0.113382         0.115851         0.113056         0.126981         0.104107         0.048823         0.054299         0.070521
Round 32         0.124779         0.126229         0.106471         0.114218         0.116060         0.126676         0.108709         0.050587         0.058427         0.067844
Round 33         0.126459         0.124171         0.113658         0.109959         0.117127         0.128893         0.111896         0.049170         0.054970         0.063697
Round 34         0.121923         0.122382         0.110369         0.112207         0.117523         0.125241         0.111596         0.052366         0.057264         0.069130
Round 35         0.122242         0.121771         0.111579         0.112277         0.114359         0.123863         0.111055         0.050974         0.058930         0.072950
Round 36         0.122884         0.122983         0.112260         0.114270         0.114772         0.123695         0.110493         0.052385         0.058213         0.068043
Round 37         0.123373         0.124133         0.110500         0.114337         0.115776         0.122874         0.111720         0.053271         0.056941         0.067075
Round 38         0.123409         0.125195         0.113562         0.115365         0.118231         0.124434         0.111956         0.050749         0.058237         0.058861
Round 39         0.123797         0.111083         0.112537         0.117155         0.119938         0.126987         0.112378         0.052907         0.057119         0.066099
Round 40         0.123205         0.117923         0.112707         0.116620         0.118526         0.125524         0.111304         0.048197         0.060505         0.065489
Round 41         0.123059         0.121632         0.114186         0.115320         0.115054         0.123707         0.109302         0.051424         0.055535         0.070781
Round 42         0.123026         0.119619         0.114080         0.109108         0.116907         0.124114         0.110900         0.051605         0.057395         0.073247
Round 43         0.120223         0.120842         0.113443         0.111774         0.116640         0.123475         0.108012         0.051153         0.062426         0.072011
Round 44         0.123547         0.122769         0.113261         0.114653         0.118992         0.112359         0.111509         0.053886         0.064014         0.065010
Round 45         0.124095         0.126546         0.112763         0.111810         0.121143         0.118251         0.097605         0.053457         0.065618         0.068712
Round 46         0.123349         0.125626         0.115067         0.113606         0.115906         0.112100         0.105774         0.057318         0.059404         0.071850
Round 47         0.123369         0.123789         0.113875         0.113822         0.116325         0.115613         0.106711         0.053626         0.061008         0.071861
Round 48         0.123139         0.123019         0.111239         0.114219         0.116668         0.120003         0.109970         0.049818         0.064065         0.067862
Round 49         0.125188         0.126967         0.097837         0.117111         0.119823         0.114380         0.113540         0.050196         0.068601         0.066357
Round 50         0.124660         0.127087         0.107337         0.116438         0.120051         0.119075         0.113702         0.053583         0.052940         0.065127

================================================================================
 라운드별 시간 측정 결과 (초)
================================================================================
          cli 0 train  cli 1 train  cli 2 train  cli 3 train  cli 4 train  cli 5 train  cli 6 train  cli 7 train  cli 8 train  cli 9 train  agg time  cli eval time  global eval time  total time
Round 1      9.093843     5.411456    14.608527    15.560675    19.640364     7.169961    19.747639     5.494046    13.082922     6.186482  0.417478      39.579414          4.203237   46.785712
Round 2      5.670825     8.495389    14.674173    12.511356    20.359769     8.440003    21.671225     5.541509    14.171401     7.046198  0.351820      38.880905          4.632253   46.232477
Round 3      9.473188     8.740160    15.393937    12.312024    16.894646     8.764303    16.058106     6.092441    12.962405     5.233821  0.356767      38.905180          4.278306   46.195714
Round 4     10.020756     8.688003    15.274977    14.009871    17.734613     8.377314    20.359641     5.209261    10.494090     7.337421  0.358332      40.153751          4.521085   47.688765
Round 5      9.650831     9.261078    10.089121    17.229182    20.919235     5.241710    23.037709     3.624957    12.479395     7.632218  0.346592      42.903380          2.566848   48.446311
Round 6     10.608269     8.656171    15.133260    16.854644    21.456108     8.937170    15.734080     6.007473    14.433663     7.299043  0.352105      44.124925          2.555203   49.294315
Round 7      9.816478     4.626598    15.249690    16.590824    20.676186     8.948642    24.192775     6.042030    15.294967     7.272624  0.368875      42.876745          4.612717   50.276383
Round 8     10.377304     8.939025    15.522400    14.364490    21.560707     9.461250    24.353743     5.831579    13.772996     4.030729  0.360630      39.625498          4.799634   47.679928
Round 9      8.704741     7.671741    13.187157    17.742938    16.277370     8.785052    17.858427     5.828075    14.720862     7.608552  0.357800      41.159091          4.627974   48.820240
Round 10     9.925255     8.994817    15.609266    14.975833    19.556020     8.904717    18.504932     3.086532     9.143645     6.957899  0.356285      37.919163          4.759771   45.756363
Round 11     8.701419     9.916527    14.937000    17.243848    15.400664     9.037323    24.343801     6.325585     9.547454     7.615316  0.373323      43.063003          3.257406   49.584748
Round 12     9.844414     9.372903    15.958959    17.949698    22.881085     8.578014    14.359428     5.517973    14.535222     7.521093  0.349166      44.227753          2.730656   49.763820
Round 13     8.032136     9.477359    16.179992    17.258660    20.420610     4.928056    23.777249     5.869390    14.509452     7.040007  0.364467      43.318564          4.417760   50.479415
Round 14    10.292600     9.514725    15.899876    13.414114    17.839888     8.815570    23.191731     5.953607    15.188962     7.663916  0.361603      41.270770          4.259683   48.696957
Round 15    10.274294     7.634818    15.596260    17.508316    16.154510     9.197410    17.992711     3.136040    13.535302     7.446130  0.370118      40.571268          4.926997   48.636038
Round 16     8.351355     9.391033    12.282895    13.148785    21.803912     9.021514    20.489048     5.727435    14.212521     4.718910  0.353236      38.883921          4.804450   46.769582
Round 17     9.934859     9.486227    10.519727    11.482958    22.016592     9.066669    25.411308     5.708412    13.596359     5.204776  0.351240      43.357275          3.081127   48.923416
Round 18    10.287148     9.440546    15.604834    16.120186    16.671559     8.349341    24.482844     5.856082    14.627555     5.627489  0.366784      42.003279          4.518848   49.552567
Round 19     6.219513     5.984371    12.634738    17.936206    21.706591     5.872350    20.823553     5.951014    14.749151     7.592093  0.374909      40.264195          4.857282   48.288622
Round 20     9.556267     6.771604    12.568291    16.036891    17.049662     8.170295    24.547661     5.789613    10.215962     7.578588  0.337799      39.221341          4.705937   47.036092
Round 21     8.446738     6.600309    13.976157    17.365403    18.459080     8.320800    21.024144     3.000165    13.990597     7.484240  0.361010      42.071623          4.579867   49.760213
Round 22     9.798725     9.216572    11.693010    17.930391    16.949934     8.634228    19.829997     5.680837    14.990433     8.027063  0.380962      42.566667          4.562400   50.268482
Round 23     7.435261     9.923549     8.995306    17.579840    22.937415     9.013371    25.947248     3.645138    13.597693     7.141201  0.347957      44.454546          2.550929   49.479569
Round 24    10.107457     9.534988    15.572435    17.437454    21.037678     8.733626    16.058231     6.130614    14.691761     7.503654  0.348479      45.034582          3.022361   50.604858
Round 25    10.198772     8.912718    16.523530    17.814967    22.105960     7.916642    24.795323     4.041941    12.560450     7.101028  0.352171      39.960261          4.851466   48.106013
Round 26    10.410361     8.842697    12.514747    17.474008    19.610382     6.136768    21.388038     5.808232    12.770793     6.227598  0.377194      38.325366          4.638535   46.057617
Round 27    10.129555     9.686455    14.571009    12.113212    21.174780     9.039432    19.201375     5.812901    15.103350     5.342266  0.353757      40.978414          4.818331   49.007246
Round 28     9.781606     9.806330    16.191474    17.821755    22.593206     6.724753    12.494314     2.946204     9.781368     7.279361  0.333726      23.881996          2.338307   28.603136
Round 29     4.716506     4.333145     8.232991     8.816764    11.514807     4.375375    12.543043     2.908722     7.084359     2.026968  0.334629      23.885678          2.364775   28.598306
Round 30     5.069207     4.460814     8.284202     8.586444    12.124423     4.202711    12.711043     2.867581     7.307760     1.889738  0.422008      24.252539          2.350415   29.048007
Round 31     4.820659     3.971805     7.583623     9.091950    10.930753     4.231671    12.825246     2.564836     7.681869     3.945992  0.344919      23.718055          2.343940   28.385826
Round 32     5.286921     4.628180     7.610460     8.980615    11.650352     4.600198    11.690604     2.719092     7.869759     3.764474  0.337695      23.827488          2.358134   28.571494
Round 33     5.115315     4.209130     6.880708     8.713675    10.949609     4.266230    12.777357     2.902596     6.940342     3.147437  0.337878      23.913103          2.364515   28.693949
Round 34     5.524006     4.211074     7.794247     9.384231    10.852377     3.974238    12.132322     2.762300     7.570035     3.897411  0.355543      23.908109          2.423508   28.683082
Round 35     5.230370     4.428837     8.145292     9.401020    10.512341     4.094388    11.366749     1.914519     6.638336     3.955799  0.342371      23.939641          2.366571   28.652961
Round 36     5.082254     4.523857     8.270136     8.471587    10.813586     4.368936    12.825596     2.729805     7.593690     3.507708  0.339360      23.791616          2.423771   28.540576
Round 37     5.154782     4.394381     7.887980     9.482323    10.615588     4.780216    11.556324     2.959504     7.169460     3.794738  0.337701      23.783279          2.381696   28.562068
Round 38     4.695739     4.043614     8.397671     8.528026    11.736542     4.286785    12.203574     2.980544     7.317675     3.560562  0.370119      23.922153          2.327007   28.637428
Round 39     5.182262     4.426468     7.643315     8.171841    11.916251     4.678411    12.536529     2.821135     7.607896     3.549177  0.345429      23.641869          2.343215   28.464253
Round 40     4.995357     4.928620     7.100840     7.988988    11.762523     4.090290    12.521858     2.628515     7.962798     3.709220  0.335576      23.737517          2.329054   28.435129
Round 41     4.033636     4.504651     7.258682     8.894864    10.742906     4.410606    12.381779     2.846724     7.869110     3.382917  0.355350      23.884570          2.364920   28.805656
Round 42     4.664123     5.062134     7.962799     9.114947    11.149952     3.966495    13.021899     2.451276     7.329225     3.157633  0.339239      23.940855          2.326415   28.882029
Round 43     5.192286     4.797451     7.881733     8.421458    10.993341     4.730829    13.293938     2.543702     6.637701     3.232974  0.341641      23.982344          2.387457   28.694665
Round 44     5.131242     4.355889     7.794481     9.011471    11.201608     4.049926    13.034385     2.771307     7.503458     3.541401  0.337708      23.856258          2.390401   28.609532
Round 45     4.221615     4.114660     7.975139     9.033800    11.730363     4.453835    12.724635     2.509723     7.731085     3.404596  0.342435      23.860184          2.377226   28.600796
Round 46     5.496545     4.504181     7.539006     8.941352    10.948084     4.582721    12.556044     2.653744     7.448111     3.367161  0.335661      23.776859          2.333582   28.494382
Round 47     5.383708     4.552798     8.015915     9.019566    11.710839     4.068040    12.323236     2.727352     6.873965     3.296841  0.335515      23.987004          2.372550   28.870614
Round 48     4.787142     4.317532     8.101957     9.058928    11.302589     2.661125    11.770479     2.662368     6.994763     3.692953  0.352711      23.723432          2.385495   28.576784
Round 49     4.675384     4.841360     7.823499     9.072691    10.922638     4.528552    12.141039     2.682373     6.043697     3.887947  0.339122      23.816598          2.366395   28.580698
Round 50     5.002290     4.171524     8.224133     8.803396    11.536344     4.511721    12.797794     3.025100     7.582453     3.458304  0.338700      23.604073          2.417724   28.473866

총 시뮬레이션 시간: 1966.66초

================================================================================
 시뮬레이션 파라미터
================================================================================
NUM_CLIENTS: 10
NUM_ROUNDS: 50
LOCAL_EPOCHS: 2
DIRICHLET_ALPHA: 0.5
MIN_SAMPLES_PER_CLASS: 30
RANDOM_SEED: 42
NUM_COMMITTEE_MEMBERS: 3
EWMA_BETA: 0.5
CONTRIBUTION_SCALING_FACTOR: 1.3
NUM_NOISE_ATTACKERS: 0
NUM_DATAF_ATTACKERS: 3
DATAF_POISON_LEVEL: 3
COMMITTEE_EVAL_SKIPPED: False
