================================================================================
 데이터 분할 현황
================================================================================
   Client  Num Samples  Class 0  Class 1  Class 2  Class 3  Class 4  Class 5  Class 6  Class 7  Class 8  Class 9
0       0         3646       38      954      675      142      340      355      264      416       43      419
1       1         3328      446       30      222      898      309      490       35      511      347       40
2       2         5833     1242       32      481      543      649      199       56      188     2324      119
3       3         6525      166     1805       31       57      494     1048      622     1562       89      651
4       4         8192      755      377      773      195     2162      885     2437      277      274       57
5       5         3207      107      237      894      186       42      327      340      379      356      339
6       6         9228       83      224     1242     1751       43      188      987     1405     1129     2176
7       7         2009       30      259      248      137       73      513       30      165      332      222
8       8         5471     1959      884      397      523      130      814      128       30       67      539
9       9         2561      174      198       37      568      758      181      101       67       39      438

================================================================================
 라운드별 글로벌 모델 정확도
================================================================================
       Overall_Accuracy  Poisoned_Acc([1,5,8])
Round                                         
1                0.1082                 0.0000
2                0.3142                 0.0637
3                0.4686                 0.1343
4                0.5449                 0.2393
5                0.6266                 0.4373
6                0.6608                 0.4923
7                0.6852                 0.5500
8                0.6905                 0.5273
9                0.7163                 0.6033
10               0.7196                 0.6003
11               0.7250                 0.6023
12               0.7279                 0.5993
13               0.7263                 0.6000
14               0.7387                 0.6357
15               0.7171                 0.5427
16               0.7530                 0.6633
17               0.7399                 0.6000
18               0.7474                 0.6330
19               0.7521                 0.6687
20               0.7604                 0.6880
21               0.7414                 0.6280
22               0.7489                 0.6453
23               0.7509                 0.6540
24               0.7379                 0.5990
25               0.7320                 0.5810
26               0.7564                 0.6700
27               0.7399                 0.6083
28               0.7474                 0.6450
29               0.7469                 0.6553
30               0.7371                 0.6137
31               0.7441                 0.6463
32               0.7454                 0.6300
33               0.7360                 0.6040
34               0.7500                 0.6493
35               0.7343                 0.6020
36               0.7507                 0.6663
37               0.7397                 0.6307
38               0.7333                 0.6113
39               0.7637                 0.7033
40               0.7246                 0.5707
41               0.7490                 0.6667
42               0.7333                 0.6120
43               0.7384                 0.6380
44               0.7089                 0.5510
45               0.7616                 0.7167
46               0.6938                 0.4773
47               0.7642                 0.7143
48               0.6910                 0.4670
49               0.7685                 0.7237
50               0.6805                 0.4480

================================================================================
 라운드별 모델 합성 가중치
================================================================================
          client_0_weight  client_1_weight  client_2_weight  client_3_weight  client_4_weight  client_5_weight  client_6_weight  client_7_weight  client_8_weight  client_9_weight
Round 1               0.1              0.1              0.1              0.1              0.1              0.1              0.1              0.1              0.1              0.1
Round 2               0.1              0.1              0.1              0.1              0.1              0.1              0.1              0.1              0.1              0.1
Round 3               0.1              0.1              0.1              0.1              0.1              0.1              0.1              0.1              0.1              0.1
Round 4               0.1              0.1              0.1              0.1              0.1              0.1              0.1              0.1              0.1              0.1
Round 5               0.1              0.1              0.1              0.1              0.1              0.1              0.1              0.1              0.1              0.1
Round 6               0.1              0.1              0.1              0.1              0.1              0.1              0.1              0.1              0.1              0.1
Round 7               0.1              0.1              0.1              0.1              0.1              0.1              0.1              0.1              0.1              0.1
Round 8               0.1              0.1              0.1              0.1              0.1              0.1              0.1              0.1              0.1              0.1
Round 9               0.1              0.1              0.1              0.1              0.1              0.1              0.1              0.1              0.1              0.1
Round 10              0.1              0.1              0.1              0.1              0.1              0.1              0.1              0.1              0.1              0.1
Round 11              0.1              0.1              0.1              0.1              0.1              0.1              0.1              0.1              0.1              0.1
Round 12              0.1              0.1              0.1              0.1              0.1              0.1              0.1              0.1              0.1              0.1
Round 13              0.1              0.1              0.1              0.1              0.1              0.1              0.1              0.1              0.1              0.1
Round 14              0.1              0.1              0.1              0.1              0.1              0.1              0.1              0.1              0.1              0.1
Round 15              0.1              0.1              0.1              0.1              0.1              0.1              0.1              0.1              0.1              0.1
Round 16              0.1              0.1              0.1              0.1              0.1              0.1              0.1              0.1              0.1              0.1
Round 17              0.1              0.1              0.1              0.1              0.1              0.1              0.1              0.1              0.1              0.1
Round 18              0.1              0.1              0.1              0.1              0.1              0.1              0.1              0.1              0.1              0.1
Round 19              0.1              0.1              0.1              0.1              0.1              0.1              0.1              0.1              0.1              0.1
Round 20              0.1              0.1              0.1              0.1              0.1              0.1              0.1              0.1              0.1              0.1
Round 21              0.1              0.1              0.1              0.1              0.1              0.1              0.1              0.1              0.1              0.1
Round 22              0.1              0.1              0.1              0.1              0.1              0.1              0.1              0.1              0.1              0.1
Round 23              0.1              0.1              0.1              0.1              0.1              0.1              0.1              0.1              0.1              0.1
Round 24              0.1              0.1              0.1              0.1              0.1              0.1              0.1              0.1              0.1              0.1
Round 25              0.1              0.1              0.1              0.1              0.1              0.1              0.1              0.1              0.1              0.1
Round 26              0.1              0.1              0.1              0.1              0.1              0.1              0.1              0.1              0.1              0.1
Round 27              0.1              0.1              0.1              0.1              0.1              0.1              0.1              0.1              0.1              0.1
Round 28              0.1              0.1              0.1              0.1              0.1              0.1              0.1              0.1              0.1              0.1
Round 29              0.1              0.1              0.1              0.1              0.1              0.1              0.1              0.1              0.1              0.1
Round 30              0.1              0.1              0.1              0.1              0.1              0.1              0.1              0.1              0.1              0.1
Round 31              0.1              0.1              0.1              0.1              0.1              0.1              0.1              0.1              0.1              0.1
Round 32              0.1              0.1              0.1              0.1              0.1              0.1              0.1              0.1              0.1              0.1
Round 33              0.1              0.1              0.1              0.1              0.1              0.1              0.1              0.1              0.1              0.1
Round 34              0.1              0.1              0.1              0.1              0.1              0.1              0.1              0.1              0.1              0.1
Round 35              0.1              0.1              0.1              0.1              0.1              0.1              0.1              0.1              0.1              0.1
Round 36              0.1              0.1              0.1              0.1              0.1              0.1              0.1              0.1              0.1              0.1
Round 37              0.1              0.1              0.1              0.1              0.1              0.1              0.1              0.1              0.1              0.1
Round 38              0.1              0.1              0.1              0.1              0.1              0.1              0.1              0.1              0.1              0.1
Round 39              0.1              0.1              0.1              0.1              0.1              0.1              0.1              0.1              0.1              0.1
Round 40              0.1              0.1              0.1              0.1              0.1              0.1              0.1              0.1              0.1              0.1
Round 41              0.1              0.1              0.1              0.1              0.1              0.1              0.1              0.1              0.1              0.1
Round 42              0.1              0.1              0.1              0.1              0.1              0.1              0.1              0.1              0.1              0.1
Round 43              0.1              0.1              0.1              0.1              0.1              0.1              0.1              0.1              0.1              0.1
Round 44              0.1              0.1              0.1              0.1              0.1              0.1              0.1              0.1              0.1              0.1
Round 45              0.1              0.1              0.1              0.1              0.1              0.1              0.1              0.1              0.1              0.1
Round 46              0.1              0.1              0.1              0.1              0.1              0.1              0.1              0.1              0.1              0.1
Round 47              0.1              0.1              0.1              0.1              0.1              0.1              0.1              0.1              0.1              0.1
Round 48              0.1              0.1              0.1              0.1              0.1              0.1              0.1              0.1              0.1              0.1
Round 49              0.1              0.1              0.1              0.1              0.1              0.1              0.1              0.1              0.1              0.1
Round 50              0.1              0.1              0.1              0.1              0.1              0.1              0.1              0.1              0.1              0.1

================================================================================
 라운드별 시간 측정 결과 (초)
================================================================================
          cli 0 train  cli 1 train  cli 2 train  cli 3 train  cli 4 train  cli 5 train  cli 6 train  cli 7 train  cli 8 train  cli 9 train  agg time  cli eval time  global eval time  total time
Round 1      9.358763     8.239282    13.528658    14.716338    19.557539     7.666862    21.988132     4.694983     9.575489     6.292549  0.342186              0          3.198203    5.859497
Round 2      6.021071     5.174888     9.569898    10.287292    12.595364     5.078581    14.276993     3.134799     8.458018     4.094601  0.249276              0          3.120722    6.019159
Round 3      5.497181     7.434851    14.849445    16.710570    20.132224     7.268722    23.271088     5.115394    13.261123     5.012057  0.262724              0          2.661555    5.145755
Round 4      6.005365     5.336442     9.598406    10.579738    13.164244     5.157504    14.999325     3.407065     8.972427     4.389612  0.247735              0          4.275354    7.241581
Round 5      5.225222     6.919101     9.123320    16.909814    20.722239     8.488036    20.511607     6.024284     9.200421     7.030719  0.257871              0          2.633616    4.958187
Round 6      9.838096     5.676848     9.757333    10.254584    21.321967     8.364772    15.447841     5.730067     9.082458     5.981287  0.300760              0          4.579743    7.670442
Round 7      9.536102     5.958726    10.068582    16.086700    13.828041     5.256531    17.196171     5.880750     7.733895     6.786435  0.242469              0          2.593262    5.106174
Round 8      9.891082     9.372913     9.808664    14.882027    13.696037     8.847962    23.073748     6.130636    14.613729     7.329715  0.336517              0          4.270768    7.503098
Round 9      7.452991     5.983989     9.980475    10.721756    13.618573     3.808451    16.244777     3.463177     9.407381     4.511575  0.240139              0          2.595158    4.942880
Round 10    10.105214     5.454273    14.947350    17.529203    21.691558     8.371475    20.352749     5.389444    13.574977     7.347977  0.259765              0          3.342479    5.889917
Round 11     6.380898     5.596481    10.107054    11.721570    14.028249     5.659038    15.633596     3.156546     9.659453     4.081284  0.284991              0          2.505919    4.929113
Round 12    10.002143     9.672770    15.656368    15.381034    21.395393     7.519836    20.105321     5.789816    13.863558     7.294462  0.287445              0          2.753354    5.298666
Round 13     6.131885     5.236653     9.815641    11.206190    13.724075     5.366390    15.638398     3.418587     9.150044     3.990800  0.265447              0          2.596290    5.652942
Round 14    10.278558     8.941340    15.079440    12.963690    21.849150     8.786719    24.022086     5.350173    13.906508     7.173977  0.308106              0          2.728527    5.197250
Round 15     8.444583     5.691802     9.822648    11.348900    13.926446     6.633133    15.238871     3.485072     9.007845     4.505538  0.277352              0          4.675527    7.716278
Round 16     7.347791     4.828103    13.536582    11.298359    22.331898     8.599774    24.520674     6.027618     9.569761     6.920787  0.257533              0          2.647991    5.038610
Round 17     5.805027     5.755195    12.436510    10.653641    19.407162     5.685862    16.712997     3.372262    14.756380     4.483477  0.250979              0          4.651432    7.666509
Round 18     9.413999     8.964767    12.045506    11.430538    16.730464     5.558675    12.855102     5.180393     9.537169     6.753196  0.294618              0          2.503367    4.955544
Round 19     9.471671     5.399056     9.493266    15.070867    22.448772     5.604780    24.979599     5.837950    13.592656     7.066749  0.280491              0          4.222284    7.313357
Round 20     6.394744     5.736875     9.893938    11.351918    16.251531     4.245456    15.973134     3.372457    11.642670     4.504978  0.267485              0          2.569101    4.951761
Round 21     9.690438     7.147119    15.796612    13.282688    22.124367     5.125425    25.211933     5.673199    13.786940     7.525912  0.253106              0          3.219110    5.718774
Round 22     6.006787     5.817519     9.850984    11.966566    15.072279     5.506694    15.691430     3.639550     8.742501     4.513108  0.253018              0          2.603677    5.189939
Round 23    10.070948     8.585596    15.492325    17.801827    18.972698     6.179354    24.922849     6.171238    10.829717     7.131246  0.261980              0          2.893961    5.235828
Round 24     6.272189     4.577607    10.071960    11.022427    14.099305     5.830492    15.567634     3.467743     9.567945     4.554167  0.280261              0          3.198324    6.300315
Round 25    10.509591     8.962409     9.319253    17.601759    22.602616     8.526794    25.122595     4.136446    15.005153     6.559162  0.233742              0          2.580790    4.973860
Round 26     6.463352     5.599769    10.022662    12.561142    13.458130     5.583695    15.935531     3.575843     9.409073     4.724371  0.254568              0          5.019631    8.176284
Round 27     6.626050     9.620235    15.796059     9.488488    19.332891     8.817979    19.397692     3.503501    14.536530     7.325701  0.271172              0          2.503460    5.035070
Round 28     9.584793     9.611825    10.473366    11.185246    13.440120     8.140073    16.161409     5.571154    13.749579     7.564519  0.277892              0          4.650153    8.085129
Round 29     6.870255     5.529874    10.249820     7.760523    21.189092     8.920249    20.025698     3.145455     9.615793     4.658011  0.268754              0          2.578187    5.038759
Round 30     6.214439     7.520274    16.046286    15.714634    22.329535     9.179158    16.195551     3.485872    14.958054     7.814405  0.343755              0          4.924185    8.172567
Round 31     6.177818     5.674899    10.063760    11.418761    11.409880     5.768101    16.542832     3.714796    10.375369     4.550989  0.265709              0          2.812662    5.356190
Round 32    10.352562     9.065420    15.881495    12.848115    21.542143     9.046170    23.377159     5.612455    14.555403     7.310012  0.318031              0          2.601110    5.405454
Round 33     6.327972     5.754690     9.881962    11.224179    12.908197     5.569451    15.763365     3.472954     9.407051     4.504818  0.300682              0          4.791600    7.874816
Round 34    10.036995     8.190428    15.513712    15.952425    14.807471     9.599694    24.429132     5.716489    11.082488     7.148238  0.277756              0          2.601527    5.051600
Round 35     6.319455     5.688735    10.300943    10.993949    16.818563     5.693414    16.490643     3.653665     9.275656     4.439505  0.251665              0          4.502692    7.475087
Round 36     9.512713     5.673609    15.844007    13.609029    10.985808     9.381344    19.019405     5.598678    14.718523     7.157998  0.269569              0          2.584872    5.060162
Round 37     6.362117     9.356233     9.420196    16.402022    14.038734     9.017663    15.568850     3.333066    15.180082     7.361846  0.249983              0          4.440762    7.550730
Round 38     5.819074     6.771199    15.871624    15.103908    14.350799     5.705770    16.345837     6.129609     8.876595     4.587987  0.263042              0          2.576928    5.065461
Round 39     6.527654     5.476182    14.060692    11.287591    22.351364     9.006772    24.986638     6.221015    14.828310     4.581207  0.250683              0          4.965895    8.169626
Round 40     6.449608     6.902891    12.185099    11.953612    14.083478     5.745662    15.942608     3.565585     9.477565     4.623686  0.246091              0          2.580332    5.104458
Round 41    10.455147     5.801172    16.336602    18.153507    16.107682     7.462816    25.861369     5.189036    11.862143     7.536326  0.278905              0          4.101351    6.720887
Round 42     5.844676     6.443417    10.174883    11.388419    14.390592     5.650574    15.680874     3.552171     9.239180     3.361725  0.269436              0          2.518124    4.974759
Round 43     8.343340     5.991049    15.837011    17.566799    19.807334     8.073982    23.954090     5.647263    14.950667     7.192463  0.299437              0          3.243143    5.872486
Round 44     6.355720     5.453544    10.023057    11.296569    13.905435     5.749352    15.938028     3.613266     7.820205     4.576985  0.254162              0          2.642995    5.100427
Round 45     9.955144     9.296787    16.086338    11.432509    21.533362     8.729666    25.020698     5.981690    15.613876     6.860403  0.240042              0          2.592976    5.197800
Round 46     6.378102     5.839520    10.337000    10.532230    14.581342     5.614910    16.398465     3.555875     9.682641     5.548372  0.286535              0          4.503011    7.558078
Round 47    10.241189     9.401324    16.765755    12.079393    22.716687     8.936525    11.549019     4.248801    14.722593     5.026222  0.273267              0          2.633431    5.108977
Round 48     6.108599     5.775248    13.368875    11.183450    14.516644     5.076669    23.413171     6.245908    11.515708     7.060498  0.294313              0          4.617049    7.731641
Round 49     6.619528     9.888630    12.167988    11.142722    14.228785     4.204450    23.927727     3.518208     9.721887     7.651620  0.246538              0          2.707491    5.107249
Round 50     8.655712     9.902191    14.064829    17.102776    13.966981     9.032154    24.937335     6.217290     9.826485     4.236137  0.235234              0          4.758183    7.681962

총 시뮬레이션 시간: 304.15초

================================================================================
 시뮬레이션 파라미터
================================================================================
NUM_CLIENTS: 10
NUM_ROUNDS: 50
LOCAL_EPOCHS: 2
DIRICHLET_ALPHA: 0.5
MIN_SAMPLES_PER_CLASS: 30
RANDOM_SEED: 42
NUM_COMMITTEE_MEMBERS: 3
EWMA_BETA: 0.5
CONTRIBUTION_SCALING_FACTOR: 1.3
NUM_NOISE_ATTACKERS: 0
NUM_DATAF_ATTACKERS: 3
DATAF_POISON_LEVEL: 3
COMMITTEE_EVAL_SKIPPED: True
