================================================================================
 데이터 분할 현황
================================================================================
   Client  Num Samples  Class 0  Class 1  Class 2  Class 3  Class 4  Class 5  Class 6  Class 7  Class 8  Class 9
0       0         3646       38      954      675      142      340      355      264      416       43      419
1       1         3328      446       30      222      898      309      490       35      511      347       40
2       2         5833     1242       32      481      543      649      199       56      188     2324      119
3       3         6525      166     1805       31       57      494     1048      622     1562       89      651
4       4         8192      755      377      773      195     2162      885     2437      277      274       57
5       5         3207      107      237      894      186       42      327      340      379      356      339
6       6         9228       83      224     1242     1751       43      188      987     1405     1129     2176
7       7         2009       30      259      248      137       73      513       30      165      332      222
8       8         5471     1959      884      397      523      130      814      128       30       67      539
9       9         2561      174      198       37      568      758      181      101       67       39      438

================================================================================
 라운드별 글로벌 모델 정확도
================================================================================
Round	Accuracy
1	0.1214
2	0.4141
3	0.5499
4	0.6234
5	0.6726
6	0.7041
7	0.711
8	0.7316
9	0.7322
10	0.7496
11	0.7543
12	0.7597
13	0.7587
14	0.7681
15	0.7636
16	0.7744
17	0.7696
18	0.7652
19	0.7702
20	0.7733
21	0.7679
22	0.7721
23	0.769
24	0.7666
25	0.7704
26	0.7709
27	0.765
28	0.7617
29	0.7676
30	0.7662


================================================================================
 라운드별 모델 합성 가중치
================================================================================
          client_0_weight  client_1_weight  client_2_weight  client_3_weight  client_4_weight  client_5_weight  client_6_weight  client_7_weight  client_8_weight  client_9_weight
Round 1          0.104655         0.094687         0.090541         0.128713         0.107321         0.107159         0.119859         0.082969         0.093798         0.070299
Round 2          0.091657         0.098305         0.096758         0.115133         0.127411         0.108195         0.101378         0.078756         0.091485         0.090922
Round 3          0.102411         0.106850         0.102030         0.113319         0.109901         0.100987         0.104216         0.085865         0.095493         0.078928
Round 4          0.102404         0.080832         0.121942         0.106647         0.117631         0.098489         0.115179         0.092742         0.090521         0.073614
Round 5          0.103146         0.094226         0.107526         0.099155         0.120353         0.114601         0.106570         0.101560         0.086452         0.066412
Round 6          0.102830         0.109578         0.088952         0.115100         0.115085         0.119403         0.095184         0.084868         0.080057         0.088943
Round 7          0.110907         0.105307         0.098781         0.108709         0.110906         0.113655         0.107338         0.084944         0.081074         0.078377
Round 8          0.115235         0.103614         0.103096         0.112926         0.099383         0.109967         0.105703         0.092172         0.072128         0.085776
Round 9          0.109153         0.104203         0.100015         0.109941         0.110071         0.102796         0.107877         0.087046         0.083701         0.085197
Round 10         0.112295         0.106742         0.112217         0.104999         0.112929         0.105804         0.105041         0.081233         0.083708         0.075032
Round 11         0.109483         0.111495         0.109037         0.104245         0.111988         0.103902         0.102795         0.081303         0.083065         0.082688
Round 12         0.109466         0.108995         0.102886         0.106916         0.110215         0.100365         0.105868         0.088973         0.082662         0.083654
Round 13         0.116054         0.103887         0.110048         0.108473         0.103328         0.111775         0.103301         0.085568         0.080733         0.076832
Round 14         0.119852         0.101504         0.101124         0.110104         0.105765         0.118435         0.103163         0.080687         0.078019         0.081348
Round 15         0.119177         0.108157         0.100424         0.096581         0.106800         0.113332         0.104449         0.083722         0.079097         0.088261
Round 16         0.116667         0.100801         0.111599         0.108792         0.108473         0.111902         0.094660         0.087031         0.079408         0.080666
Round 17         0.117018         0.109315         0.104144         0.111141         0.104675         0.115522         0.101100         0.083839         0.074194         0.079051
Round 18         0.117493         0.112265         0.102491         0.110464         0.096401         0.118506         0.102113         0.083734         0.074677         0.081856
Round 19         0.121481         0.115695         0.099294         0.108099         0.100971         0.118464         0.093396         0.081441         0.074491         0.086669
Round 20         0.119273         0.114397         0.099817         0.110526         0.101945         0.114723         0.098151         0.085922         0.074934         0.080313
Round 21         0.113202         0.108528         0.106974         0.109617         0.105187         0.114604         0.092494         0.086351         0.077186         0.085858
Round 22         0.121313         0.105692         0.095335         0.115566         0.109581         0.119274         0.094350         0.086935         0.077976         0.073977
Round 23         0.115714         0.111748         0.100838         0.111337         0.113218         0.115433         0.101783         0.078882         0.071210         0.079836
Round 24         0.116818         0.114944         0.104633         0.111970         0.110204         0.112339         0.098031         0.078336         0.072367         0.080359
Round 25         0.116347         0.115389         0.107939         0.111197         0.106193         0.115606         0.097770         0.081943         0.066950         0.080666
Round 26         0.116686         0.113974         0.111128         0.111111         0.102000         0.113009         0.104551         0.084192         0.078650         0.064699
Round 27         0.118481         0.112984         0.105922         0.113014         0.095580         0.115132         0.100412         0.085673         0.077750         0.075052
Round 28         0.118458         0.114298         0.109260         0.109941         0.111406         0.108615         0.095142         0.083812         0.071367         0.077701
Round 29         0.117557         0.109396         0.108308         0.111799         0.093929         0.115518         0.106573         0.084280         0.075382         0.077257
Round 30         0.116367         0.113525         0.105814         0.110440         0.109129         0.114087         0.106350         0.080530         0.077490         0.066268

================================================================================
 라운드별 시간 측정 결과 (초)
================================================================================
          cli 0 train  cli 1 train  cli 2 train  cli 3 train  cli 4 train  cli 5 train  cli 6 train  cli 7 train  cli 8 train  cli 9 train  agg time  cli eval time  global eval time  total time
Round 1      8.625545     8.071552    13.581990    15.179429    18.432651     6.471263    20.723702     5.168563    13.055822     2.339266  0.419923      39.586275          3.118953   43.125489
Round 2      8.739924     8.292565    13.225076    15.011957    19.457002     6.871200    20.534383     5.293664    13.551172     6.511456  0.365165      39.071822          4.500743   43.938010
Round 3      9.816629     8.105318    14.486451    10.687732    15.230777     7.963706    22.501885     5.752455    13.339688     7.168352  0.359768      39.328172          3.903267   43.591543
Round 4      7.501790     8.092000    12.136467    16.382845    17.028791     8.169616    22.837177     4.443875     9.930807     7.046202  0.423392      37.967634          4.332007   42.723409
Round 5      6.300954     8.207469    13.070542    15.893120    14.515336     7.620595    22.890541     5.670930    12.967892     6.949947  0.383713      38.816323          4.410050   43.610376
Round 6      9.659297     5.922900    14.238240    13.587159    20.228510     5.969156    23.201578     4.133730     9.106310     6.576869  0.357917      37.680292          4.414632   42.453076
Round 7      6.669752     7.265158     9.539345    16.431555    19.735328     8.055619    22.653753     5.118048    13.672722     6.935383  0.356479      40.675759          2.916172   43.948678
Round 8      9.286956     8.199213    15.017850    16.051639    20.739297     7.077615    21.819581     4.897865     7.220218     6.536740  0.348896      41.783553          2.807229   44.939967
Round 9      9.100121     8.204650    14.923185    16.662851    20.011069     6.603097    19.311086     3.889019    13.337220     7.199409  0.359017      40.098042          4.243796   44.701134
Round 10     9.598433     8.417063    13.174567    16.183140    19.945151     4.994977    22.760322     5.411380    10.396485     6.805531  0.362896      39.327701          4.287640   43.978514
Round 11     9.477825     8.829678    13.926344    11.032033    19.958919     7.940412    17.753468     5.707730    13.771709     6.959094  0.352334      38.281718          4.193503   42.827833
Round 12     9.143856     8.121715    11.420532    12.507533    20.505634     8.125616    20.759093     3.864563    13.772148     5.223384  0.352894      38.618747          4.288644   43.260567
Round 13     7.685961     8.480779    10.474015    14.664945    20.196863     8.479336    22.042171     4.929236    13.460870     4.153184  0.348601      38.107185          4.327661   42.783711
Round 14     8.020835     8.793803    11.188935    11.443249    20.096078     8.028061    19.480658     4.783717    12.995573     6.583715  0.392117      40.796775          3.526345   44.715523
Round 15     9.338218     8.458049    14.921921    16.184675    13.831049     8.111634    20.597114     5.406562    13.844111     6.684981  0.350668      41.166297          3.033882   44.551132
Round 16     9.406917     7.130130    12.812853    16.137687    19.785568     8.750340    18.869848     4.572550    13.723146     7.165061  0.411980      39.781320          4.516369   44.710000
Round 17     4.757772     4.740526     7.986362     7.118217    10.372246     4.352386    13.384921     2.882055     7.609850     4.124158  0.333605      23.771673          2.385808   26.491357
Round 18     4.427413     4.817566     8.013030     7.979459    10.390060     4.198591    10.094988     2.650405     6.615142     2.966073  0.340271      23.675857          2.399471   26.415868
Round 19     4.916031     4.413051     7.634712     7.990577     9.360343     4.203588    10.405422     2.108175     7.377275     3.524158  0.334937      23.737781          2.361833   26.434817
Round 20     5.228137     4.297459     7.149571     8.069373     7.991223     3.603667    11.982276     3.119324     6.694829     3.553190  0.344501      23.862980          2.384212   26.591962
Round 21     4.331474     4.782781     6.806664     8.055885    10.682825     4.748168    11.010047     2.704926     7.171957     3.534100  0.348273      24.793624          2.469762   27.611954
Round 22     4.535705     4.343669     5.260876     8.830640    10.279583     4.262655    12.512594     2.786987     6.710397     3.760567  0.341659      25.289381          2.491452   28.122738
Round 23     5.244383     4.540484     8.190227     9.199616     9.315896     4.566998    11.665322     2.930090     7.207731     3.478261  0.346043      25.098619          2.470294   27.915179
Round 24     4.905417     4.334669     8.007047     7.823682    10.718438     4.348930    12.384429     2.617173     7.606416     3.550088  0.341075      25.081391          2.469978   27.892663
Round 25     5.293610     4.667818     8.341170     8.041577    10.781189     4.391799    12.651040     2.698937     7.264443     3.532808  0.341197      25.382847          2.532197   28.256527
Round 26     5.223498     4.289331     7.262012     8.709857    11.165232     4.320606    11.859922     2.927177     7.294713     3.416189  0.336400      25.026465          2.486970   27.850048
Round 27     4.300749     4.909433     7.146152     8.038517    10.630852     3.797238    12.420352     2.863543     7.222265     3.906466  0.347068      25.045967          2.524490   27.917804
Round 28     5.172480     4.675456     7.811188     8.334948    10.726800     4.586252     9.867560     2.779919     6.610224     3.784895  0.349599      25.444035          2.470371   28.264275
Round 29     4.874033     4.530765     8.264690     6.615074    10.978198     3.891582    12.743018     2.783960     8.040305     3.595066  0.347428      25.055857          2.599736   28.003247
Round 30     4.601568     4.580434     5.284390     8.690468    10.984754     4.253294    12.721042     2.615449     7.712083     3.256979  0.347378      25.025969          2.645955   28.019557

총 시뮬레이션 시간: 1085.65초

================================================================================
 시뮬레이션 파라미터
================================================================================
NUM_CLIENTS: 10
NUM_ROUNDS: 30
LOCAL_EPOCHS: 2
DIRICHLET_ALPHA: 0.5
MIN_SAMPLES_PER_CLASS: 30
RANDOM_SEED: 42
NUM_COMMITTEE_MEMBERS: 3
EWMA_BETA: 0.9
NUM_NOISE_ATTACKERS: 0
NUM_DATAF_ATTACKERS: 3
DATAF_POISON_LEVEL: 3
COMMITTEE_EVAL_SKIPPED: False
