================================================================================
 데이터 분할 현황
================================================================================
   Client  Num Samples  Class 0  Class 1  Class 2  Class 3  Class 4  Class 5  Class 6  Class 7  Class 8  Class 9
0       0         3847      107      886      649      195      364      377      299      428      111      431
1       1         3575      454      100      263      839      337      491      104      509      370      108
2       2         5709     1131      102      484      537      627      244      122      235     2051      176
3       3         6301      216     1611      101      123      495      967      604     1405      150      629
4       4         7718      717      395      732      240     1916      828     2149      310      308      123
5       5         3473      165      276      835      233      110      353      364      397      378      362
6       6         8597      145      265     1131     1565      111      234      914     1270     1035     1927
7       7         2454      100      295      286      191      136      511      100      215      357      263
8       8         5403     1743      827      413      519      185      767      183      100      132      534
9       9         2923      222      243      106      558      719      228      161      131      108      447

================================================================================
 라운드별 글로벌 모델 정확도
================================================================================
       Overall_Accuracy
Round                  
1                0.1015
2                0.1347
3                0.2321
4                0.2541
5                0.2911
6                0.2529
7                0.2865
8                0.2869
9                0.2816
10               0.3048
11               0.3259
12               0.2881
13               0.3464
14               0.2974
15               0.2813
16               0.3619
17               0.2989
18               0.2667
19               0.3082
20               0.2934
21               0.3213
22               0.3178
23               0.4188
24               0.2785
25               0.3264
26               0.3168
27               0.3737
28               0.2989
29               0.3149
30               0.2848
31               0.3072
32               0.3237
33               0.3598
34               0.3459
35               0.3128
36               0.3377
37               0.2793
38               0.3916
39               0.3577
40               0.3568
41               0.3632
42               0.3408
43               0.2685
44               0.3619
45               0.3870
46               0.3485
47               0.3196
48               0.4117
49               0.3862
50               0.3650

================================================================================
 라운드별 모델 합성 가중치
================================================================================
          client_0_weight  client_1_weight  client_2_weight  client_3_weight  client_4_weight  client_5_weight  client_6_weight  client_7_weight  client_8_weight  client_9_weight
Round 1               0.1              0.1              0.1              0.1              0.1              0.1              0.1              0.1              0.1              0.1
Round 2               0.1              0.1              0.1              0.1              0.1              0.1              0.1              0.1              0.1              0.1
Round 3               0.1              0.1              0.1              0.1              0.1              0.1              0.1              0.1              0.1              0.1
Round 4               0.1              0.1              0.1              0.1              0.1              0.1              0.1              0.1              0.1              0.1
Round 5               0.1              0.1              0.1              0.1              0.1              0.1              0.1              0.1              0.1              0.1
Round 6               0.1              0.1              0.1              0.1              0.1              0.1              0.1              0.1              0.1              0.1
Round 7               0.1              0.1              0.1              0.1              0.1              0.1              0.1              0.1              0.1              0.1
Round 8               0.1              0.1              0.1              0.1              0.1              0.1              0.1              0.1              0.1              0.1
Round 9               0.1              0.1              0.1              0.1              0.1              0.1              0.1              0.1              0.1              0.1
Round 10              0.1              0.1              0.1              0.1              0.1              0.1              0.1              0.1              0.1              0.1
Round 11              0.1              0.1              0.1              0.1              0.1              0.1              0.1              0.1              0.1              0.1
Round 12              0.1              0.1              0.1              0.1              0.1              0.1              0.1              0.1              0.1              0.1
Round 13              0.1              0.1              0.1              0.1              0.1              0.1              0.1              0.1              0.1              0.1
Round 14              0.1              0.1              0.1              0.1              0.1              0.1              0.1              0.1              0.1              0.1
Round 15              0.1              0.1              0.1              0.1              0.1              0.1              0.1              0.1              0.1              0.1
Round 16              0.1              0.1              0.1              0.1              0.1              0.1              0.1              0.1              0.1              0.1
Round 17              0.1              0.1              0.1              0.1              0.1              0.1              0.1              0.1              0.1              0.1
Round 18              0.1              0.1              0.1              0.1              0.1              0.1              0.1              0.1              0.1              0.1
Round 19              0.1              0.1              0.1              0.1              0.1              0.1              0.1              0.1              0.1              0.1
Round 20              0.1              0.1              0.1              0.1              0.1              0.1              0.1              0.1              0.1              0.1
Round 21              0.1              0.1              0.1              0.1              0.1              0.1              0.1              0.1              0.1              0.1
Round 22              0.1              0.1              0.1              0.1              0.1              0.1              0.1              0.1              0.1              0.1
Round 23              0.1              0.1              0.1              0.1              0.1              0.1              0.1              0.1              0.1              0.1
Round 24              0.1              0.1              0.1              0.1              0.1              0.1              0.1              0.1              0.1              0.1
Round 25              0.1              0.1              0.1              0.1              0.1              0.1              0.1              0.1              0.1              0.1
Round 26              0.1              0.1              0.1              0.1              0.1              0.1              0.1              0.1              0.1              0.1
Round 27              0.1              0.1              0.1              0.1              0.1              0.1              0.1              0.1              0.1              0.1
Round 28              0.1              0.1              0.1              0.1              0.1              0.1              0.1              0.1              0.1              0.1
Round 29              0.1              0.1              0.1              0.1              0.1              0.1              0.1              0.1              0.1              0.1
Round 30              0.1              0.1              0.1              0.1              0.1              0.1              0.1              0.1              0.1              0.1
Round 31              0.1              0.1              0.1              0.1              0.1              0.1              0.1              0.1              0.1              0.1
Round 32              0.1              0.1              0.1              0.1              0.1              0.1              0.1              0.1              0.1              0.1
Round 33              0.1              0.1              0.1              0.1              0.1              0.1              0.1              0.1              0.1              0.1
Round 34              0.1              0.1              0.1              0.1              0.1              0.1              0.1              0.1              0.1              0.1
Round 35              0.1              0.1              0.1              0.1              0.1              0.1              0.1              0.1              0.1              0.1
Round 36              0.1              0.1              0.1              0.1              0.1              0.1              0.1              0.1              0.1              0.1
Round 37              0.1              0.1              0.1              0.1              0.1              0.1              0.1              0.1              0.1              0.1
Round 38              0.1              0.1              0.1              0.1              0.1              0.1              0.1              0.1              0.1              0.1
Round 39              0.1              0.1              0.1              0.1              0.1              0.1              0.1              0.1              0.1              0.1
Round 40              0.1              0.1              0.1              0.1              0.1              0.1              0.1              0.1              0.1              0.1
Round 41              0.1              0.1              0.1              0.1              0.1              0.1              0.1              0.1              0.1              0.1
Round 42              0.1              0.1              0.1              0.1              0.1              0.1              0.1              0.1              0.1              0.1
Round 43              0.1              0.1              0.1              0.1              0.1              0.1              0.1              0.1              0.1              0.1
Round 44              0.1              0.1              0.1              0.1              0.1              0.1              0.1              0.1              0.1              0.1
Round 45              0.1              0.1              0.1              0.1              0.1              0.1              0.1              0.1              0.1              0.1
Round 46              0.1              0.1              0.1              0.1              0.1              0.1              0.1              0.1              0.1              0.1
Round 47              0.1              0.1              0.1              0.1              0.1              0.1              0.1              0.1              0.1              0.1
Round 48              0.1              0.1              0.1              0.1              0.1              0.1              0.1              0.1              0.1              0.1
Round 49              0.1              0.1              0.1              0.1              0.1              0.1              0.1              0.1              0.1              0.1
Round 50              0.1              0.1              0.1              0.1              0.1              0.1              0.1              0.1              0.1              0.1

================================================================================
 라운드별 시간 측정 결과 (초)
================================================================================
          cli 0 train  cli 1 train  cli 2 train  cli 3 train  cli 4 train  cli 5 train  cli 6 train  cli 7 train  cli 8 train  cli 9 train  agg time  cli eval time  global eval time  total time
Round 1      5.767757     5.547106    14.096401    10.130728    18.620697     9.278273    14.869939     6.217799    13.091116          0.1  0.475245              0          3.073791    3.549330
Round 2      6.379550     8.915793     8.071314    15.085403    14.027909     5.839824    13.548582     4.084675     8.147619          0.1  0.281148              0          4.502892    4.784460
Round 3      6.250641     8.919567    14.161076    15.125319    18.613447     5.182096    12.047627     4.137131    12.211127          0.1  0.403364              0          2.635910    3.039667
Round 4      6.389930     9.192496     8.964747    15.488423    17.578800     5.656160    14.591999     6.570225    13.544214          0.1  0.255360              0          4.515108    4.770869
Round 5      6.349778     5.888716     6.919688    15.892109    18.724996     5.970141    12.979844     4.811458     8.747776          0.1  0.235835              0          2.596068    2.832132
Round 6     10.268949     5.626560     9.223360     9.992136    18.873868     9.233802    18.122167     4.373641    12.395016          0.1  0.268020              0          4.352885    4.621413
Round 7      6.236806     5.858248     9.638415    10.296124    12.855655     8.654724    12.889143     6.918695     8.713857          0.1  0.287665              0          2.606556    2.894616
Round 8      6.170116     8.125839    14.699508    15.965446    19.636119     6.213927    21.447353     3.855661    11.075218          0.1  0.251740              0          4.535045    4.787025
Round 9      4.725658     5.906039     9.620218    10.780533    12.458634     5.337547    14.021635     4.235300     8.806313          0.1  0.286232              0          2.719949    3.006487
Round 10     9.682703     9.556340    15.016049    13.901042    19.318947     9.080269    20.812558     3.829025    10.802642          0.1  0.242493              0          2.604102    2.846824
Round 11     6.307018     5.957369     9.460768    10.478983    12.267341     5.585224    13.566017     3.922967     7.812638          0.1  0.266812              0          2.598213    2.865474
Round 12     9.399342     9.238400    14.472404    14.100826    19.237335     8.779972    21.704404     6.622911    14.173673          0.1  0.260664              0          2.664511    2.925559
Round 13     6.477350     6.080809     9.184860     9.993204    12.232402     5.613446    13.654891     4.120029     8.479718          0.1  0.263226              0          3.613166    3.876659
Round 14    10.005962     8.945063    14.488594    15.836687    19.306187     8.940814    16.871013     6.919166    13.390968          0.1  0.262479              0          2.656079    2.918848
Round 15     5.855669     5.809013     9.406808     9.888575    12.525555     5.722225    14.066991     4.174551     6.288872          0.1  0.238176              0          4.614816    4.853385
Round 16     9.960724     9.820810    14.125770    15.413800    16.576097     8.392424    20.219883     6.604048    10.514568          0.1  0.251077              0          2.685434    2.936943
Round 17     6.344065     5.997875     8.893480     9.894656    12.201420     5.693944    13.698026     3.783392     8.912007          0.1  0.283068              0          2.862285    3.145758
Round 18    10.325560     9.150038    14.356138    15.986933    19.367578     8.695709    21.730167     5.888249    12.634194          0.1  0.268570              0          2.670177    2.939158
Round 19     6.540057     5.688574     9.392755    10.106542    12.102027     5.803303    13.205851     3.798462     9.112703          0.1  0.278467              0          2.786045    3.064914
Round 20    10.316449     9.307600    14.507638    15.231694    18.164449     9.181705    15.027877     6.763979    13.276455          0.1  0.237624              0          2.974751    3.212651
Round 21     6.201656     5.459969     9.425152    10.300124    12.305796     5.823366    12.882269     4.158750     8.861488          0.1  0.307097              0          2.672062    2.979573
Round 22     9.762821     9.160825    14.282697     9.909821    19.691109     9.197536    21.613805     6.410935    13.663758          0.1  0.276119              0          2.608134    2.884487
Round 23     6.396694     5.838131     9.387470     9.949892    12.630376     5.647516    11.835073     3.963109     8.722463          0.1  0.306359              0          4.683661    4.990407
Round 24     8.104752     5.318147    14.032357    12.361890    19.719071     8.712027    21.678583     6.908179    12.901842          0.1  0.266828              0          2.723177    2.990448
Round 25     6.386762     8.678584     9.505720    10.137497    12.536229     8.395000    14.062205     3.831998     8.917062          0.1  0.252798              0          4.469741    4.722942
Round 26     8.061436     9.295553    13.766378    15.890532    19.262746     8.946204    10.981673     6.321064    11.601686          0.1  0.237345              0          2.662316    2.899865
Round 27     9.658226     5.994872     9.116363     9.817400    12.629794     7.038908    16.642892     6.846771    13.637686          0.1  0.266639              0          4.394599    4.661522
Round 28     4.864143     8.877964    14.428989     9.899995    18.755255     5.985721    16.295692     6.364616    10.458491          0.1  0.282068              0          2.745533    3.028026
Round 29     6.247377     5.909612    14.720685     9.996413    16.455228     5.686847    16.522759     3.721008     8.692432          0.1  0.234331              0          4.773945    5.008505
Round 30     6.266661     5.527759    12.633533    15.753456    12.326736     5.608067    21.730200     5.312658     8.942647          0.1  0.262338              0          2.787482    3.050208
Round 31     9.861682     5.961854     9.340266    13.079386    12.211930     9.030703    15.197738     4.086134    11.223284          0.1  0.259186              0          4.507074    4.766783
Round 32     9.414176     5.906371    12.885337     8.906160    18.318890     6.720907    13.573541     4.056370     9.349924          0.1  0.247507              0          2.716416    2.964306
Round 33     8.210702     8.654094    13.827790    10.272967    17.186713     5.954058    13.923124     6.468049     8.075641          0.1  0.280564              0          4.445850    4.726845
Round 34     6.425189     5.644620    10.771989     7.414659    17.331772     8.787816    13.792619     5.551912    10.647437          0.1  0.246367              0          2.671303    2.918053
Round 35     6.302488     5.904109    12.780895     9.772693    15.757889     5.496042    19.707140     4.407832    13.779027          0.1  0.280878              0          4.312791    4.593947
Round 36     7.701236     6.405447     9.400333    10.431600    18.832847     9.055209    13.912858     6.615948     8.368869          0.1  0.279718              0          2.822048    3.102188
Round 37     9.772609     9.043133    13.280058    10.306154    15.606902     8.182907    14.070688     6.458673     8.646517          0.1  0.257738              0          4.114669    4.372710
Round 38     6.191468     8.661052     9.272295    13.912927    13.086653     5.745194    20.170885     3.791290     9.892618          0.1  0.334328              0          2.578665    2.913408
Round 39     6.224703     7.557315     9.561199    13.955711    12.488420     8.929803    13.900790     6.598426    12.939826          0.1  0.255311              0          4.512658    4.768180
Round 40     6.364515     5.824992    10.255200    15.659724    11.410381     5.697392    18.524320     6.265808    12.750784          0.1  0.236616              0          2.835687    3.072537
Round 41     9.654656     9.572349    14.574147    10.217506    12.484982     9.348086    14.496627     6.814242     9.621738          0.1  0.247170              0          4.222600    4.470076
Round 42     6.404829     8.929565     9.563452    15.021110    17.615733     5.620361    13.928166     4.144194    11.973891          0.1  0.261274              0          2.793716    3.055403
Round 43     6.558424     9.070259    14.628808    15.460388    12.385163     8.511014    13.876613     4.469110     8.953519          0.1  0.285494              0          4.847671    5.133578
Round 44     9.215948     5.912312     9.198915    15.654471    18.875770     5.539344    15.869730     3.368351     9.136431          0.1  0.236916              0          2.606905    2.844045
Round 45     8.949731     9.544935    12.634064    12.427525    18.804517     5.748049    13.640669     3.901992     8.549212          0.1  0.263924              0          4.600089    4.864409
Round 46     6.116739     4.973028    13.772715    10.320302    12.533082     5.629159    21.526648     4.258139    12.302901          0.1  0.251463              0          2.632081    2.883809
Round 47     6.158746     9.184139    12.708235     9.980754    18.991485     5.789792    20.297745     5.096165     8.734153          0.1  0.271291              0          4.203963    4.475505
Round 48     5.463793     6.644444     9.574661    10.003699    17.616351     6.646173    14.149803     4.865408    13.489259          0.1  0.244636              0          2.584139    2.828978
Round 49     6.314656     5.977943     9.143620    16.333236    19.536650     8.555678    13.949168     5.677396     8.871874          0.1  0.305638              0          4.696545    5.002457
Round 50     6.484155     7.196493     9.436566    15.195294    18.975292     5.341578    12.020280     6.164407    11.104539          0.1  0.261924              0          2.663693    2.926009

총 시뮬레이션 시간: 183.77초

================================================================================
 시뮬레이션 파라미터
================================================================================
NUM_CLIENTS: 10
NUM_ROUNDS: 50
LOCAL_EPOCHS: 2
DIRICHLET_ALPHA: 0.5
MIN_SAMPLES_PER_CLASS: 100
RANDOM_SEED: 42
NUM_COMMITTEE_MEMBERS: 3
EWMA_BETA: 0.3
CONTRIBUTION_SCALING_FACTOR: 1.5
NUM_NOISE_ATTACKERS: 1
NUM_DATAF_ATTACKERS: 0
DATAF_POISON_LEVEL: 0
COMMITTEE_EVAL_SKIPPED: True
