================================================================================
 데이터 분할 현황
================================================================================
   Client  Num Samples  Class 0  Class 1  Class 2  Class 3  Class 4  Class 5  Class 6  Class 7  Class 8  Class 9
0       0         3646       38      954      675      142      340      355      264      416       43      419
1       1         3328      446       30      222      898      309      490       35      511      347       40
2       2         5833     1242       32      481      543      649      199       56      188     2324      119
3       3         6525      166     1805       31       57      494     1048      622     1562       89      651
4       4         8192      755      377      773      195     2162      885     2437      277      274       57
5       5         3207      107      237      894      186       42      327      340      379      356      339
6       6         9228       83      224     1242     1751       43      188      987     1405     1129     2176
7       7         2009       30      259      248      137       73      513       30      165      332      222
8       8         5471     1959      884      397      523      130      814      128       30       67      539
9       9         2561      174      198       37      568      758      181      101       67       39      438

================================================================================
 라운드별 글로벌 모델 정확도
================================================================================
Round	Accuracy
1	0.1628
2	0.3641
3	0.5489
4	0.6187
5	0.6683
6	0.6872
7	0.717
8	0.7267
9	0.74
10	0.7441
11	0.751
12	0.7563
13	0.7607
14	0.7574
15	0.7677
16	0.7654
17	0.767
18	0.7618
19	0.7657
20	0.7554
21	0.7683
22	0.7674
23	0.7685
24	0.7646
25	0.7514
26	0.764
27	0.758
28	0.7603
29	0.7581
30	0.7569


================================================================================
 라운드별 모델 합성 가중치
================================================================================
          client_0_weight  client_1_weight  client_2_weight  client_3_weight  client_4_weight  client_5_weight  client_6_weight  client_7_weight  client_8_weight  client_9_weight
Round 1               0.1              0.1              0.1              0.1              0.1              0.1              0.1              0.1              0.1              0.1
Round 2               0.1              0.1              0.1              0.1              0.1              0.1              0.1              0.1              0.1              0.1
Round 3               0.1              0.1              0.1              0.1              0.1              0.1              0.1              0.1              0.1              0.1
Round 4               0.1              0.1              0.1              0.1              0.1              0.1              0.1              0.1              0.1              0.1
Round 5               0.1              0.1              0.1              0.1              0.1              0.1              0.1              0.1              0.1              0.1
Round 6               0.1              0.1              0.1              0.1              0.1              0.1              0.1              0.1              0.1              0.1
Round 7               0.1              0.1              0.1              0.1              0.1              0.1              0.1              0.1              0.1              0.1
Round 8               0.1              0.1              0.1              0.1              0.1              0.1              0.1              0.1              0.1              0.1
Round 9               0.1              0.1              0.1              0.1              0.1              0.1              0.1              0.1              0.1              0.1
Round 10              0.1              0.1              0.1              0.1              0.1              0.1              0.1              0.1              0.1              0.1
Round 11              0.1              0.1              0.1              0.1              0.1              0.1              0.1              0.1              0.1              0.1
Round 12              0.1              0.1              0.1              0.1              0.1              0.1              0.1              0.1              0.1              0.1
Round 13              0.1              0.1              0.1              0.1              0.1              0.1              0.1              0.1              0.1              0.1
Round 14              0.1              0.1              0.1              0.1              0.1              0.1              0.1              0.1              0.1              0.1
Round 15              0.1              0.1              0.1              0.1              0.1              0.1              0.1              0.1              0.1              0.1
Round 16              0.1              0.1              0.1              0.1              0.1              0.1              0.1              0.1              0.1              0.1
Round 17              0.1              0.1              0.1              0.1              0.1              0.1              0.1              0.1              0.1              0.1
Round 18              0.1              0.1              0.1              0.1              0.1              0.1              0.1              0.1              0.1              0.1
Round 19              0.1              0.1              0.1              0.1              0.1              0.1              0.1              0.1              0.1              0.1
Round 20              0.1              0.1              0.1              0.1              0.1              0.1              0.1              0.1              0.1              0.1
Round 21              0.1              0.1              0.1              0.1              0.1              0.1              0.1              0.1              0.1              0.1
Round 22              0.1              0.1              0.1              0.1              0.1              0.1              0.1              0.1              0.1              0.1
Round 23              0.1              0.1              0.1              0.1              0.1              0.1              0.1              0.1              0.1              0.1
Round 24              0.1              0.1              0.1              0.1              0.1              0.1              0.1              0.1              0.1              0.1
Round 25              0.1              0.1              0.1              0.1              0.1              0.1              0.1              0.1              0.1              0.1
Round 26              0.1              0.1              0.1              0.1              0.1              0.1              0.1              0.1              0.1              0.1
Round 27              0.1              0.1              0.1              0.1              0.1              0.1              0.1              0.1              0.1              0.1
Round 28              0.1              0.1              0.1              0.1              0.1              0.1              0.1              0.1              0.1              0.1
Round 29              0.1              0.1              0.1              0.1              0.1              0.1              0.1              0.1              0.1              0.1
Round 30              0.1              0.1              0.1              0.1              0.1              0.1              0.1              0.1              0.1              0.1

================================================================================
 라운드별 시간 측정 결과 (초)
================================================================================
          cli 0 train  cli 1 train  cli 2 train  cli 3 train  cli 4 train  cli 5 train  cli 6 train  cli 7 train  cli 8 train  cli 9 train  agg time  cli eval time  global eval time  total time
Round 1      8.887160     4.486026    13.861940    15.147832    17.684825     7.821495    21.187301     3.752985    12.784734     6.745901  0.345501              0          3.437307    3.783237
Round 2      5.532420     5.160182     8.531239     9.461271     9.907287     4.959755    13.856187     3.325070     8.394022     4.049759  0.271603              0          2.603936    2.875964
Round 3      8.513913     7.902838    14.268757    15.256007    19.921520     8.104482    17.653707     4.968436    13.163400     6.648538  0.255625              0          2.447517    2.703376
Round 4      5.542771     5.481313     9.398775     9.765386    13.549383     5.102614    13.615481     3.068033     8.648622     4.171709  0.260866              0          4.413613    4.674742
Round 5      8.584738     8.227461    14.506581    16.335539    19.826902     5.294553    21.407890     5.372138     7.764635     6.516324  0.237603              0          2.448680    2.686523
Round 6      5.937163     7.763249     9.240666    10.095757    12.625405     5.241801    18.322875     3.190309     8.799874     3.406833  0.308135              0          3.913340    4.221864
Round 7      8.514606     8.951781    14.276723    10.603324    13.287030     7.574903    23.217680     4.781305     5.156403     6.419278  0.243078              0          2.528656    2.772112
Round 8      7.064215     8.553531     9.346272    10.466224    12.876698     5.143298    21.321546     3.267427    13.965063     4.138359  0.283830              0          4.416534    4.700806
Round 9      9.394124     5.483649     9.152167    11.268961    12.656301     3.597156    22.580963     3.387500    11.832123     6.808630  0.275465              0          2.553236    2.829158
Round 10     5.629822     5.092824    14.519569    11.399317    18.948371     4.694421    21.029132     3.252081    14.503898     4.009019  0.268086              0          4.071987    4.340361
Round 11     5.927638     6.561079    13.543399    10.859203    12.366029     7.987197    14.278660     3.196507     5.960349     4.165560  0.269149              0          2.562627    2.832172
Round 12     8.943999     8.748159    14.499636    11.839992    18.236221     8.539917    17.472571     5.420447    13.772569     6.126027  0.289176              0          3.893610    4.183191
Round 13     5.964524     3.647349     9.472131    10.430570    13.138406     5.734847    14.793941     3.190586     8.830515     3.734029  0.294520              0          2.534114    2.828844
Round 14     9.386323     4.954493    14.979552    16.449053    15.564365     7.661370    22.701073     5.728511    12.895768     4.521898  0.236253              0          3.101987    3.338467
Round 15     5.918777     5.403003     8.825776    10.324641    12.497757     5.338579    14.397928     3.482794     8.113765     4.205093  0.335809              0          2.564380    2.900694
Round 16     9.268548     7.892861    14.025634    16.022513    16.352088     7.508095    22.680461     5.511735    14.156022     6.846441  0.235149              0          2.528282    2.763691
Round 17     5.882363     5.277098     9.026219    10.180329    12.767659     5.168949    13.857151     3.229622     8.443831     4.315345  0.241596              0          3.884902    4.126726
Round 18     9.596908     7.573234     8.341366    16.040715    20.574196     7.849409    21.268726     5.443205    13.144331     6.738450  0.260281              0          2.464052    2.724660
Round 19     6.710961     5.230085     9.501656    10.137481    12.756039     5.061475    14.681342     3.085474     8.295321     4.104453  0.278900              0          4.216476    4.495756
Round 20     9.239877     4.526412    14.672732    16.284191    19.085300     8.290208    19.949202     2.949627    13.728032     3.977592  0.277513              0          2.610450    2.888351
Round 21     5.179053     5.442443     9.434358    10.403962    18.146678     4.894653    14.981476     3.232933    14.222254     5.142187  0.246022              0          4.121622    4.367931
Round 22     9.064248     8.505550    14.450714    15.896664     8.469637     7.312115    14.487787     5.695580     9.407137     4.239746  0.272167              0          2.512531    2.785080
Round 23     9.119932     5.470253     8.876076    14.821186    12.751146     8.465377    18.784270     3.178694     8.703394     6.861841  0.241350              0          4.133799    4.375367
Round 24     9.603522     5.259921     8.973063    15.122353    20.371773     5.221406    15.441076     3.536885     6.543673     4.179083  0.266198              0          2.460109    2.726723
Round 25     9.446424     8.058378    14.542945    14.020966    20.290339     5.952973    13.525443     5.184275     8.811563     6.801922  0.282282              0          4.144853    4.427534
Round 26     6.042319     5.444638    11.404744    10.318526    12.816464     5.271100    13.606572     3.323366    10.877565     4.167436  0.259466              0          2.555527    2.815382
Round 27     9.183317     8.320735    14.023259    16.266304    16.674694     6.830457    21.520882     3.319088    12.801481     6.852374  0.289730              0          3.622226    3.912184
Round 28     5.705620     5.267369     9.330414    10.681235    12.733932     5.370342    13.840628     3.355232     6.205839     3.834632  0.298219              0          2.558300    2.856904
Round 29     8.959004     8.667763    14.305232    11.688241    19.656186     8.315103    22.136711     5.663910    13.304376     5.819165  0.270923              0          2.828546    3.099875
Round 30     5.863629     5.027411     9.023596    10.307412    12.662007     5.307743    14.358802     3.063391     8.601080     4.080255  0.273516              0          4.569831    4.843570

총 시뮬레이션 시간: 104.88초

================================================================================
 시뮬레이션 파라미터
================================================================================
NUM_CLIENTS: 10
NUM_ROUNDS: 30
LOCAL_EPOCHS: 2
DIRICHLET_ALPHA: 0.5
MIN_SAMPLES_PER_CLASS: 30
RANDOM_SEED: 42
NUM_COMMITTEE_MEMBERS: 3
EWMA_BETA: 0.9
NUM_NOISE_ATTACKERS: 0
NUM_DATAF_ATTACKERS: 3
DATAF_POISON_LEVEL: 3
COMMITTEE_EVAL_SKIPPED: True
