================================================================================
 데이터 분할 현황
================================================================================
   Client  Num Samples  Class 0  Class 1  Class 2  Class 3  Class 4  Class 5  Class 6  Class 7  Class 8  Class 9
0       0         3646       38      954      675      142      340      355      264      416       43      419
1       1         3328      446       30      222      898      309      490       35      511      347       40
2       2         5833     1242       32      481      543      649      199       56      188     2324      119
3       3         6525      166     1805       31       57      494     1048      622     1562       89      651
4       4         8192      755      377      773      195     2162      885     2437      277      274       57
5       5         3207      107      237      894      186       42      327      340      379      356      339
6       6         9228       83      224     1242     1751       43      188      987     1405     1129     2176
7       7         2009       30      259      248      137       73      513       30      165      332      222
8       8         5471     1959      884      397      523      130      814      128       30       67      539
9       9         2561      174      198       37      568      758      181      101       67       39      438

================================================================================
 라운드별 글로벌 모델 정확도
================================================================================
       Overall_Accuracy  Poisoned_Acc([1,5,8])
Round                                         
1                0.1201                 0.0000
2                0.3781                 0.2127
3                0.5399                 0.3167
4                0.5946                 0.4063
5                0.6671                 0.5677
6                0.7061                 0.6377
7                0.6940                 0.5807
8                0.7249                 0.6613
9                0.7415                 0.6960
10               0.7331                 0.6570
11               0.7432                 0.6890
12               0.7506                 0.6917
13               0.7621                 0.7463
14               0.7511                 0.6573
15               0.7659                 0.7337
16               0.7616                 0.7210
17               0.7620                 0.7147
18               0.7589                 0.6897
19               0.7630                 0.7220
20               0.7587                 0.7280
21               0.7648                 0.7367
22               0.7645                 0.7183
23               0.7562                 0.7090
24               0.7605                 0.7127
25               0.7565                 0.6870
26               0.7569                 0.6927
27               0.7485                 0.6797
28               0.7694                 0.7497
29               0.7568                 0.6927
30               0.7600                 0.7137
31               0.7609                 0.7203
32               0.7608                 0.7110
33               0.7560                 0.7067
34               0.7577                 0.6897
35               0.7516                 0.6883
36               0.7638                 0.7197
37               0.7485                 0.6617
38               0.7626                 0.7160
39               0.7559                 0.6927
40               0.7564                 0.6973
41               0.7651                 0.7287
42               0.7554                 0.7057
43               0.7591                 0.6967
44               0.7531                 0.6933
45               0.7559                 0.7027
46               0.7489                 0.6857
47               0.7485                 0.6770
48               0.7578                 0.7177
49               0.7533                 0.6950
50               0.7590                 0.7007
51               0.7556                 0.7070
52               0.7511                 0.6827
53               0.7490                 0.6750
54               0.7597                 0.7160
55               0.7521                 0.6887
56               0.7577                 0.7030
57               0.7553                 0.7013
58               0.7534                 0.6720
59               0.7572                 0.7050
60               0.7435                 0.6593
61               0.7550                 0.7037
62               0.7518                 0.6963
63               0.7476                 0.6783
64               0.7502                 0.6880
65               0.7479                 0.6847
66               0.7593                 0.7063
67               0.7536                 0.6923
68               0.7585                 0.6920
69               0.7563                 0.7143
70               0.7457                 0.6677
71               0.7482                 0.6717
72               0.7503                 0.6810
73               0.7631                 0.7247
74               0.7394                 0.6327
75               0.7602                 0.7077
76               0.7467                 0.6593
77               0.7644                 0.7243
78               0.7451                 0.6553
79               0.7566                 0.6930
80               0.7468                 0.6623
81               0.7580                 0.7060
82               0.7562                 0.7113
83               0.7535                 0.6953
84               0.7462                 0.6660
85               0.7465                 0.6663
86               0.7446                 0.6590
87               0.7467                 0.6737
88               0.7578                 0.7133
89               0.7447                 0.6677
90               0.7432                 0.6580
91               0.7527                 0.6937
92               0.7530                 0.6963
93               0.7506                 0.6910
94               0.7548                 0.7067
95               0.7456                 0.6710
96               0.7571                 0.7210
97               0.7376                 0.6333
98               0.7508                 0.6823
99               0.7346                 0.6337
100              0.7552                 0.7040

================================================================================
 라운드별 모델 합성 가중치
================================================================================
           client_0_weight  client_1_weight  client_2_weight  client_3_weight  client_4_weight  client_5_weight  client_6_weight  client_7_weight  client_8_weight  client_9_weight
Round 1           0.121246         0.113583         0.110990         0.134952         0.132780         0.099218         0.136495         0.036251         0.055103         0.059382
Round 2           0.121192         0.097225         0.107394         0.143565         0.131788         0.114828         0.141278         0.036936         0.051743         0.054051
Round 3           0.117021         0.106615         0.115851         0.136440         0.125100         0.121686         0.107741         0.042565         0.058971         0.068009
Round 4           0.104004         0.095127         0.116235         0.128466         0.130439         0.125089         0.108056         0.057519         0.069159         0.065906
Round 5           0.113097         0.104617         0.109731         0.124849         0.120678         0.125355         0.112669         0.056910         0.063950         0.068145
Round 6           0.101000         0.110648         0.112956         0.117775         0.122215         0.123947         0.118850         0.059213         0.063748         0.069648
Round 7           0.113059         0.104634         0.106386         0.125080         0.117731         0.120303         0.117171         0.060164         0.068284         0.067187
Round 8           0.111672         0.109336         0.115521         0.122854         0.115320         0.122028         0.107659         0.055414         0.070720         0.069476
Round 9           0.104398         0.117033         0.116518         0.120835         0.113487         0.127735         0.111386         0.054015         0.067786         0.066807
Round 10          0.114259         0.110579         0.121921         0.118539         0.111748         0.120515         0.109632         0.055553         0.065574         0.071679
Round 11          0.114550         0.102823         0.121954         0.117333         0.112761         0.122085         0.112222         0.059787         0.066772         0.069713
Round 12          0.119385         0.105099         0.109444         0.115244         0.117869         0.122367         0.112048         0.063236         0.064409         0.070900
Round 13          0.119944         0.110526         0.109373         0.115602         0.113698         0.123290         0.114786         0.059241         0.061270         0.072270
Round 14          0.124113         0.106921         0.106174         0.115966         0.117229         0.120056         0.112867         0.060507         0.063718         0.072449
Round 15          0.124644         0.108049         0.108371         0.114658         0.117986         0.124077         0.110154         0.062571         0.063467         0.066022
Round 16          0.124950         0.110089         0.110738         0.120581         0.112915         0.126768         0.108218         0.055646         0.062042         0.068054
Round 17          0.125599         0.118982         0.113236         0.118784         0.111381         0.121096         0.107730         0.054401         0.060785         0.068007
Round 18          0.129673         0.114213         0.111397         0.117080         0.114181         0.125611         0.109258         0.055318         0.059573         0.063696
Round 19          0.126132         0.119108         0.111872         0.114391         0.112862         0.126554         0.109107         0.057166         0.062365         0.060444
Round 20          0.125917         0.121805         0.109862         0.117039         0.111030         0.125862         0.110471         0.058466         0.062668         0.056881
Round 21          0.126273         0.117931         0.110695         0.116482         0.114086         0.125053         0.111836         0.055556         0.060509         0.061579
Round 22          0.127944         0.115751         0.111413         0.117972         0.110530         0.126484         0.113654         0.055225         0.061348         0.059680
Round 23          0.128372         0.119423         0.112599         0.116760         0.117190         0.127407         0.102084         0.056861         0.056430         0.062876
Round 24          0.126785         0.120644         0.113610         0.114188         0.113254         0.125490         0.107353         0.056271         0.058366         0.064037
Round 25          0.124557         0.121205         0.117261         0.115070         0.111167         0.125240         0.108414         0.056897         0.055923         0.064267
Round 26          0.126364         0.121731         0.110994         0.116652         0.115077         0.123353         0.110704         0.058339         0.051965         0.064823
Round 27          0.126113         0.121581         0.114181         0.112491         0.115448         0.123404         0.111618         0.054566         0.056219         0.064380
Round 28          0.127883         0.126780         0.106659         0.115992         0.116755         0.121194         0.101223         0.057081         0.055450         0.070982
Round 29          0.125904         0.122647         0.106796         0.116083         0.119832         0.121626         0.105730         0.057395         0.058505         0.065482
Round 30          0.122464         0.116549         0.112838         0.114611         0.119733         0.122794         0.109312         0.055895         0.057981         0.067822
Round 31          0.123454         0.121266         0.109652         0.115489         0.119623         0.123302         0.109662         0.051918         0.058961         0.066673
Round 32          0.121199         0.121858         0.112138         0.116680         0.118462         0.122651         0.111304         0.054017         0.057681         0.064009
Round 33          0.120506         0.121617         0.114108         0.110686         0.118848         0.123118         0.112805         0.055560         0.056364         0.066389
Round 34          0.120965         0.121749         0.113005         0.113554         0.118173         0.123644         0.105635         0.054653         0.061521         0.067100
Round 35          0.123899         0.124954         0.100335         0.118542         0.103179         0.127699         0.112563         0.059192         0.063027         0.066610
Round 36          0.124074         0.122177         0.106434         0.114385         0.111612         0.124245         0.111967         0.054647         0.059949         0.070509
Round 37          0.122647         0.117321         0.111272         0.114152         0.115319         0.122527         0.111000         0.054274         0.057541         0.073948
Round 38          0.123147         0.121258         0.105185         0.117304         0.116279         0.125144         0.105937         0.051933         0.062873         0.070940
Round 39          0.123904         0.121342         0.108289         0.110589         0.118626         0.120782         0.109220         0.050743         0.063667         0.072838
Round 40          0.122763         0.119212         0.110615         0.112493         0.118350         0.122930         0.110632         0.055253         0.061548         0.066204
Round 41          0.123996         0.121504         0.113954         0.114118         0.115905         0.123584         0.112361         0.045998         0.059882         0.068697
Round 42          0.125246         0.123888         0.104397         0.115456         0.118750         0.126421         0.115185         0.042081         0.059693         0.068884
Round 43          0.128362         0.124910         0.113754         0.120579         0.120368         0.114672         0.103383         0.045806         0.062541         0.065626
Round 44          0.126322         0.124841         0.115012         0.118462         0.119102         0.109742         0.110046         0.052381         0.064114         0.059978
Round 45          0.123220         0.124802         0.107915         0.118053         0.120648         0.118776         0.109855         0.054546         0.053457         0.068728
Round 46          0.123589         0.117058         0.109087         0.117644         0.119645         0.123185         0.111979         0.056965         0.054456         0.066392
Round 47          0.122026         0.117408         0.111301         0.115356         0.119080         0.123044         0.112894         0.057052         0.058619         0.063220
Round 48          0.122939         0.121250         0.103473         0.115775         0.117454         0.124121         0.111830         0.059205         0.057133         0.066820
Round 49          0.120041         0.120909         0.106768         0.115782         0.117028         0.123168         0.111638         0.053577         0.061681         0.069409
Round 50          0.121723         0.123010         0.112251         0.116554         0.114837         0.125181         0.111570         0.057279         0.052182         0.065414
Round 51          0.122305         0.118555         0.114289         0.115325         0.117996         0.124681         0.112761         0.054611         0.056983         0.062494
Round 52          0.120428         0.119994         0.113240         0.113298         0.115884         0.123674         0.111582         0.052155         0.060629         0.069116
Round 53          0.120619         0.116568         0.114617         0.113956         0.115010         0.123989         0.112070         0.055985         0.063260         0.063926
Round 54          0.121046         0.118498         0.114842         0.114985         0.117498         0.122258         0.105181         0.056455         0.064888         0.064347
Round 55          0.120229         0.119370         0.112071         0.113360         0.113558         0.120931         0.106683         0.058207         0.065087         0.070504
Round 56          0.119949         0.120209         0.103860         0.110749         0.116663         0.120991         0.107293         0.058541         0.065486         0.076259
Round 57          0.120027         0.118669         0.107493         0.111981         0.116057         0.120125         0.109044         0.057445         0.064940         0.074217
Round 58          0.123008         0.123777         0.114329         0.112289         0.119078         0.123607         0.090511         0.056265         0.064056         0.073079
Round 59          0.122547         0.123327         0.098707         0.114121         0.118704         0.123704         0.102018         0.057868         0.064788         0.074217
Round 60          0.120584         0.121235         0.105276         0.113243         0.117833         0.120750         0.106109         0.058984         0.064553         0.071433
Round 61          0.121410         0.120394         0.109268         0.114506         0.116192         0.121596         0.109720         0.052361         0.066418         0.068134
Round 62          0.120589         0.120864         0.110306         0.113248         0.116629         0.121184         0.111288         0.053028         0.067295         0.065570
Round 63          0.119823         0.119879         0.111305         0.112196         0.115818         0.120783         0.109752         0.054140         0.066524         0.069779
Round 64          0.120017         0.119503         0.111944         0.109637         0.116711         0.121042         0.112169         0.054716         0.066984         0.067278
Round 65          0.119812         0.119453         0.112626         0.111803         0.116504         0.120998         0.111342         0.054918         0.067072         0.065472
Round 66          0.123375         0.124181         0.107137         0.117837         0.110617         0.125213         0.114460         0.052451         0.059410         0.065319
Round 67          0.120822         0.120401         0.108581         0.115616         0.114191         0.123346         0.112861         0.055173         0.061384         0.067626
Round 68          0.122762         0.122393         0.111804         0.118122         0.118538         0.123286         0.097095         0.049722         0.064373         0.071905
Round 69          0.122061         0.123886         0.116299         0.113058         0.118086         0.109250         0.106094         0.055401         0.067457         0.068409
Round 70          0.119958         0.121615         0.113457         0.114449         0.117276         0.114742         0.106785         0.055006         0.066006         0.070706
Round 71          0.119259         0.120262         0.111368         0.114016         0.116484         0.117279         0.108822         0.054605         0.066617         0.071288
Round 72          0.118338         0.119581         0.111343         0.114162         0.115036         0.117959         0.108309         0.058784         0.066702         0.069787
Round 73          0.121558         0.121421         0.097109         0.117323         0.118700         0.118604         0.099398         0.058996         0.068348         0.078543
Round 74          0.121192         0.121237         0.106005         0.117527         0.117439         0.116994         0.105816         0.058661         0.058649         0.076480
Round 75          0.119300         0.119443         0.109297         0.115140         0.116462         0.118013         0.108422         0.059173         0.063100         0.071650
Round 76          0.117740         0.118283         0.111177         0.115043         0.116390         0.117351         0.110681         0.056254         0.065348         0.071734
Round 77          0.116893         0.117479         0.111374         0.112392         0.113055         0.117057         0.110727         0.058361         0.068535         0.074127
Round 78          0.117807         0.117972         0.110414         0.113251         0.114694         0.117242         0.112236         0.056720         0.064963         0.074701
Round 79          0.118195         0.118078         0.112139         0.112800         0.115105         0.116726         0.112017         0.059702         0.066124         0.069115
Round 80          0.117307         0.118137         0.112381         0.113415         0.115412         0.117449         0.112301         0.057184         0.067386         0.069028
Round 81          0.116681         0.116984         0.111053         0.113439         0.115770         0.117058         0.111268         0.057137         0.069565         0.071046
Round 82          0.116663         0.116095         0.108743         0.113466         0.114077         0.110698         0.111300         0.059263         0.068337         0.081357
Round 83          0.117597         0.115423         0.107746         0.114311         0.114914         0.114353         0.111751         0.057092         0.069904         0.076908
Round 84          0.117525         0.115764         0.110291         0.113896         0.115095         0.116028         0.110636         0.058885         0.067410         0.074469
Round 85          0.116843         0.115775         0.110709         0.114072         0.114996         0.116411         0.110432         0.061470         0.066286         0.073005
Round 86          0.116656         0.115759         0.111133         0.114250         0.114879         0.116628         0.110868         0.060516         0.069320         0.069990
Round 87          0.116571         0.116735         0.109958         0.114415         0.113313         0.117182         0.112107         0.058835         0.069397         0.071488
Round 88          0.115084         0.114735         0.106476         0.113007         0.113056         0.115747         0.110733         0.060963         0.068969         0.081229
Round 89          0.116426         0.115956         0.108119         0.113742         0.114600         0.116514         0.111700         0.058189         0.066627         0.078127
Round 90          0.117096         0.115910         0.108028         0.114246         0.115732         0.117170         0.111748         0.061427         0.070065         0.068578
Round 91          0.117050         0.115553         0.108767         0.112909         0.116321         0.116801         0.109804         0.061861         0.069825         0.071108
Round 92          0.116336         0.115208         0.110339         0.113675         0.114884         0.116330         0.108590         0.059808         0.068999         0.075831
Round 93          0.119351         0.118690         0.113842         0.116803         0.118574         0.113330         0.112900         0.060321         0.057073         0.069116
Round 94          0.118840         0.113894         0.114259         0.114953         0.117621         0.115699         0.113661         0.052659         0.065605         0.072809
Round 95          0.118406         0.116416         0.111843         0.116147         0.118188         0.117383         0.110000         0.052248         0.065517         0.073853
Round 96          0.121041         0.119930         0.115455         0.119434         0.119893         0.086745         0.115344         0.057920         0.068123         0.076115
Round 97          0.119171         0.118440         0.112341         0.117175         0.118665         0.102684         0.114381         0.054864         0.068033         0.074245
Round 98          0.116642         0.117211         0.111481         0.116046         0.117592         0.109835         0.112420         0.058828         0.069488         0.070457
Round 99          0.117322         0.116897         0.113183         0.115926         0.117798         0.114023         0.113525         0.060430         0.057627         0.073268
Round 100         0.117407         0.116686         0.112894         0.115584         0.116348         0.112244         0.114235         0.054101         0.063951         0.076552

================================================================================
 라운드별 시간 측정 결과 (초)
================================================================================
           cli 0 train  cli 1 train  cli 2 train  cli 3 train  cli 4 train  cli 5 train  cli 6 train  cli 7 train  cli 8 train  cli 9 train  agg time  cli eval time  global eval time  total time
Round 1       9.525413     8.504116    14.280045    12.618051    20.075621     8.679014    21.668764     4.242647     9.996323     6.378196  0.423349      38.473369          4.549592   45.966950
Round 2       9.844231     6.903450    11.048640    11.326233    14.947324     8.743227    21.190689     5.596410    13.883388     7.317286  0.364784      36.177198          4.368902   43.814801
Round 3      10.033763     9.277749    15.632836    17.314326    17.039739     9.573059    16.683969     5.109876    10.924147     5.917755  0.373018      42.534429          2.541007   48.049042
Round 4      10.371160     9.729642     8.673653    17.692067    22.474132     8.874471    24.433735     5.749130    14.820584     7.624468  0.354159      45.145309          2.817328   50.462419
Round 5       9.680663     9.277239    14.906662    17.338165    21.850152     9.171271    24.910661     5.809730    14.106900     7.622393  0.351122      41.047762          4.668224   48.682773
Round 6       7.543977     5.429121    16.748747    18.225865    22.816776     8.931326    25.491241     3.299770    10.482085     7.264977  0.353332      39.750647          4.808892   47.697371
Round 7      10.231000     9.861960    12.337572    17.553070    22.781683     8.013223    20.678446     6.082022    12.177564     7.511060  0.368043      41.336368          4.486128   48.879950
Round 8      10.544121     7.451522    16.689687    18.892427    17.650669     5.350168    26.000647     3.791987    10.978091     3.938518  0.355084      40.496306          4.803914   48.340533
Round 9       9.876794     9.522005    10.463212    17.493889    22.979881     8.803062    25.379793     6.016078    10.198373     3.851784  0.346876      45.021232          2.660557   50.248372
Round 10      8.961500     9.646968    15.714094    17.818056    22.586566     9.468184    24.820955     5.947156    13.666261     7.505451  0.350257      42.198833          4.017339   48.795162
Round 11      6.562611     5.803453    16.548447    18.268469    21.857960     6.475650    25.424054     6.296901    14.376391     3.921766  0.360398      41.358999          4.776016   49.132152
Round 12     10.637170     5.345238    16.665395    17.321586    20.302390     5.769826    22.295141     3.136014    15.136366     5.305285  0.361262      39.821664          4.619613   47.483256
Round 13      6.679457     7.511376    16.645980    13.845591    16.621050     7.300304    24.050099     5.706892    11.059573     7.781079  0.367082      41.383725          3.320361   47.767734
Round 14     10.482604     9.909519    13.645498    18.276671    22.595227     8.891768    17.154309     6.213000    15.287485     7.468192  0.349078      44.190569          3.924521   50.730765
Round 15      7.347194     9.451865    16.895069    14.174138    23.079817     5.554124    24.899925     5.852895    15.485433     7.897202  0.357147      41.633605          4.517958   49.203488
Round 16     10.605052     8.603064    15.806587    13.375289    16.281295     9.562919    25.412900     6.122967    12.674950     7.254189  0.409096      42.567123          4.754492   50.396436
Round 17     10.725767     9.936236    16.600738    18.429168    15.506352     9.396485    19.299988     5.786074    14.946700     6.503998  0.353408      42.440329          4.740294   50.299114
Round 18     10.743671     5.652111    16.285155    18.329183    17.043962     5.346590    21.419659     6.331510    12.498874     7.752771  0.364531      38.949699          4.815346   46.908760
Round 19      5.893543     5.443094    16.365766    14.095304    21.437787     6.725046    21.510929     6.146303    15.708707     5.574853  0.401946      41.916242          3.048925   48.096137
Round 20      8.272362     9.202999     9.821980    14.539855    23.045898     9.389121    26.142641     5.755842    15.091114     7.343110  0.355594      43.111386          4.501745   50.210471
Round 21     10.724468     9.893444     9.592060    18.484444    22.799457     9.216533    25.042136     6.069612     9.181623     7.861405  0.358930      41.127281          5.025198   49.183900
Round 22     10.315575     7.688477    14.472769    14.250060    15.694679     9.334395    20.948071     5.659452    10.132975     8.024638  0.356713      42.340084          4.742701   50.162200
Round 23     10.526555     9.563376    15.842731    16.575457    17.545654     9.652172    18.860522     5.509848    10.554955     7.309112  0.353354      39.708857          4.810523   47.619059
Round 24     10.350931     9.983197    16.434092    18.339623    17.007411     9.633702    16.958338     6.112944    15.536817     7.289725  0.375328      45.291385          2.788633   50.719449
Round 25      5.224900     9.248258    16.666141    18.670277    22.734354     9.504195    26.137630     5.408848    15.626546     7.764196  0.366941      44.469956          4.115733   51.207588
Round 26     11.014058    10.055258    16.005255    14.276843    20.765103     9.253973    20.792252     5.782795    15.838995     7.590454  0.356806      40.268491          4.747634   48.211147
Round 27      6.187500     8.321585    16.686466    15.503191    22.925172     9.672873    18.056425     5.638830    15.955061     7.424024  0.362568      38.318176          5.064518   46.667679
Round 28     10.852311     9.582445    16.040227    17.309213    16.084661     9.422861    19.260244     4.325307    15.020294     7.403666  0.405329      40.894320          4.897287   48.858255
Round 29      6.517053     4.835356    16.721226    18.617403    18.626508     9.039840    25.527073     5.934859    13.986981     7.725947  0.440511      45.041521          3.498290   51.080832
Round 30     11.132895    10.196084    16.209052    18.376187    22.899172     6.576298    25.416024     6.092789    12.163728     7.210215  0.355239      41.353194          4.487573   49.075101
Round 31     10.895870     7.345767    14.138024    18.059814    23.321035     9.081712    17.914881     5.257071    10.235708     7.801466  0.355399      41.437867          5.083292   49.619688
Round 32     10.577139     8.125850    14.757053    17.638928    16.496210     8.947186    19.650416     6.111885    15.301898     7.633825  0.385321      39.561151          4.581109   47.263617
Round 33     10.748694     9.921408    12.193338    18.406016    16.583115     9.236661    23.107316     5.768819    13.818024     7.479817  0.341059      44.542854          3.066156   50.811077
Round 34     10.569143    10.137017    16.626644    18.606656    22.836720     9.008362    20.251788     6.155524    13.096896     7.038086  0.416706      44.998746          3.428759   51.119929
Round 35      5.572470     9.723444    16.051922    18.405639    19.107552     9.627383    23.305658     6.391880    15.991895     7.113915  0.344625      40.580733          4.674786   48.389057
Round 36      7.121292     8.865254    10.621482    16.109915    20.295888     8.798203    20.557767     6.018296    14.575315     7.477053  0.348540      40.543969          4.723493   48.392237
Round 37      5.999041     9.311172    17.125771    18.987152    23.273009     9.011050    20.643905     4.692044    11.738223     5.105244  0.356782      40.362845          4.849209   48.402464
Round 38     10.307868     9.261679    16.321738    10.490220    22.955480     9.110059    22.814111     6.111599    10.797995     7.780599  0.382735      45.523941          2.575920   50.618638
Round 39     10.674441     8.776054    15.933210    17.281265    21.156424     9.668311    23.482326     6.038914    15.173742     7.323817  0.349548      40.535003          4.867419   48.475488
Round 40      8.287088     5.814776    12.282113    19.008649    23.585986     7.018732    17.754674     6.332492    15.691394     5.228042  0.350537      41.615525          4.970176   49.746382
Round 41      7.664647     7.568728    13.204484    11.173069    21.921061     9.206064    25.689326     3.774667    15.304940     7.426782  0.350537      39.807170          4.815315   47.858961
Round 42      9.546347     9.365240    11.762110    13.180890    23.524329     5.690723    25.704318     6.132522    10.394324     7.397956  0.346599      42.922071          2.657000   48.744582
Round 43     10.006288     9.885088     9.347567    16.536324    23.319686     9.945190    25.822455     5.476310    15.250828     7.739769  0.362416      44.360528          4.363464   51.497769
Round 44     10.523668     9.996729    16.293085    14.400138    23.251120     5.416176    26.241214     6.527529    14.988570     8.148150  0.413274      41.646981          4.515502   49.402202
Round 45      9.775724     8.185316    16.434763    14.938145    22.959906     5.631484    22.602153     5.848453    13.413205     7.755406  0.384496      39.436144          4.820967   47.583097
Round 46      7.954605     6.449549    10.889889    17.896866    18.903228     7.284784    21.822409     4.350976    15.670314     5.506066  0.375060      42.448685          4.635334   50.238038
Round 47     10.880502     9.296062    10.102715    18.126529    22.637312     5.933542    22.387687     3.366347    15.093512     7.475284  0.352490      44.755810          2.608732   50.044782
Round 48     10.372477     9.983694    16.405792    11.307197    23.054930     9.614105    25.482075     6.403759    15.824589     6.897369  0.398765      45.823436          3.934986   52.342415
Round 49     10.134660     8.352029    16.760496    18.854033    22.342462     9.640712    23.618666     6.113514    15.259143     5.911813  0.430053      41.505306          4.755759   49.498377
Round 50      6.894679     9.570573    12.691145    17.315771    22.591263     6.579318    23.465224     3.178158    16.177800     4.413411  0.381059      40.841983          4.532041   48.686835
Round 51      6.914480     9.801771    10.291645    17.768619    19.330338     9.257870    20.937196     5.684654    15.947883     7.390423  0.367640      41.336543          5.185483   49.816331
Round 52      8.294842     6.431579    13.060328    17.823857    16.969616     9.552918    21.806185     6.113420    15.961563     5.091980  0.356868      42.548444          4.852381   50.557979
Round 53     10.578879     9.533267    10.010315    12.756190    18.291448     9.134481    24.356837     4.228661    15.319010     7.464905  0.359220      42.620973          4.808726   50.561681
Round 54     10.385587     7.659678    10.606855    18.206416    23.635624     9.435477    26.245865     5.377379    12.575876     4.405687  0.386369      43.753994          2.642957   48.955987
Round 55     10.598520     6.252762    16.582009    18.169609    22.544420     8.395282    25.603016     5.628247    15.775804     7.606904  0.364585      43.501888          4.469179   50.853584
Round 56     10.493643     5.850137    10.502304    18.164871    23.344135     8.662201    26.725486     6.188761    13.662505     6.039328  0.336818      28.482127          2.344620   33.107084
Round 57      4.902530     4.661981     8.115998     8.818098     9.745800     4.652088    12.513334     2.983342     7.869595     3.591226  0.342196      23.693001          2.361107   28.495677
Round 58      4.933384     4.615509     8.034205     9.540888    11.375862     4.428565    11.954599     2.399675     7.462105     1.863446  0.343032      23.512106          2.332012   28.148013
Round 59      5.410227     4.387473     7.216823     8.938184    11.194155     4.333689    11.945237     2.968038     8.491060     3.279274  0.341202      24.003107          2.385865   28.677287
Round 60      4.480307     2.568407     8.178345     9.107369    10.421985     4.251891    13.346736     2.246779     7.758594     3.646390  0.341393      23.813637          2.327946   28.435871
Round 61      4.947117     4.737273     7.197809     8.910099    11.300301     4.745624    11.301985     2.656520     7.941704     3.668527  0.338614      23.670457          2.368924   28.331599
Round 62      4.187681     4.570450     7.587811     9.067168    10.216544     4.916737    13.260504     2.812635     7.573819     3.474115  0.335852      23.833447          2.363242   28.488710
Round 63      5.477220     4.430915     7.760451     9.052840    10.563193     3.712685    12.571585     2.683531     7.487503     3.503110  0.343043      23.801288          2.362548   28.489474
Round 64      4.557676     4.497177     8.398029     9.149680    10.715530     4.543888    12.188551     2.817774     7.227042     3.839454  0.341556      23.931019          2.331577   28.561173
Round 65      4.504478     4.169630     7.786071     6.678149    10.988868     4.369970    12.679522     2.899776     7.232972     3.668091  0.340568      23.832198          2.428549   28.601341
Round 66      4.281784     4.604781     7.715933     8.556818    10.898387     4.117912     7.187228     3.070317     8.241869     3.734876  0.359122      23.823233          2.358830   28.510179
Round 67      5.212449     4.604242     7.528943     8.538173    11.375019     4.575652    12.395471     2.728642     7.479769     3.487095  0.342614      23.954210          2.370166   28.624677
Round 68      4.528004     4.608798     8.326672     8.964691    11.215188     4.501936    12.477696     2.489246     6.725654     4.137602  0.341648      23.734392          2.383897   28.563223
Round 69      3.807181     4.359509     7.670628     8.632481    11.719831     4.060009    12.304332     3.065502     7.914427     4.244007  0.338141      24.008195          2.324607   28.723490
Round 70      5.243848     4.695910     8.437221     7.908961    11.190911     4.121348    12.326109     2.857747     7.365692     3.700724  0.336369      23.978615          2.422166   28.721216
Round 71      4.816391     3.610609     8.764444     9.118532    11.203614     4.061400    11.860840     3.123996     7.565459     3.555651  0.333307      23.730987          2.337046   28.391527
Round 72      4.759996     4.425666     6.587583     8.375529    10.628531     4.350877    12.681109     2.866549     8.299455     3.587731  0.339398      23.614746          2.323412   28.312934
Round 73      5.241963     4.531363     7.943727     8.608622    10.908983     5.074401    11.896336     2.326734     7.572182     3.453846  0.335685      23.901760          2.335325   28.615528
Round 74      4.348664     2.900645     6.943305     9.131983    10.582526     4.876601    13.773767     3.277219     7.572897     3.072765  0.338711      23.481931          2.327737   28.109100
Round 75      4.667707     4.863899     7.548505     8.527867    12.268729     4.356409     9.816732     3.319452     6.777049     3.670641  0.336978      23.645269          2.341861   28.281781
Round 76      4.797369     4.595644     8.481489     8.830532     9.384483     4.349472    12.159130     3.037009     7.464900     3.080454  0.371410      23.516250          2.336709   28.181534
Round 77      5.078424     4.437066     7.924922     9.466956    11.185731     3.998220    12.640391     2.722210     7.516414     3.987864  0.411157      23.987617          2.331321   28.714409
Round 78      4.914813     5.166080     8.494729     9.467095    11.017228     4.453664    12.057256     3.083350     6.842249     3.923171  0.341744      23.611097          2.333653   28.381529
Round 79      4.247795     4.374545     8.437691     8.555845    11.342483     4.458851    11.917709     3.026520     8.222314     4.037513  0.340361      23.602519          2.339008   28.292741
Round 80      4.653943     4.647380     7.195431     9.380033    10.709344     4.656403    11.816877     2.878386     7.580787     3.319086  0.351454      23.687692          2.359303   28.355250
Round 81      4.886880     4.631479     7.391648     8.986622    10.001474     4.781842    12.704877     2.935575     7.882896     3.995241  0.340050      23.875047          2.421891   28.638798
Round 82      5.064996     5.175210     7.169465     6.597236    10.904968     4.652209    11.047259     2.434056     7.905099     3.809316  0.335882      23.891707          2.334003   28.616079
Round 83      5.204350     4.591895     8.219945     8.633043    10.253324     4.784597    12.458201     2.891777     5.233619     3.665009  0.335958      23.655848          2.331213   28.435520
Round 84      3.280602     4.663571     7.234799     8.484133    11.944062     4.418587    12.063138     2.649040     8.212713     3.503820  0.332138      23.584405          2.331200   28.321870
Round 85      4.701020     4.734301     7.694631     8.680656    11.294091     4.247703    12.069619     2.884479     7.027039     3.879755  0.338312      24.054173          2.332318   28.693284
Round 86      3.661515     4.691621     7.575679     9.066009    11.764167     4.344769    12.103095     2.667709     7.922302     3.358012  0.357089      23.988752          2.427364   28.806405
Round 87      4.828103     4.354461     7.923797     8.838521    11.629355     3.916487    12.419201     1.538660     7.650197     3.920478  0.337345      23.796625          2.329929   28.442570
Round 88      4.563293     4.900671     7.889616     8.793422    11.157114     4.879985     9.191847     2.851142     7.255867     3.222079  0.345583      23.961849          2.347261   28.692522
Round 89      4.839187     4.571426     7.660048     9.247193    10.795533     4.562333    12.365543     2.695024     7.784030     3.855390  0.341021      24.050353          2.348422   28.697071
Round 90      4.937417     4.508675     7.725827     8.520767     8.812390     4.148871    12.521821     2.887026     7.225212     3.442209  0.345863      23.752694          2.355703   28.490935
Round 91      5.082706     4.387970     8.535164     8.342829    11.126911     4.026558    13.707550     3.119012     7.364417     3.240591  0.339601      23.882060          2.343223   28.672877
Round 92      4.754557     5.268372     7.817387     8.352079    10.857998     3.955235    12.766487     2.863094     7.115861     3.627721  0.340564      23.846460          2.371391   28.603881
Round 93      4.347120     3.948580     7.797615     9.636897    11.049987     4.819374    12.360914     2.876501     6.967648     3.414757  0.342202      23.722457          2.326881   28.349022
Round 94      5.062575     4.137184     7.200231     8.014593     8.402437     4.390953    13.566471     2.954431     7.661114     3.600122  0.345023      23.768032          2.344380   28.487515
Round 95      5.555016     4.373739     7.705685     9.281085    10.609851     4.385463    12.442589     2.955378     7.258382     4.075027  0.346487      23.623564          2.414021   28.366773
Round 96      4.682949     4.769330     7.666674     8.449910    11.465330     4.133861    11.288953     3.135113     8.256335     3.713649  0.336381      23.704100          2.368498   28.488620
Round 97      5.236772     4.337128     8.359194     9.001569    10.787853     3.465407    12.307168     2.845703     7.093961     3.552110  0.337955      23.845916          2.472975   28.639343
Round 98      5.141181     4.804963     7.436071     8.778002     7.853458     3.971048    12.439663     2.532408     7.777422     3.348809  0.342283      23.602398          2.327124   28.284702
Round 99      5.412056     4.542987     7.956283     9.419583    11.120469     4.353160    10.953754     2.962184     7.054206     3.596615  0.340576      23.865446          2.323379   28.474426
Round 100     5.377962     4.601598     7.918696     9.247648    10.136151     4.608325    12.170649     2.805137     6.909654     3.255953  0.338541      23.904569          2.407946   28.657752

총 시뮬레이션 시간: 3990.41초

================================================================================
 시뮬레이션 파라미터
================================================================================
NUM_CLIENTS: 10
NUM_ROUNDS: 100
LOCAL_EPOCHS: 2
DIRICHLET_ALPHA: 0.5
MIN_SAMPLES_PER_CLASS: 30
RANDOM_SEED: 42
NUM_COMMITTEE_MEMBERS: 3
EWMA_BETA: 0.5
CONTRIBUTION_SCALING_FACTOR: 1.3
NUM_NOISE_ATTACKERS: 0
NUM_DATAF_ATTACKERS: 3
DATAF_POISON_LEVEL: 3
COMMITTEE_EVAL_SKIPPED: False
